0.2
3.2006093533709645e-05 -5.0 0.5 1.0 
3.7660542147932574e-05 -5.5 0.5 1.5 
2.8995227694394998e-05 -5.5 0.5 1.0 
3.357924651936628e-05 -5.0 0.5 2.0 
3.541998376022093e-05 -5.5 0.5 2.0 
3.689556979225017e-05 -5.0 0.5 1.5 
5.728452015318908e-05 -5.5 1.0 0.5 
2.467560625518672e-05 -4.0 1.0 0.5 
7.636244117747992e-05 -4.5 1.0 0.5 
6.333637429634109e-05 -6.0 1.0 1.0 
9.241596126230434e-05 -5.0 1.0 0.5 
2.6613843147060834e-05 -4.5 1.0 0.0 
0.0001735305559122935 -5.0 1.0 1.0 
2.1967378415865824e-05 -4.0 1.0 1.0 
0.00011216088751098141 -4.5 1.0 1.0 
0.00018958906002808362 -5.5 1.0 1.5 
0.0001159383391495794 -4.5 1.0 1.5 
0.00019423225603532046 -5.0 1.0 1.5 
8.15240346128121e-05 -6.0 1.0 1.5 
7.547779387095943e-05 -6.0 1.0 2.0 
8.866344433045015e-05 -4.5 1.0 2.0 
0.0001795350544853136 -5.0 1.0 2.0 
0.00018043322779703885 -5.5 1.0 2.0 
0.00011337676551192999 -5.0 1.0 2.5 
0.00011545461893547326 -5.5 1.0 2.5 
3.8986894651316106e-05 -6.0 1.0 2.5 
3.568022293620743e-05 -5.0 1.0 3.0 
2.919070357165765e-05 -5.5 1.0 3.0 
3.0941526347305626e-05 -4.0 1.5 -0.5 
2.568528725532815e-05 -4.5 1.5 -0.5 
4.5487704483093694e-05 -4.5 1.0 2.5 
0.00015392759814858437 -5.5 1.0 1.0 
0.0001153930788859725 -5.0 1.5 0.0 
4.565836570691317e-05 -5.5 1.5 0.0 
8.336779137607664e-05 -4.0 1.5 0.0 
2.935562952188775e-05 -6.5 1.5 0.5 
0.00014096264203544706 -4.5 1.5 0.0 
0.0002976362593472004 -5.5 1.5 0.5 
0.00011149408237542957 -4.0 1.5 0.5 
0.00031206535641103983 -4.5 1.5 0.5 
0.0003927912621293217 -5.0 1.5 0.5 
3.992600250057876e-05 -6.5 1.5 1.0 
0.000634341558907181 -5.0 1.5 1.0 
0.0006044715410098433 -5.5 1.5 1.0 
0.00027940128347836435 -6.0 1.5 1.0 
0.00012319782399572432 -6.0 1.5 0.5 
0.00011106316378572956 -4.0 1.5 1.0 
0.0003124175709672272 -6.0 1.5 1.5 
3.7818543205503374e-05 -6.5 1.5 1.5 
0.0006965380162000656 -5.0 1.5 1.5 
6.635794852627441e-05 -4.0 1.5 1.5 
0.0004341968451626599 -4.5 1.5 1.5 
0.0006839807610958815 -5.5 1.5 1.5 
0.0002868226438295096 -6.0 1.5 2.0 
0.00035181184648536146 -4.5 1.5 2.0 
0.0006494366098195314 -5.0 1.5 2.0 
0.0006467023049481213 -5.5 1.5 2.0 
0.0004400645266287029 -5.0 1.5 2.5 
0.0004369142698124051 -5.5 1.5 2.5 
0.0001555167546030134 -6.0 1.5 2.5 
2.91670294245705e-05 -4.0 1.5 2.0 
2.0992949430365115e-05 -6.5 1.5 2.0 
0.00042172177927568555 -4.5 1.5 1.0 
0.00016228352615144104 -5.5 1.5 3.0 
9.165384108200669e-05 -4.5 1.5 3.0 
0.00018732590251602232 -5.0 1.5 3.0 
2.1849560653208755e-05 -4.5 1.5 3.5 
2.9973642085678875e-05 -5.0 1.5 3.5 
2.390501686022617e-05 -4.0 2.0 -1.0 
0.00014088769967202097 -4.5 2.0 -0.5 
7.275328243849799e-05 -5.0 2.0 -0.5 
2.876194594136905e-05 -5.5 2.0 -0.5 
4.31153348472435e-05 -3.5 2.0 -0.5 
3.894905239576474e-05 -6.5 2.0 0.0 
0.0005151312216185033 -5.0 2.0 0.0 
0.0003183832741342485 -5.5 2.0 0.0 
4.661589991883375e-05 -3.5 2.0 0.0 
0.00025889507378451526 -4.0 2.0 0.0 
0.0004776155110448599 -4.5 2.0 0.0 
0.00011784536764025688 -6.0 2.0 0.0 
0.00012108594819437712 -4.0 2.0 -0.5 
0.00021202613424975425 -4.5 1.5 2.5 
0.0010770431254059076 -5.5 2.0 0.5 
0.0005355796893127263 -6.0 2.0 0.5 
0.00013531708100344986 -6.5 2.0 0.5 
0.0009028255590237677 -4.5 2.0 0.5 
0.0003189477138221264 -4.0 2.0 0.5 
0.0012207812396809459 -5.0 2.0 0.5 
0.00015561854525003582 -6.5 2.0 1.0 
0.0017011701129376888 -5.0 2.0 1.0 
0.001674892264418304 -5.5 2.0 1.0 
0.0008539799600839615 -6.0 2.0 1.0 
0.0003126270021311939 -4.0 2.0 1.0 
0.00014397762424778193 -6.5 2.0 1.5 
0.0011258298764005303 -4.5 2.0 1.0 
0.0017591582145541906 -5.5 2.0 1.5 
0.00021023429872002453 -4.0 2.0 1.5 
0.0011456452775746584 -4.5 2.0 1.5 
0.0017814093735069036 -5.0 2.0 1.5 
0.0016430533723905683 -5.5 2.0 2.0 
0.0007971450104378164 -6.0 2.0 2.0 
8.976202661870047e-05 -6.5 2.0 2.0 
0.0009518379811197519 -4.5 2.0 2.0 
0.00011647517385426909 -4.0 2.0 2.0 
0.001129964948631823 -5.5 2.0 2.5 
0.00044866971438750625 -6.0 2.0 2.5 
3.6378918593982235e-05 -4.0 2.0 2.5 
0.0006125060608610511 -4.5 2.0 2.5 
0.001143972622230649 -5.0 2.0 2.5 
0.0016460111364722252 -5.0 2.0 2.0 
0.0008833668543957174 -6.0 2.0 1.5 
0.0005453641060739756 -5.0 2.0 3.0 
0.0004792139516212046 -5.5 2.0 3.0 
7.954670581966639e-05 -6.0 2.0 3.0 
0.0001375971914967522 -5.0 2.0 3.5 
6.309986929409206e-05 -5.5 2.0 3.5 
0.0003011804656125605 -4.5 2.0 3.0 
0.00010029863187810406 -4.5 2.0 3.5 
7.742713205516338e-05 -4.5 2.5 -1.0 
4.1142611735267565e-05 -5.0 2.5 -1.0 
2.6403844458400272e-05 -5.5 2.5 -1.0 
5.5272121244343e-05 -3.5 2.5 -1.0 
8.974027878139168e-05 -6.0 2.5 -0.5 
3.2841020583873615e-05 -6.5 2.5 -0.5 
9.789224714040756e-05 -4.0 2.5 -1.0 
0.00042280115303583443 -5.0 2.5 -0.5 
9.592229616828263e-05 -3.5 2.5 -0.5 
0.00032396495225839317 -4.0 2.5 -0.5 
0.0004756356356665492 -4.5 2.5 -0.5 
3.2842544896993786e-05 -7.0 2.5 0.0 
0.0012540000025182962 -5.5 2.5 0.0 
0.0006427033222280443 -6.0 2.5 0.0 
0.0002227921795565635 -6.5 2.5 0.0 
0.001217647222802043 -4.5 2.5 0.0 
9.836840763455257e-05 -3.5 2.5 0.0 
0.0005838600918650627 -4.0 2.5 0.0 
0.00037190786679275334 -6.5 2.5 0.5 
0.0027417761739343405 -5.0 2.5 0.5 
0.002693158108741045 -5.5 2.5 0.5 
0.001523270970210433 -6.0 2.5 0.5 
3.271865352871828e-05 -7.0 2.5 0.5 
0.001490732072852552 -5.0 2.5 0.0 
0.000705151236616075 -4.0 2.5 0.5 
2.9852828447474167e-05 -7.0 2.5 1.0 
4.014353180537e-05 -3.5 2.5 0.5 
0.0018573030829429626 -6.0 2.5 1.0 
0.002365595893934369 -4.5 2.5 1.0 
0.0034867161884903908 -5.0 2.5 1.0 
0.0034436045680195093 -5.5 2.5 1.0 
0.0003707498253788799 -6.5 2.5 1.0 
0.0018396050436422229 -6.0 2.5 1.5 
0.00031733527430333197 -6.5 2.5 1.5 
0.0023933202028274536 -4.5 2.5 1.5 
0.003552305744960904 -5.0 2.5 1.5 
0.0005344729288481176 -4.0 2.5 1.5 
0.003497140482068062 -5.5 2.5 1.5 
0.0006998177268542349 -4.0 2.5 1.0 
0.0019942850340157747 -4.5 2.5 0.5 
0.0015694439643993974 -6.0 2.5 2.0 
0.002042084699496627 -4.5 2.5 2.0 
0.003249022178351879 -5.0 2.5 2.0 
0.003202934982255101 -5.5 2.5 2.0 
0.000846476701553911 -6.0 2.5 2.5 
2.385893094469793e-05 -6.5 2.5 2.5 
0.0003387016768101603 -4.0 2.5 2.0 
0.0022876786533743143 -5.0 2.5 2.5 
0.00014413539611268789 -4.0 2.5 2.5 
0.0013728822814300656 -4.5 2.5 2.5 
0.0009887522319331765 -5.5 2.5 3.0 
0.00015477853594347835 -6.0 2.5 3.0 
5.1733863074332476e-05 -4.0 2.5 3.0 
0.0007117558270692825 -4.5 2.5 3.0 
0.0011466305004432797 -5.0 2.5 3.0 
0.0022069611586630344 -5.5 2.5 2.5 
0.000331069459207356 -5.0 2.5 3.5 
0.00016776364645920694 -5.5 2.5 3.5 
2.0526065782178193e-05 -4.0 2.5 3.5 
3.6493114748736843e-05 -5.0 2.5 4.0 
0.0002565433969721198 -4.5 2.5 3.5 
4.5389195292955264e-05 -4.5 2.5 4.0 
0.00018333844491280615 -6.5 2.5 2.0 
0.0002320975181646645 -5.5 2.5 -0.5 
2.7759708245866932e-05 -5.0 3.0 -1.5 
3.515525531838648e-05 -3.5 3.0 -1.5 
3.961866605095565e-05 -4.0 3.0 -1.5 
3.404021845199168e-05 -4.5 3.0 -1.5 
2.429171945550479e-05 -5.5 3.0 -1.5 
0.00015972385881468654 -5.5 3.0 -1.0 
8.106596942525357e-05 -6.0 3.0 -1.0 
3.53676441591233e-05 -6.5 3.0 -1.0 
0.00029944314155727625 -4.5 3.0 -1.0 
0.00011293919669697061 -3.5 3.0 -1.0 
0.0002478538663126528 -4.0 3.0 -1.0 
0.0002587068302091211 -5.0 3.0 -1.0 
6.289382872637361e-05 -7.0 3.0 -0.5 
0.0010991659946739674 -5.5 3.0 -0.5 
0.0005827707936987281 -6.0 3.0 -0.5 
0.00023172660439740866 -6.5 3.0 -0.5 
0.0011309327092021704 -4.5 3.0 -0.5 
0.00016863388009369373 -3.5 3.0 -0.5 
0.0006458890275098383 -4.0 3.0 -0.5 
0.0013200740795582533 -5.0 3.0 -0.5 
8.119672565953806e-05 -7.0 3.0 0.0 
0.0029704971238970757 -5.5 3.0 0.0 
0.001795449759811163 -6.0 3.0 0.0 
0.0006088793743401766 -6.5 3.0 0.0 
0.0010594992199912667 -4.0 3.0 0.0 
0.0023603239096701145 -4.5 3.0 0.0 
0.0001702744048088789 -3.5 3.0 0.0 
0.0030528062488883734 -5.0 3.0 0.0 
0.0007137013017199934 -6.5 3.0 0.5 
0.004858109634369612 -5.0 3.0 0.5 
0.004820988979190588 -5.5 3.0 0.5 
0.0028808140195906162 -6.0 3.0 0.5 
0.001297804294154048 -4.0 3.0 0.5 
9.628261614125222e-05 -3.5 3.0 0.5 
0.003511432558298111 -4.5 3.0 0.5 
0.0006647339905612171 -6.5 3.0 1.0 
0.005703317932784557 -5.0 3.0 1.0 
0.005595079623162746 -5.5 3.0 1.0 
0.0030892996583133936 -6.0 3.0 1.0 
0.0013415479334071279 -4.0 3.0 1.0 
2.2003843696438707e-05 -7.0 3.0 1.5 
3.5299613955430686e-05 -3.5 3.0 1.0 
0.0040614185854792595 -4.5 3.0 1.0 
6.463995669037104e-05 -7.0 3.0 1.0 
0.0030109332874417305 -6.0 3.0 1.5 
0.004100908059626818 -4.5 3.0 1.5 
0.005749383941292763 -5.0 3.0 1.5 
0.005618262570351362 -5.5 3.0 1.5 
0.002557056723162532 -6.0 3.0 2.0 
0.00032484959228895605 -6.5 3.0 2.0 
0.001127187511883676 -4.0 3.0 1.5 
0.005263891536742449 -5.0 3.0 2.0 
0.0007769206422381103 -4.0 3.0 2.0 
0.0035746239591389894 -4.5 3.0 2.0 
0.0014820883516222239 -6.0 3.0 2.5 
6.702888640575111e-05 -6.5 3.0 2.5 
0.0024732425808906555 -4.5 3.0 2.5 
0.003780342871323228 -5.0 3.0 2.5 
0.003620404750108719 -5.5 3.0 2.5 
0.005138687789440155 -5.5 3.0 2.0 
0.0005508865579031408 -6.5 3.0 1.5 
8.15123858046718e-05 -7.0 3.0 0.5 
0.001766196102835238 -5.5 3.0 3.0 
0.00040757289389148355 -6.0 3.0 3.0 
0.0013291013892740011 -4.5 3.0 3.0 
0.0001477676851209253 -4.0 3.0 3.0 
0.0019953674636781216 -5.0 3.0 3.0 
0.00041812629206106067 -5.5 3.0 3.5 
5.591157605522312e-05 -4.0 3.0 3.5 
0.0005077864043414593 -4.5 3.0 3.5 
0.0006495117559097707 -5.0 3.0 3.5 
9.728087752591819e-05 -4.5 3.0 4.0 
8.661894389661029e-05 -5.0 3.0 4.0 
5.194220648263581e-05 -6.5 3.5 -1.5 
2.460338691889774e-05 -7.0 3.5 -1.5 
2.291890632477589e-05 -4.0 3.0 4.0 
0.00010994654439855367 -5.5 3.5 -1.5 
0.00011440374510129914 -4.0 3.5 -1.5 
0.00013340526493266225 -4.5 3.5 -1.5 
0.0001368121593259275 -5.0 3.5 -1.5 
0.00023298685846384615 -6.5 3.5 -1.0 
8.77457350725308e-05 -7.0 3.5 -1.0 
6.682687671855092e-05 -3.5 3.5 -1.5 
0.0007836521253921092 -5.5 3.5 -1.0 
0.0004597514634951949 -4.0 3.5 -1.0 
0.0007418952882289886 -4.5 3.5 -1.0 
0.0008673570700921118 -5.0 3.5 -1.0 
0.0016470784321427345 -6.0 3.5 -0.5 
0.000690419867169112 -6.5 3.5 -0.5 
0.00011760708730434999 -7.0 3.5 -0.5 
0.00016669832984916866 -3.5 3.5 -1.0 
0.0004864887159783393 -6.0 3.5 -1.0 
0.0025271158665418625 -5.0 3.5 -0.5 
0.0002498627291060984 -3.5 3.5 -0.5 
0.0010023853974416852 -4.0 3.5 -0.5 
0.001970045268535614 -4.5 3.5 -0.5 
0.003058668226003647 -6.0 3.5 0.0 
0.0009570320835337043 -6.5 3.5 0.0 
0.00011167776392539963 -7.0 3.5 0.0 
0.004740419797599316 -5.0 3.5 0.0 
0.00027340088854543865 -3.5 3.5 0.0 
0.001599556184373796 -4.0 3.5 0.0 
0.0035592110361903906 -4.5 3.5 0.0 
0.00010751602530945092 -7.0 3.5 0.5 
0.006600003223866224 -5.5 3.5 0.5 
0.0038981065154075623 -6.0 3.5 0.5 
0.0009366883314214647 -6.5 3.5 0.5 
0.004715062212198973 -5.5 3.5 0.0 
0.0025099636986851692 -5.5 3.5 -0.5 
7.340609590755776e-05 -6.0 3.5 -1.5 
0.00038594211218878627 -4.0 3.0 2.5 
0.005038349889218807 -4.5 3.5 0.5 
0.00021249183919280767 -3.5 3.5 0.5 
0.0020364061929285526 -4.0 3.5 0.5 
9.389952901983634e-05 -7.0 3.5 1.0 
0.007286527659744024 -5.5 3.5 1.0 
0.0039809648878872395 -6.0 3.5 1.0 
0.0008739355253055692 -6.5 3.5 1.0 
0.005715180188417435 -4.5 3.5 1.0 
0.0001291172084165737 -3.5 3.5 1.0 
0.002161920303478837 -4.0 3.5 1.0 
4.0524591895518824e-05 -7.0 3.5 1.5 
0.007300977129489183 -5.5 3.5 1.5 
0.003873588517308235 -6.0 3.5 1.5 
0.0007349985535256565 -6.5 3.5 1.5 
0.007536712568253279 -5.0 3.5 1.0 
0.005762661807239056 -4.5 3.5 1.5 
4.9971033149631694e-05 -3.5 3.5 1.5 
0.0019674014765769243 -4.0 3.5 1.5 
0.0003926915524061769 -6.5 3.5 2.0 
0.006962793413549662 -5.0 3.5 2.0 
0.0066784340888261795 -5.5 3.5 2.0 
0.003242305014282465 -6.0 3.5 2.0 
0.001475095865316689 -4.0 3.5 2.0 
5.6232292990898713e-05 -6.5 3.5 2.5 
0.004996154457330704 -5.0 3.5 2.5 
0.004624580964446068 -5.5 3.5 2.5 
0.000834813981782645 -4.0 3.5 2.5 
0.0036034814547747374 -4.5 3.5 2.5 
0.001751881674863398 -6.0 3.5 2.5 
0.005108079873025417 -4.5 3.5 2.0 
0.007584843318909407 -5.0 3.5 1.5 
0.00037460829480551183 -6.0 3.5 3.0 
0.0019865056965500116 -4.5 3.5 3.0 
0.002635570941492915 -5.0 3.5 3.0 
0.0021961142774671316 -5.5 3.5 3.0 
0.0004935996257700026 -5.5 3.5 3.5 
0.000379391189198941 -4.0 3.5 3.0 
0.0007778393337503076 -4.5 3.5 3.5 
0.0001483562809880823 -4.0 3.5 3.5 
0.00017408614803571254 -4.5 3.5 4.0 
0.0001589512830832973 -5.0 3.5 4.0 
5.18938759341836e-05 -4.0 3.5 4.0 
2.0854202375630848e-05 -5.5 3.5 4.0 
0.0009185377275571227 -5.0 3.5 3.5 
2.1089741494506598e-05 -4.5 3.5 4.5 
2.142937773896847e-05 -7.0 4.0 -2.0 
6.543459312524647e-05 -5.5 4.0 -2.0 
5.047072045272216e-05 -6.0 4.0 -2.0 
3.187384572811425e-05 -4.0 4.0 -2.0 
4.6224784455262125e-05 -4.5 4.0 -2.0 
6.040309017407708e-05 -5.0 4.0 -2.0 
3.474079494480975e-05 -6.5 4.0 -2.0 
0.000193495987332426 -6.5 4.0 -1.5 
9.01873063412495e-05 -7.0 4.0 -1.5 
0.0004147346189711243 -5.5 4.0 -1.5 
0.00021151082182768732 -4.0 4.0 -1.5 
0.00033186032669618726 -4.5 4.0 -1.5 
0.00040908309165388346 -5.0 4.0 -1.5 
0.00031883185147307813 -6.0 4.0 -1.5 
0.0005500983679667115 -6.5 4.0 -1.0 
0.00011708210513461381 -7.0 4.0 -1.0 
0.001577622490003705 -5.5 4.0 -1.0 
0.000626186141744256 -4.0 4.0 -1.0 
0.0011691296240314841 -4.5 4.0 -1.0 
0.0015471142251044512 -5.0 4.0 -1.0 
0.001146572409197688 -6.0 4.0 -1.0 
9.069828956853598e-05 -3.5 4.0 -1.5 
0.0008478500531055033 -6.5 4.0 -0.5 
0.00010273252701153979 -7.0 4.0 -0.5 
0.003394543658941984 -5.5 4.0 -0.5 
0.001267649233341217 -4.0 4.0 -0.5 
0.002560931956395507 -4.5 4.0 -0.5 
0.0033928498160094023 -5.0 4.0 -0.5 
0.002311164978891611 -6.0 4.0 -0.5 
0.0008677670848555863 -6.5 4.0 0.0 
9.440333815291524e-05 -7.0 4.0 0.0 
0.0055716317147016525 -5.0 4.0 0.0 
0.005442467052489519 -5.5 4.0 0.0 
0.0003877691051457077 -3.5 4.0 0.0 
0.00202388153411448 -4.0 4.0 0.0 
0.004322100430727005 -4.5 4.0 0.0 
0.0033614179119467735 -6.0 4.0 0.0 
0.0003236868360545486 -3.5 4.0 -0.5 
0.00020365584350656718 -3.5 4.0 -1.0 
0.0037061043549329042 -6.0 4.0 0.5 
0.000794388703070581 -6.5 4.0 0.5 
8.961049024946988e-05 -7.0 4.0 0.5 
0.007381183095276356 -5.0 4.0 0.5 
0.0003803065628744662 -3.5 4.0 0.5 
0.002649290720000863 -4.0 4.0 0.5 
0.00590528454631567 -4.5 4.0 0.5 
0.006975897122174501 -5.5 4.0 0.5 
0.003677772358059883 -6.0 4.0 1.0 
0.0007438051397912204 -6.5 4.0 1.0 
7.606614963151515e-05 -7.0 4.0 1.0 
0.0065876818262040615 -4.5 4.0 1.0 
0.007976974360644817 -5.0 4.0 1.0 
0.0003108181117568165 -3.5 4.0 1.0 
0.002882347209379077 -4.0 4.0 1.0 
0.007343890145421028 -5.5 4.0 1.0 
3.040259070985485e-05 -7.0 4.0 1.5 
0.007320454344153404 -5.5 4.0 1.5 
0.0035683901514858007 -6.0 4.0 1.5 
0.000619053840637207 -6.5 4.0 1.5 
0.0066259875893592834 -4.5 4.0 1.5 
0.00020797504112124443 -3.5 4.0 1.5 
0.00282483478076756 -4.0 4.0 1.5 
0.007983005605638027 -5.0 4.0 1.5 
0.00028670529718510807 -6.5 4.0 2.0 
0.007137912325561047 -5.0 4.0 2.0 
0.006464856676757336 -5.5 4.0 2.0 
0.002827936317771673 -6.0 4.0 2.0 
6.837079854449257e-05 -3.5 4.0 2.0 
0.0022317960392683744 -4.0 4.0 2.0 
2.999117350555025e-05 -6.5 4.0 2.5 
0.005885178688913584 -4.5 4.0 2.0 
2.068823050649371e-05 -3.5 4.0 -2.0 
0.0067137558944523335 -5.0 3.5 0.5 
0.0042341118678450584 -5.5 4.0 2.5 
0.0014101837296038866 -4.0 4.0 2.5 
0.004109904170036316 -4.5 4.0 2.5 
0.004893168807029724 -5.0 4.0 2.5 
0.002497060690075159 -5.0 4.0 3.0 
0.0018793127965182066 -5.5 4.0 3.0 
0.0002305646485183388 -6.0 4.0 3.0 
0.0007176443468779325 -4.0 4.0 3.0 
0.0008308772812597454 -5.0 4.0 3.5 
0.0003080788010265678 -4.0 4.0 3.5 
0.0008258622256107628 -4.5 4.0 3.5 
0.00037156252074055374 -5.5 4.0 3.5 
0.0022096200846135616 -4.5 4.0 3.0 
0.00010125892731593922 -4.0 4.0 4.0 
0.00017640425357967615 -4.5 4.0 4.0 
0.00014018072397448123 -5.0 4.0 4.0 
2.3543263523606583e-05 -4.5 4.0 4.5 
2.1715901311836205e-05 -5.5 4.5 -2.5 
0.0001314114051638171 -6.0 4.5 -2.0 
9.886426414595917e-05 -6.5 4.5 -2.0 
5.722006972064264e-05 -7.0 4.5 -2.0 
0.00013151581515558064 -5.0 4.5 -2.0 
2.7072845114162192e-05 -3.5 4.5 -2.0 
5.6448083341820166e-05 -4.0 4.5 -2.0 
9.48651650105603e-05 -4.5 4.5 -2.0 
0.0001434960140613839 -5.5 4.5 -2.0 
0.0005664957570843399 -6.0 4.5 -1.5 
0.0003103958151768893 -6.5 4.5 -1.5 
8.994652307592332e-05 -7.0 4.5 -1.5 
0.000657889002468437 -5.0 4.5 -1.5 
9.408021287526935e-05 -3.5 4.5 -1.5 
0.00025814204127527773 -4.0 4.5 -1.5 
0.000473849824629724 -4.5 4.5 -1.5 
0.0007010529516264796 -5.5 4.5 -1.5 
0.0013430946273729205 -6.0 4.5 -1.0 
0.000577037688344717 -6.5 4.5 -1.0 
8.176490518962964e-05 -7.0 4.5 -1.0 
0.001801736420020461 -5.0 4.5 -1.0 
0.0002061043051071465 -3.5 4.5 -1.0 
0.000676225870847702 -4.0 4.5 -1.0 
0.0013272183714434505 -4.5 4.5 -1.0 
0.001840722281485796 -5.5 4.5 -1.0 
0.0022629289887845516 -6.0 4.5 -0.5 
0.0006874086684547365 -6.5 4.5 -0.5 
6.883704918436706e-05 -7.0 4.5 -0.5 
0.0027093959506601095 -4.5 4.5 -0.5 
0.003529701381921768 -5.0 4.5 -0.5 
0.0003470620431471616 -3.5 4.5 -0.5 
0.001342762028798461 -4.0 4.5 -0.5 
0.003478610422462225 -5.5 4.5 -0.5 
6.555261643370613e-05 -7.0 4.5 0.0 
0.00522354943677783 -5.5 4.5 0.0 
0.0029551582410931587 -6.0 4.5 0.0 
0.0006392727373167872 -6.5 4.5 0.0 
0.004432083107531071 -4.5 4.5 0.0 
0.0004741320153698325 -3.5 4.5 0.0 
0.002171734580770135 -4.0 4.5 0.0 
0.005514763295650482 -5.0 4.5 0.0 
6.18677877355367e-05 -7.0 4.5 0.5 
0.006419936660677195 -5.5 4.5 0.5 
0.003087265184149146 -6.0 4.5 0.5 
0.0005784849054180086 -6.5 4.5 0.5 
0.005954077001661062 -4.5 4.5 0.5 
0.0005325041711330414 -3.5 4.5 0.5 
0.002914802171289921 -4.0 4.5 0.5 
0.0070694745518267155 -5.0 4.5 0.5 
4.4855685700895265e-05 -7.0 4.5 1.0 
0.006654242053627968 -5.5 4.5 1.0 
0.0030227999668568373 -6.0 4.5 1.0 
0.0005252515547908843 -6.5 4.5 1.0 
0.006549847777932882 -4.5 4.5 1.0 
0.0005082647548988461 -3.5 4.5 1.0 
0.003233521245419979 -4.0 4.5 1.0 
0.007543959654867649 -5.0 4.5 1.0 
0.006572539918124676 -5.5 4.5 1.5 
0.002791985170915723 -6.0 4.5 1.5 
0.0003663857642095536 -6.5 4.5 1.5 
0.0032128370366990566 -4.0 4.5 1.5 
0.006559642963111401 -4.5 4.5 1.5 
0.00040432868991047144 -3.5 4.5 1.5 
0.007543043699115515 -5.0 4.5 1.5 
0.0018824106082320213 -6.0 4.5 2.0 
0.005727587733417749 -4.5 4.5 2.0 
0.006519316229969263 -5.0 4.5 2.0 
0.005453046411275864 -5.5 4.5 2.0 
0.00022494271979667246 -3.5 4.5 2.0 
0.0026447377167642117 -4.0 4.5 2.0 
0.0031897041480988264 -5.5 4.5 2.5 
0.0017694324487820268 -4.0 4.5 2.5 
0.0038740751333534718 -4.5 4.5 2.5 
0.004261586349457502 -5.0 4.5 2.5 
0.00204072380438447 -5.0 4.5 3.0 
0.0011127050966024399 -5.5 4.5 3.0 
5.460457759909332e-05 -6.0 4.5 3.0 
8.986524335341528e-05 -3.5 4.5 2.5 
0.0006327079609036446 -6.0 4.5 2.5 
0.0009570723050273955 -4.0 4.5 3.0 
3.3329961297567934e-05 -3.5 4.5 3.0 
0.0006136991432867944 -5.0 4.5 3.5 
0.00041159376269206405 -4.0 4.5 3.5 
0.0006835259846411645 -4.5 4.5 3.5 
0.00014495255891233683 -5.5 4.5 3.5 
0.00011736564192688093 -4.0 4.5 4.0 
0.00014067243319004774 -4.5 4.5 4.0 
9.299857629230246e-05 -5.0 4.5 4.0 
0.001981328707188368 -4.5 4.5 3.0 
0.00011206983617739752 -6.5 4.5 2.0 
2.764432611002121e-05 -5.5 5.0 -2.5 
2.466674050083384e-05 -5.0 5.0 -2.5 
2.282036075484939e-05 -6.0 5.0 -2.5 
0.0001814928837120533 -6.0 5.0 -2.0 
0.0001211514972965233 -6.5 5.0 -2.0 
5.156868792255409e-05 -7.0 5.0 -2.0 
0.0001787384389899671 -5.0 5.0 -2.0 
2.1959267542115413e-05 -3.5 5.0 -2.0 
6.374464282998815e-05 -4.0 5.0 -2.0 
0.00012317282380536199 -4.5 5.0 -2.0 
0.00020363193470984697 -5.5 5.0 -2.0 
0.0005771343130618334 -6.0 5.0 -1.5 
0.00029145306325517595 -6.5 5.0 -1.5 
6.376899546012282e-05 -7.0 5.0 -1.5 
0.0006709092995151877 -5.0 5.0 -1.5 
6.863573071314022e-05 -3.5 5.0 -1.5 
0.0002235077554360032 -4.0 5.0 -1.5 
0.00045926813618279994 -4.5 5.0 -1.5 
0.0007179304957389832 -5.5 5.0 -1.5 
0.0011413722531870008 -6.0 5.0 -1.0 
0.0004321321321185678 -6.5 5.0 -1.0 
4.2114759708056226e-05 -7.0 5.0 -1.0 
0.0011269834358245134 -4.5 5.0 -1.0 
0.0015595861477777362 -5.0 5.0 -1.0 
0.00015798609820194542 -3.5 5.0 -1.0 
0.000549655465874821 -4.0 5.0 -1.0 
0.0015908768400549889 -5.5 5.0 -1.0 
0.000448294886155054 -6.5 5.0 -0.5 
0.002858653198927641 -5.0 5.0 -0.5 
0.0027891788631677628 -5.5 5.0 -0.5 
0.0017499038949608803 -6.0 5.0 -0.5 
0.0010975828627124429 -4.0 5.0 -0.5 
3.206025576218963e-05 -7.0 5.0 0.0 
2.0529807443381287e-05 -3.0 5.0 -0.5 
0.0002946015156339854 -3.5 5.0 -0.5 
0.0022115057799965143 -4.5 5.0 -0.5 
0.0021405501756817102 -6.0 5.0 0.0 
0.0035919928923249245 -4.5 5.0 0.0 
0.00437147356569767 -5.0 5.0 0.0 
0.00405809236690402 -5.5 5.0 0.0 
2.2641946998191997e-05 -3.0 5.0 0.0 
0.0004506842524278909 -3.5 5.0 0.0 
0.000364574691047892 -6.5 5.0 0.5 
3.9421658584615216e-05 -7.0 5.0 0.5 
0.0018280009971931577 -4.0 5.0 0.0 
0.00040046346839517355 -6.5 5.0 0.0 
0.004884134978055954 -5.5 5.0 0.5 
0.002554583828896284 -4.0 5.0 0.5 
0.004864412359893322 -4.5 5.0 0.5 
0.005581708159297705 -5.0 5.0 0.5 
2.0256265997886658e-05 -3.0 5.0 0.5 
0.00028860699967481196 -6.5 5.0 1.0 
0.0005721054621972144 -3.5 5.0 0.5 
0.005012926645576954 -5.5 5.0 1.0 
0.002956883981823921 -4.0 5.0 1.0 
0.005407340824604034 -4.5 5.0 1.0 
0.005986528005450964 -5.0 5.0 1.0 
0.004840887617319822 -5.5 5.0 1.5 
0.0017302812775596976 -6.0 5.0 1.5 
0.00012067532225046307 -6.5 5.0 1.5 
0.0006153842550702393 -3.5 5.0 1.0 
0.00207870383746922 -6.0 5.0 1.0 
0.0021689175628125668 -6.0 5.0 0.5 
2.363268140470609e-05 -7.0 5.0 -0.5 
0.0054263100028038025 -4.5 5.0 1.5 
0.0005606067716144025 -3.5 5.0 1.5 
0.002992806024849415 -4.0 5.0 1.5 
0.004965592175722122 -5.0 5.0 2.0 
0.003624342381954193 -5.5 5.0 2.0 
0.0008184902253560722 -6.0 5.0 2.0 
0.0026046372950077057 -4.0 5.0 2.0 
0.0004005822993349284 -3.5 5.0 2.0 
0.00010886025847867131 -6.0 5.0 2.5 
0.003023328725248575 -4.5 5.0 2.5 
0.003023313358426094 -5.0 5.0 2.5 
0.0016984893009066582 -5.5 5.0 2.5 
0.004686265252530575 -4.5 5.0 2.0 
0.0002311762364115566 -3.5 5.0 2.5 
0.0012831997592002153 -5.0 5.0 3.0 
0.00012922284076921642 -3.5 5.0 3.0 
0.0009897896088659763 -4.0 5.0 3.0 
0.0014324524672701955 -4.5 5.0 3.0 
0.0003451992233749479 -5.5 5.0 3.0 
0.00028813836979679763 -5.0 5.0 3.5 
6.644734821747988e-05 -3.5 5.0 3.5 
0.00039332351298071444 -4.0 5.0 3.5 
0.00045292667346075177 -4.5 5.0 3.5 
0.0018109824741259217 -4.0 5.0 2.5 
9.154673898592591e-05 -4.5 5.0 4.0 
2.8192571335239336e-05 -3.5 5.0 4.0 
9.251175652025267e-05 -4.0 5.0 4.0 
2.346504697925411e-05 -5.5 5.5 -2.5 
2.0110535842832178e-05 -6.0 5.5 -2.5 
7.974271284183487e-05 -6.5 5.5 -2.0 
0.00013399227464105934 -5.0 5.5 -2.0 
0.00015258441271726042 -5.5 5.5 -2.0 
0.00013544203829951584 -6.0 5.5 -2.0 
3.6389548768056557e-05 -4.0 5.5 -2.0 
2.2035203073755838e-05 -7.0 5.5 -1.5 
8.37743136798963e-05 -4.5 5.5 -2.0 
0.00035257681156508625 -6.0 5.5 -1.5 
0.0002774619497358799 -4.5 5.5 -1.5 
0.0004147078434471041 -5.0 5.5 -1.5 
0.00044399884063750505 -5.5 5.5 -1.5 
3.645427932497114e-05 -3.5 5.5 -1.5 
0.0006744657293893397 -6.0 5.5 -1.0 
0.00023581447021570057 -6.5 5.5 -1.0 
0.00012821413110941648 -4.0 5.5 -1.5 
0.00016271039203274995 -6.5 5.5 -1.5 
2.2544621970155276e-05 -7.0 5.5 -2.0 
3.4690201573539525e-05 -5.0 5.0 4.0 
0.005968907382339239 -5.0 5.0 1.5 
0.0009394908556714654 -5.0 5.5 -1.0 
9.167425014311448e-05 -3.5 5.5 -1.0 
0.0003259874356444925 -4.0 5.5 -1.0 
0.000678609823808074 -4.5 5.5 -1.0 
0.0016797881107777357 -5.5 5.5 -0.5 
0.0010398622835054994 -6.0 5.5 -0.5 
0.0002465292054694146 -6.5 5.5 -0.5 
0.0013471300480887294 -4.5 5.5 -0.5 
0.0001876066962722689 -3.5 5.5 -0.5 
0.0006726849242113531 -4.0 5.5 -0.5 
0.00021618774917442352 -6.5 5.5 0.0 
0.0026672121603041887 -5.0 5.5 0.0 
0.002447753446176648 -5.5 5.5 0.0 
0.0012371342163532972 -6.0 5.5 0.0 
0.0017308513633906841 -5.0 5.5 -0.5 
0.001163318520411849 -4.0 5.5 0.0 
2.2403359253075905e-05 -3.0 5.5 0.0 
0.0003185735840816051 -3.5 5.5 0.0 
0.0012308555888012052 -6.0 5.5 0.5 
0.003061424009501934 -4.5 5.5 0.5 
0.0034387221094220877 -5.0 5.5 0.5 
0.0029214879032224417 -5.5 5.5 0.5 
0.00017229079094249755 -6.5 5.5 0.5 
0.0004525718104559928 -3.5 5.5 0.5 
9.016099647851661e-05 -6.5 5.5 1.0 
2.4586383005953394e-05 -3.0 5.5 0.5 
0.0037032754626125097 -5.0 5.5 1.0 
0.0029744135681539774 -5.5 5.5 1.0 
0.0005406344425864518 -3.5 5.5 1.0 
0.0020634070970118046 -4.0 5.5 1.0 
0.0034439018927514553 -4.5 5.5 1.0 
0.0011226643109694123 -6.0 5.5 1.0 
0.001696577644906938 -4.0 5.5 0.5 
0.0022204509004950523 -4.5 5.5 0.0 
0.0027429794427007437 -5.5 5.5 1.5 
0.0007204191060736775 -6.0 5.5 1.5 
0.0034612691961228848 -4.5 5.5 1.5 
0.0005574055248871446 -3.5 5.5 1.5 
0.002126170787960291 -4.0 5.5 1.5 
0.0036707832477986813 -5.0 5.5 1.5 
0.002915724879130721 -5.0 5.5 2.0 
0.0017073947237804532 -5.5 5.5 2.0 
0.00014427177666220814 -6.0 5.5 2.0 
0.0019662249833345413 -4.0 5.5 2.0 
0.00047767130308784544 -3.5 5.5 2.0 
0.002947610802948475 -4.5 5.5 2.0 
0.0004789997765328735 -5.5 5.5 2.5 
0.0014052190817892551 -4.0 5.5 2.5 
0.0018277547787874937 -4.5 5.5 2.5 
0.0016161528183147311 -5.0 5.5 2.5 
0.00034559189225547016 -3.5 5.5 2.5 
0.0008144662133418024 -4.5 5.5 3.0 
0.00021845455921720713 -3.5 5.5 3.0 
0.0007354376721195877 -4.0 5.5 3.0 
5.746056558564305e-05 -5.0 5.5 3.5 
0.00011245634959777817 -3.5 5.5 3.5 
0.0002550488570705056 -4.0 5.5 3.5 
0.0002259080793010071 -4.5 5.5 3.5 
0.0005104019655846059 -5.0 5.5 3.0 
2.2521542632603087e-05 -3.0 5.5 1.0 
4.7441946662729606e-05 -4.0 5.5 4.0 
2.8836928322562017e-05 -4.5 5.5 4.0 
3.4083062928402796e-05 -3.5 5.5 4.0 
5.210734161664732e-05 -5.5 6.0 -2.0 
4.2090607166755944e-05 -6.0 6.0 -2.0 
2.360332291573286e-05 -6.5 6.0 -2.0 
2.6494393750908785e-05 -4.5 6.0 -2.0 
0.00012086085916962475 -6.0 6.0 -1.5 
9.467030758969486e-05 -4.5 6.0 -1.5 
0.00014549220213666558 -5.0 6.0 -1.5 
0.00015573253040201962 -5.5 6.0 -1.5 
5.467749360832386e-05 -6.5 6.0 -1.5 
0.00024651497369632125 -6.0 6.0 -1.0 
8.338959742104635e-05 -6.5 6.0 -1.0 
0.00024729128926992416 -4.5 6.0 -1.0 
0.00034564477391541004 -5.0 6.0 -1.0 
2.9632217774633318e-05 -3.5 6.0 -1.0 
0.00011557666584849358 -4.0 6.0 -1.0 
0.0003510091337375343 -5.5 6.0 -1.0 
4.106589767616242e-05 -4.0 6.0 -1.5 
4.484827513806522e-05 -5.0 6.0 -2.0 
8.695348515175283e-05 -6.5 6.0 -0.5 
0.0006653611781075597 -5.0 6.0 -0.5 
0.0006447489140555263 -5.5 6.0 -0.5 
0.00039810361340641975 -6.0 6.0 -0.5 
0.00025784719036892056 -4.0 6.0 -0.5 
7.280672434717417e-05 -3.5 6.0 -0.5 
0.0005164708127267659 -4.5 6.0 -0.5 
0.0004747327184304595 -6.0 6.0 0.0 
0.0008954175282269716 -4.5 6.0 0.0 
0.0010678593534976244 -5.0 6.0 0.0 
0.0009755136561580002 -5.5 6.0 0.0 
0.00014444682165049016 -3.5 6.0 0.0 
0.00046695113996975124 -6.0 6.0 0.5 
4.4563061237568036e-05 -6.5 6.0 0.5 
0.0004798710870090872 -4.0 6.0 0.0 
7.434946746798232e-05 -6.5 6.0 0.0 
0.0014238241128623486 -5.0 6.0 0.5 
0.0002364966640016064 -3.5 6.0 0.5 
0.000750978069845587 -4.0 6.0 0.5 
0.0012934041442349553 -4.5 6.0 0.5 
0.0011712993727996945 -5.5 6.0 1.0 
0.00036259181797504425 -6.0 6.0 1.0 
2.0606043108273298e-05 -3.0 6.0 0.5 
0.0014967354945838451 -4.5 6.0 1.0 
2.4845505322446115e-05 -3.0 6.0 1.0 
0.0003259261429775506 -3.5 6.0 1.0 
0.0009870240464806557 -4.0 6.0 1.0 
7.715235551586375e-05 -6.0 6.0 1.5 
0.0015114154666662216 -4.5 6.0 1.5 
0.0015253976453095675 -5.0 6.0 1.5 
0.000938081240747124 -5.5 6.0 1.5 
0.0015539682935923338 -5.0 6.0 1.0 
0.0011673057451844215 -5.5 6.0 0.5 
0.000374156137695536 -3.5 6.0 1.5 
2.691453119041398e-05 -3.0 6.0 1.5 
0.0011074477806687355 -5.0 6.0 2.0 
0.00037639462971128523 -3.5 6.0 2.0 
0.0010106648551300168 -4.0 6.0 2.0 
0.0012688086135312915 -4.5 6.0 2.0 
0.00032776285661384463 -5.5 6.0 2.0 
0.0007784010376781225 -4.5 6.0 2.5 
0.00032423005905002356 -3.5 6.0 2.5 
0.000737202528398484 -4.0 6.0 2.5 
0.0004481488431338221 -5.0 6.0 2.5 
2.5299723347416148e-05 -3.0 6.0 2.0 
0.0003666751435957849 -4.0 6.0 3.0 
0.00031684577697888017 -4.5 6.0 3.0 
4.2618361476343125e-05 -5.0 6.0 3.0 
5.4632026149192825e-05 -4.5 6.0 3.5 
0.0002120380668202415 -3.5 6.0 3.0 
9.299214434577152e-05 -3.5 6.0 3.5 
2.026947731792461e-05 -3.5 6.0 4.0 
0.0001179089886136353 -4.0 6.0 3.5 
2.1628804461215623e-05 -6.0 6.5 -1.5 
2.4920125724747777e-05 -5.0 6.5 -1.5 
2.6630814318195917e-05 -5.5 6.5 -1.5 
4.738730422104709e-05 -5.0 6.5 -1.0 
4.554410043056123e-05 -5.5 6.5 -1.0 
2.9797276511089876e-05 -6.0 6.5 -1.0 
8.054610952967778e-05 -5.5 6.5 -0.5 
3.4336509997956455e-05 -6.0 6.5 -0.5 
3.747739174286835e-05 -4.5 6.5 -1.0 
7.476698374375701e-05 -4.5 6.5 -0.5 
4.0500886825611815e-05 -4.0 6.5 -0.5 
0.0001042839212459512 -5.5 6.5 0.0 
8.003227412700653e-05 -4.0 6.5 0.0 
0.00012898570275865495 -4.5 6.5 0.0 
0.00013714130909647793 -5.0 6.5 0.0 
3.174936500727199e-05 -6.0 6.5 0.0 
0.00018452749645803124 -4.5 6.5 0.5 
0.00017687404761090875 -5.0 6.5 0.5 
5.668785161105916e-05 -3.5 6.5 0.5 
0.00013588943693321198 -4.0 6.5 0.5 
0.0001021533680614084 -5.5 6.5 0.5 
2.773092273855582e-05 -3.5 6.5 0.0 
8.78529463079758e-05 -5.0 6.5 -0.5 
0.0001806775835575536 -5.0 6.5 1.0 
5.4914868087507784e-05 -5.5 6.5 1.0 
0.0001942259114002809 -4.0 6.5 1.0 
9.590113040758297e-05 -3.5 6.5 1.0 
0.00021930823277216405 -4.5 6.5 1.0 
0.000218907865928486 -4.0 6.5 1.5 
0.0002254457795061171 -4.5 6.5 1.5 
0.00012649416748899966 -5.0 6.5 1.5 
2.6922649340122007e-05 -3.0 6.5 1.5 
0.00013329852663446218 -3.5 6.5 1.5 
0.00018154369900003076 -4.5 6.5 2.0 
3.154174919473007e-05 -3.0 6.5 2.0 
0.00014394641038961709 -3.5 6.5 2.0 
0.00021436085808090866 -4.0 6.5 2.0 
6.95850612828508e-05 -4.5 6.5 2.5 
0.0001325719349551946 -3.5 6.5 2.5 
3.111898331553675e-05 -3.0 6.5 2.5 
8.375040488317609e-05 -4.0 6.5 3.0 
2.153159221052192e-05 -3.0 6.5 3.0 
8.321622590301558e-05 -3.5 6.5 3.0 
0.00016561525990255177 -4.0 6.5 2.5 
3.191626456100494e-05 -3.5 6.5 3.5 
0.0010551140876486897 -4.0 6.0 1.5 
0.0009540699538774788 -5.5 5.5 -1.0 
0.0013738211710005999 -6.0 4.0 2.5 
