0.4
3.289498636149801e-05 -1.0 1.0 -6.0 
4.656288001569919e-05 -0.5 1.5 -6.0 
3.4120239433832467e-05 -1.0 1.5 -6.0 
6.293886690400541e-05 -0.5 2.0 -6.0 
5.1948856707895175e-05 0.0 2.0 -6.0 
8.811815496301278e-05 0.0 2.5 -6.0 
3.0377354050870053e-05 -0.5 2.5 -6.0 
9.319610398961231e-05 0.5 3.0 -6.0 
7.065953104756773e-05 0.0 3.0 -6.0 
3.602060314733535e-05 0.5 2.5 -6.0 
6.483572360593826e-05 1.0 3.5 -6.0 
0.0001046820470946841 0.5 3.5 -6.0 
0.00011296960292384028 1.0 4.0 -6.0 
5.607355706160888e-05 0.5 4.0 -6.0 
7.974464824656025e-05 1.5 4.5 -6.0 
9.707392746349797e-05 1.0 4.5 -6.0 
8.521054405719042e-05 1.5 5.0 -6.0 
3.007073246408254e-05 2.0 5.0 -6.0 
3.8413669244619086e-05 1.0 5.0 -6.0 
2.3683976905886084e-05 1.5 4.0 -6.0 
3.432636003708467e-05 2.0 5.5 -6.0 
3.562289202818647e-05 1.5 5.5 -6.0 
5.7508084864821285e-05 -2.0 0.0 -6.5 
3.4084965591318905e-05 -1.5 0.0 -6.5 
0.00013383444456849247 -1.5 0.5 -6.5 
2.7510586733114906e-05 -2.0 0.5 -6.5 
5.0042595830745995e-05 -1.0 0.5 -6.5 
0.000125786624266766 -1.5 1.0 -6.5 
4.204736978863366e-05 -0.5 1.0 -6.5 
0.00021988181106280535 -1.0 1.0 -6.5 
0.00028390256920829415 -1.0 1.5 -6.5 
0.00026812928263098 -0.5 1.5 -6.5 
0.00014365797687787563 -1.0 2.0 -6.5 
0.00020705777569673955 0.0 2.0 -6.5 
0.00042356265475973487 -0.5 2.0 -6.5 
8.272421109722927e-05 0.5 2.5 -6.5 
0.0004701355646830052 0.0 2.5 -6.5 
0.0003550318942870945 0.5 3.0 -6.5 
0.0005003856495022774 0.0 3.0 -6.5 
6.611013668589294e-05 -0.5 3.0 -6.5 
0.00034663622500374913 -0.5 2.5 -6.5 
0.00015675929898861796 1.0 3.5 -6.5 
0.0005112233338877559 0.5 3.5 -6.5 
0.00037713046185672283 1.0 4.0 -6.5 
0.0003947684308513999 0.5 4.0 -6.5 
3.777635720325634e-05 1.5 4.0 -6.5 
0.00038012093864381313 1.0 4.5 -6.5 
0.00012995715951547027 0.5 4.5 -6.5 
0.0001892063010018319 1.5 4.5 -6.5 
0.00020975377992726862 1.0 5.0 -6.5 
5.465069261845201e-05 2.0 5.0 -6.5 
0.00023884103575255722 1.5 5.0 -6.5 
0.0001298369315918535 1.5 5.5 -6.5 
3.1939835025696084e-05 1.0 5.5 -6.5 
8.977780817076564e-05 2.0 5.5 -6.5 
3.809910413110629e-05 2.0 6.0 -6.5 
2.0538511307677254e-05 -3.0 -1.0 -7.0 
4.031862408737652e-05 -2.5 -1.0 -7.0 
0.00011335025919834152 -2.5 -0.5 -7.0 
8.28846386866644e-05 -2.0 -0.5 -7.0 
5.6435335864080116e-05 -2.5 0.0 -7.0 
0.00016884303477127105 -1.5 0.0 -7.0 
0.00036611154791899025 -2.0 0.0 -7.0 
0.0003411605430301279 -2.0 0.5 -7.0 
0.00021726693375967443 -1.0 0.5 -7.0 
0.0007065982790663838 -1.5 0.5 -7.0 
0.0008764775120653212 -1.5 1.0 -7.0 
0.0001367363875033334 -0.5 1.0 -7.0 
0.0009623460937291384 -1.0 1.0 -7.0 
0.0003924151824321598 -1.5 1.5 -7.0 
3.406933319638483e-05 0.0 1.5 -7.0 
0.0009193286532536149 -0.5 1.5 -7.0 
0.0014263053890317678 -1.0 1.5 -7.0 
0.0016665238654240966 -0.5 2.0 -7.0 
0.0011955591617152095 -1.0 2.0 -7.0 
0.0005310240667313337 0.0 2.0 -7.0 
0.0002068554313154891 -1.0 2.5 -7.0 
0.001462277490645647 0.0 2.5 -7.0 
0.000146731807035394 0.5 2.5 -7.0 
0.0017164640594273806 -0.5 2.5 -7.0 
0.00024483446031808853 0.0 3.5 -6.5 
0.000846282986458391 0.5 3.0 -7.0 
0.001767086097970605 0.0 3.0 -7.0 
0.0008691003895364702 -0.5 3.0 -7.0 
0.0014269386883825064 0.5 3.5 -7.0 
0.001322951982729137 0.0 3.5 -7.0 
3.4205215342808515e-05 -0.5 3.5 -7.0 
0.0012622918002307415 0.5 4.0 -7.0 
0.00033037408138625324 0.0 4.0 -7.0 
5.048068123869598e-05 1.5 4.0 -7.0 
0.0006152454297989607 0.5 4.5 -7.0 
0.000834564387332648 1.0 4.0 -7.0 
0.00027602369664236903 1.0 3.5 -7.0 
0.00033055097446776927 1.5 4.5 -7.0 
8.83354150573723e-05 0.5 5.0 -7.0 
7.62651179684326e-05 2.0 5.0 -7.0 
0.0004542596288956702 1.5 5.0 -7.0 
0.00011370280844857916 1.0 5.5 -7.0 
0.0005126429023221135 1.0 5.0 -7.0 
0.00014548594481311738 2.0 5.5 -7.0 
6.718330405419692e-05 2.0 6.0 -7.0 
4.764664845424704e-05 1.5 6.0 -7.0 
0.00024773285258561373 1.5 5.5 -7.0 
0.000883988686837256 1.0 4.5 -7.0 
5.998643609927967e-05 -3.0 -1.5 -7.5 
0.00016045178927015513 -2.5 -1.0 -7.5 
0.00010319150169380009 -3.0 -1.0 -7.5 
0.0003428007767070085 -2.0 -0.5 -7.5 
0.0004729591018985957 -2.5 -0.5 -7.5 
3.828457556664944e-05 -3.0 -0.5 -7.5 
0.0006322676199488342 -1.5 0.0 -7.5 
0.0012363899732008576 -2.0 0.0 -7.5 
0.0014115100493654609 -2.0 0.5 -7.5 
0.0006757511291652918 -1.0 0.5 -7.5 
3.494655902613886e-05 -1.0 0.0 -7.5 
0.0020435117185115814 -1.5 0.5 -7.5 
0.002500958973541856 -1.0 1.0 -7.5 
0.0027828817255795 -1.5 1.0 -7.5 
0.0005068843602202833 -2.0 1.0 -7.5 
2.0317531379987486e-05 -0.5 0.5 -7.5 
0.00035225629108026624 -0.5 1.0 -7.5 
0.0003869857173413038 -2.5 0.0 -7.5 
0.0021228257101029158 -0.5 1.5 -7.5 
0.0037683031987398863 -1.0 1.5 -7.5 
7.738537533441558e-05 0.0 1.5 -7.5 
0.003922007512301207 -0.5 2.0 -7.5 
0.0037040619645267725 -1.0 2.0 -7.5 
0.0003313111374154687 -1.5 2.0 -7.5 
0.004257605876773596 -0.5 2.5 -7.5 
0.0017290030373260379 -1.0 2.5 -7.5 
0.0002675586147233844 0.5 2.5 -7.5 
0.0030539603903889656 0.0 2.5 -7.5 
0.001070688827894628 0.0 2.0 -7.5 
0.003054454457014799 -0.5 3.0 -7.5 
3.994335565948859e-05 -1.0 3.0 -7.5 
0.0015371234621852636 0.5 3.0 -7.5 
0.0039087687619030476 0.0 3.0 -7.5 
0.0006164972437545657 -0.5 3.5 -7.5 
0.0028129105921834707 0.5 3.5 -7.5 
0.00043392073712311685 1.0 3.5 -7.5 
0.0032410824205726385 0.0 3.5 -7.5 
0.001425327267497778 1.0 4.0 -7.5 
0.002511837752535939 0.5 4.0 -7.5 
0.0012968141818419099 0.0 4.0 -7.5 
0.00012594567670021206 0.0 4.5 -7.5 
0.0014989960473030806 1.0 4.5 -7.5 
0.0013378800358623266 0.5 4.5 -7.5 
6.862336158519611e-05 1.5 4.0 -7.5 
0.0008313932921737432 1.0 5.0 -7.5 
0.0002604598121251911 0.5 5.0 -7.5 
9.989274985855445e-05 2.0 5.0 -7.5 
0.00033764270483516157 1.5 5.5 -7.5 
0.00019509039702825248 1.0 5.5 -7.5 
0.0006499704322777689 1.5 5.0 -7.5 
8.614664693595842e-05 2.0 6.0 -7.5 
7.057836774038151e-05 1.5 6.0 -7.5 
3.490988092380576e-05 -3.5 -2.0 -8.0 
2.3083382984623313e-05 2.5 6.0 -7.5 
0.0001803139748517424 2.0 5.5 -7.5 
3.252978785894811e-05 -3.5 -1.5 -8.0 
0.00017363764345645905 -3.0 -1.5 -8.0 
0.00026769773103296757 -3.0 -1.0 -8.0 
2.4213335564127192e-05 -2.5 -1.5 -8.0 
0.00047871313290670514 -2.5 -1.0 -8.0 
0.0009765491704456508 -2.0 -0.5 -8.0 
0.0011010714806616306 -2.5 -0.5 -8.0 
4.670725320465863e-05 -2.0 -1.0 -8.0 
0.0025966952089220285 -2.0 0.0 -8.0 
0.0009917886927723885 -2.5 0.0 -8.0 
9.105112258112058e-05 -1.5 -0.5 -8.0 
0.0015168015379458666 -1.5 0.0 -8.0 
0.00014893405023030937 -3.0 -0.5 -8.0 
0.00048600343870930374 1.5 4.5 -7.5 
0.0021011242642998695 -1.5 1.5 -7.5 
0.00023909693118184805 -2.5 0.5 -8.0 
0.0014947634190320969 -1.0 0.5 -8.0 
0.003984578885138035 -1.5 0.5 -8.0 
0.003015564987435937 -2.0 0.5 -8.0 
0.0017214932013303041 -2.0 1.0 -8.0 
9.518963634036481e-05 -1.0 0.0 -8.0 
0.0007569459266960621 -0.5 1.0 -8.0 
0.004619541112333536 -1.0 1.0 -8.0 
4.0456478018313646e-05 -0.5 0.5 -8.0 
0.00016527139814570546 -2.0 1.5 -8.0 
0.006765508558601141 -1.0 1.5 -8.0 
0.0001769927330315113 0.0 1.5 -8.0 
0.0037372508086264133 -0.5 1.5 -8.0 
0.004609339404851198 -1.5 1.5 -8.0 
0.005382117815315723 -1.5 1.0 -8.0 
0.0016089743003249168 -1.5 2.0 -8.0 
0.0018204374937340617 0.0 2.0 -8.0 
0.006706972606480122 -0.5 2.0 -8.0 
0.006890777964144945 -1.0 2.0 -8.0 
0.00399413425475359 -1.0 2.5 -8.0 
4.579927190206945e-05 -1.5 2.5 -8.0 
0.00046671804739162326 0.5 2.5 -8.0 
0.004908252973109484 0.0 2.5 -8.0 
0.007345251273363829 -0.5 2.5 -8.0 
0.005622226279228926 -0.5 3.0 -8.0 
0.0023432853631675243 0.5 3.0 -8.0 
0.006287200376391411 0.0 3.0 -8.0 
0.0006325663416646421 -1.0 3.0 -8.0 
0.0041763149201869965 0.5 3.5 -8.0 
0.005222698673605919 0.0 3.5 -8.0 
0.0017228160286322236 -0.5 3.5 -8.0 
0.0001054358363035135 -0.5 4.0 -8.0 
0.003644522512331605 0.5 4.0 -8.0 
0.002309387782588601 0.0 4.0 -8.0 
0.0006582402857020497 1.0 3.5 -8.0 
0.00010341856977902353 1.5 4.0 -8.0 
0.00034078359021805227 0.0 4.5 -8.0 
0.0006059087463654578 1.5 4.5 -8.0 
0.0019302342552691698 1.0 4.5 -8.0 
0.0003756863297894597 0.5 5.0 -8.0 
0.0018730771262198687 0.5 4.5 -8.0 
0.001963959075510502 1.0 4.0 -8.0 
0.00011582110892049968 2.0 5.0 -8.0 
0.00073502107989043 1.5 5.0 -8.0 
2.0009987565572374e-05 0.5 5.5 -8.0 
0.00018742444808594882 2.0 5.5 -8.0 
0.0003706594288814813 1.5 5.5 -8.0 
8.254820568254218e-05 1.5 6.0 -8.0 
0.0002322670043213293 1.0 5.5 -8.0 
2.3180460630101152e-05 2.5 6.0 -8.0 
6.815179949626327e-05 -3.5 -2.0 -8.5 
6.203227530932054e-05 -3.5 -1.5 -8.5 
2.7373853299650364e-05 -3.5 -2.5 -8.5 
9.113559644902125e-05 2.0 6.0 -8.0 
0.0009996980661526322 1.0 5.0 -8.0 
6.731617759214714e-05 -3.0 -2.0 -8.5 
0.00010934533929685131 -2.5 -1.5 -8.5 
0.0009652633452787995 -2.5 -1.0 -8.5 
0.0004595210775732994 -3.0 -1.0 -8.5 
0.001808654167689383 -2.0 -0.5 -8.5 
0.0017568770563229918 -2.5 -0.5 -8.5 
0.00020880828378722072 -2.0 -1.0 -8.5 
0.0015454613603651524 -2.5 0.0 -8.5 
3.985827061114833e-05 -3.0 0.0 -8.5 
0.0025858506560325623 -1.5 0.0 -8.5 
0.00030574327684007585 -1.5 -0.5 -8.5 
0.003961524460464716 -2.0 0.0 -8.5 
0.00026605138555169106 -3.0 -0.5 -8.5 
0.005897223018109798 -1.5 0.5 -8.5 
0.004407684784382582 -2.0 0.5 -8.5 
0.0004902255604974926 -2.5 0.5 -8.5 
2.0427429262781516e-05 -1.0 -0.5 -8.5 
0.0002303420624230057 -1.0 0.0 -8.5 
0.0025055797304958105 -2.0 1.0 -8.5 
3.2188025215873495e-05 -2.5 1.0 -8.5 
0.0024696863256394863 -1.0 0.5 -8.5 
0.0013092762092128396 -0.5 1.0 -8.5 
0.006608858704566956 -1.0 1.0 -8.5 
8.65319962031208e-05 -0.5 0.5 -8.5 
0.00048517718096263707 -2.0 1.5 -8.5 
0.00914182048290968 -1.0 1.5 -8.5 
0.0003543267957866192 0.0 1.5 -8.5 
0.005251773167401552 -0.5 1.5 -8.5 
0.006270083133131266 -1.5 1.5 -8.5 
0.007518191821873188 -1.5 1.0 -8.5 
0.0023114453069865704 -1.5 2.0 -8.5 
0.002597697777673602 0.0 2.0 -8.5 
0.00875635165721178 -0.5 2.0 -8.5 
0.009045515209436417 -1.0 2.0 -8.5 
0.005131032783538103 -1.0 2.5 -8.5 
0.0002556395484134555 -1.5 2.5 -8.5 
0.0007105431868694723 0.5 2.5 -8.5 
0.006266360636800528 0.0 2.5 -8.5 
0.009326502680778503 -0.5 2.5 -8.5 
0.0068129245191812515 -0.5 3.0 -8.5 
0.0029720107559114695 0.5 3.0 -8.5 
0.007613270077854395 0.0 3.0 -8.5 
0.0010594655759632587 -1.0 3.0 -8.5 
6.372646748786792e-05 -1.0 3.5 -8.5 
0.00480695441365242 0.5 3.5 -8.5 
0.0060052103362977505 0.0 3.5 -8.5 
0.0021810666657984257 -0.5 3.5 -8.5 
0.0002343265077797696 -0.5 4.0 -8.5 
0.003988773562014103 0.5 4.0 -8.5 
0.0026158527471125126 0.0 4.0 -8.5 
0.0008379012579098344 1.0 3.5 -8.5 
0.00013920765195507556 1.5 4.0 -8.5 
0.0004180089745204896 0.0 4.5 -8.5 
0.0006302387337200344 1.5 4.5 -8.5 
0.001991810044273734 1.0 4.5 -8.5 
0.00040199514478445053 0.5 5.0 -8.5 
2.3450698790838942e-05 0.0 5.0 -8.5 
0.0019634892232716084 0.5 4.5 -8.5 
0.0021601305343210697 1.0 4.0 -8.5 
3.3335327316308394e-05 1.0 3.0 -8.5 
0.0003492743126116693 -3.0 -1.5 -8.5 
0.00011530470510479063 2.0 5.0 -8.5 
0.000731661100871861 1.5 5.0 -8.5 
2.5860770620056428e-05 0.5 5.5 -8.5 
0.0001776530552888289 2.0 5.5 -8.5 
0.00036672750138677657 1.5 5.5 -8.5 
0.00023876706836745143 1.0 5.5 -8.5 
2.0231711459928192e-05 2.5 6.0 -8.5 
8.72056043590419e-05 2.0 6.0 -8.5 
9.990563557948917e-05 -3.5 -2.0 -9.0 
5.622251774184406e-05 -3.5 -2.5 -9.0 
8.358478226000443e-05 1.5 6.0 -8.5 
0.0004997519426979125 -3.0 -1.5 -9.0 
8.066099690040573e-05 -3.5 -1.5 -9.0 
0.0001553984038764611 -3.0 -2.0 -9.0 
0.000563882989808917 -3.0 -1.0 -9.0 
2.131150358763989e-05 -3.5 -1.0 -9.0 
0.00029289975645951927 -2.5 -1.5 -9.0 
0.0013889479450881481 -2.5 -1.0 -9.0 
0.00027561953174881637 -3.0 -0.5 -9.0 
0.0004995650961063802 -2.0 -1.0 -9.0 
0.002487157704308629 -2.0 -0.5 -9.0 
0.002081088023260236 -2.5 -0.5 -9.0 
0.0016177856596186757 -2.5 0.0 -9.0 
0.0033708172850310802 -1.5 0.0 -9.0 
0.004550526384264231 -2.0 0.0 -9.0 
4.6262386604212224e-05 -3.0 0.0 -9.0 
2.9349683245527558e-05 -1.5 -1.0 -9.0 
0.0004991268506273627 -2.5 0.5 -9.0 
0.0031859325245022774 -1.0 0.5 -9.0 
0.006706827320158482 -1.5 0.5 -9.0 
3.0242592401918955e-05 -1.0 -0.5 -9.0 
0.00041663579759187996 -1.0 0.0 -9.0 
0.004669647663831711 -2.0 0.5 -9.0 
0.002527908654883504 -2.0 1.0 -9.0 
5.609578511212021e-05 -2.5 1.0 -9.0 
0.0017692949622869492 -0.5 1.0 -9.0 
0.007412426173686981 -1.0 1.0 -9.0 
0.007993522100150585 -1.5 1.0 -9.0 
0.0004981440142728388 -2.0 1.5 -9.0 
0.00015601313498336822 -0.5 0.5 -9.0 
0.0059151123277843 -0.5 1.5 -9.0 
0.009643073193728924 -1.0 1.5 -9.0 
2.1079928046674468e-05 0.0 1.0 -9.0 
0.0005190023221075535 0.0 1.5 -9.0 
4.262423681211658e-05 -2.0 2.0 -9.0 
0.009275263175368309 -1.0 2.0 -9.0 
0.0030176483560353518 0.0 2.0 -9.0 
0.009159782901406288 -0.5 2.0 -9.0 
0.0023088909219950438 -1.5 2.0 -9.0 
0.009530989453196526 -0.5 2.5 -9.0 
0.005140983033925295 -1.0 2.5 -9.0 
0.0008596281986683607 0.5 2.5 -9.0 
0.006510450970381498 0.0 2.5 -9.0 
0.0002851789176929742 -1.5 2.5 -9.0 
2.6469033400644548e-05 0.5 2.0 -9.0 
0.00637953681871295 -1.5 1.5 -9.0 
0.0006044219480827451 -1.5 -0.5 -9.0 
0.006820347625762224 -0.5 3.0 -9.0 
0.001072612009011209 -1.0 3.0 -9.0 
7.077779446262866e-05 1.0 3.0 -9.0 
0.003082742914557457 0.5 3.0 -9.0 
0.007678678259253502 0.0 3.0 -9.0 
8.867858559824526e-05 -1.0 3.5 -9.0 
0.0047852592542767525 0.5 3.5 -9.0 
0.005989547818899155 0.0 3.5 -9.0 
0.0022019611205905676 -0.5 3.5 -9.0 
0.002615327248349786 0.0 4.0 -9.0 
0.0002566503535490483 -0.5 4.0 -9.0 
0.00014995093806646764 1.5 4.0 -9.0 
0.002116041025146842 1.0 4.0 -9.0 
0.0004329228831920773 0.0 4.5 -9.0 
0.003932522144168615 0.5 4.0 -9.0 
0.0008818609057925642 1.0 3.5 -9.0 
0.0005955516826361418 1.5 4.5 -9.0 
0.0019036830635741353 1.0 4.5 -9.0 
2.585892434581183e-05 0.0 5.0 -9.0 
0.0006442390731535852 1.5 5.0 -9.0 
0.0009362401906400919 1.0 5.0 -9.0 
2.6635072572389618e-05 0.5 5.5 -9.0 
0.00010444560030009598 2.0 5.0 -9.0 
0.0003974915889557451 0.5 5.0 -9.0 
0.00014338486653286964 2.0 5.5 -9.0 
0.00031079561449587345 1.5 5.5 -9.0 
6.696943455608562e-05 1.5 6.0 -9.0 
6.641273648710921e-05 2.0 6.0 -9.0 
0.00021783632109872997 1.0 5.5 -9.0 
0.0019112006993964314 0.5 4.5 -9.0 
0.00011445674317656085 -3.5 -2.0 -9.5 
8.092626376310363e-05 -3.5 -2.5 -9.5 
0.00023765819787513465 -3.0 -2.0 -9.5 
0.0005525780725292861 -3.0 -1.5 -9.5 
2.0653160390793346e-05 -3.5 -1.0 -9.5 
2.0042525648023002e-05 -3.0 -2.5 -9.5 
7.822260522516444e-05 -3.5 -1.5 -9.5 
0.0004576265928335488 -2.5 -1.5 -9.5 
0.0015058631543070078 -2.5 -1.0 -9.5 
2.5070388801395893e-05 -2.5 -2.0 -9.5 
0.002056849654763937 -2.5 -0.5 -9.5 
0.00026697732391767204 -3.0 -0.5 -9.5 
0.0007310286746360362 -2.0 -1.0 -9.5 
3.826638203463517e-05 -2.0 -1.5 -9.5 
0.002621783409267664 -2.0 -0.5 -9.5 
0.0005593625246547163 -3.0 -1.0 -9.5 
0.0015855912351980805 -2.5 0.0 -9.5 
4.235054075252265e-05 -3.0 0.0 -9.5 
0.0008221944444812834 -1.5 -0.5 -9.5 
0.00349468644708395 -1.5 0.0 -9.5 
0.004505849443376064 -2.0 0.0 -9.5 
0.0045871916227042675 -2.0 0.5 -9.5 
0.00047442750656045973 -2.5 0.5 -9.5 
4.95779822813347e-05 -1.5 -1.0 -9.5 
0.0005499960971064866 -1.0 0.0 -9.5 
0.003297969000414014 -1.0 0.5 -9.5 
3.9958558772923425e-05 -1.0 -0.5 -9.5 
0.0024683258961886168 -2.0 1.0 -9.5 
5.258488090476021e-05 -2.5 1.0 -9.5 
0.007325073704123497 -1.0 1.0 -9.5 
0.00020992856298107654 -0.5 0.5 -9.5 
0.001905857934616506 -0.5 1.0 -9.5 
0.007862483151257038 -1.5 1.0 -9.5 
0.006644636392593384 -1.5 0.5 -9.5 
0.0004788618825841695 -2.0 1.5 -9.5 
0.005832571070641279 -0.5 1.5 -9.5 
0.009426993317902088 -1.0 1.5 -9.5 
3.3685642847558483e-05 0.0 1.0 -9.5 
0.0006107200169935822 0.0 1.5 -9.5 
0.0062232548370957375 -1.5 1.5 -9.5 
4.2358486098237336e-05 -2.0 2.0 -9.5 
0.008881675079464912 -0.5 2.0 -9.5 
0.009009605273604393 -1.0 2.0 -9.5 
0.002260654466226697 -1.5 2.0 -9.5 
5.041301483288407e-05 0.5 2.0 -9.5 
0.0029801984783262014 0.0 2.0 -9.5 
0.009157385677099228 -0.5 2.5 -9.5 
0.004985550418496132 -1.0 2.5 -9.5 
0.0008825695258565247 0.5 2.5 -9.5 
0.006227691192179918 0.0 2.5 -9.5 
0.006443288177251816 -0.5 3.0 -9.5 
0.002913150005042553 0.5 3.0 -9.5 
0.007183989509940147 0.0 3.0 -9.5 
0.0010686370078474283 -1.0 3.0 -9.5 
0.005443186964839697 0.0 3.5 -9.5 
0.002140400465577841 -0.5 3.5 -9.5 
8.871200407156721e-05 -1.0 3.5 -9.5 
0.0008408353314734995 1.0 3.5 -9.5 
0.0023560896515846252 0.0 4.0 -9.5 
0.00025924440706148744 -0.5 4.0 -9.5 
0.004292989615350962 0.5 3.5 -9.5 
9.692662570159882e-05 1.0 3.0 -9.5 
0.00027713555027730763 -1.5 2.5 -9.5 
0.0001520418154541403 1.5 4.0 -9.5 
0.0018092411337420344 1.0 4.0 -9.5 
0.001492065261118114 1.0 4.5 -9.5 
0.0015454412205144763 0.5 4.5 -9.5 
2.9899329092586413e-05 0.0 5.0 -9.5 
0.0004966465057805181 1.5 4.5 -9.5 
0.0004182899428997189 0.0 4.5 -9.5 
0.0004595559148583561 1.5 5.0 -9.5 
0.0006788759492337704 1.0 5.0 -9.5 
8.524592703906819e-05 2.0 5.0 -9.5 
0.00021165343059692532 1.5 5.5 -9.5 
0.00014726656081620604 1.0 5.5 -9.5 
3.649058271548711e-05 1.5 6.0 -9.5 
9.721114474814385e-05 2.0 5.5 -9.5 
2.6553601855994202e-05 0.5 5.5 -9.5 
0.0003180813801009208 0.5 5.0 -9.5 
0.0001093082464649342 -3.5 -2.0 -10.0 
2.638927981024608e-05 -3.5 -3.0 -10.0 
7.497082697227597e-05 -3.5 -1.5 -10.0 
8.976404933491722e-05 -3.5 -2.5 -10.0 
4.446119783096947e-05 -3.0 -2.5 -10.0 
0.0002771947765722871 -3.0 -2.0 -10.0 
0.0005414971383288503 -2.5 -1.5 -10.0 
0.0013991424348205328 -2.5 -1.0 -10.0 
5.952191349933855e-05 -2.5 -2.0 -10.0 
0.0005026828148402274 -3.0 -1.0 -10.0 
0.0005120195564813912 -3.0 -1.5 -10.0 
3.947167715523392e-05 2.0 6.0 -9.5 
0.003355174558237195 0.5 4.0 -9.5 
0.002438950352370739 -2.0 -0.5 -10.0 
0.0018076716223731637 -2.5 -0.5 -10.0 
7.518126221839339e-05 -2.0 -1.5 -10.0 
0.0008258758462034166 -2.0 -1.0 -10.0 
3.955594729632139e-05 -3.0 0.0 -10.0 
0.0032058660872280598 -1.5 0.0 -10.0 
0.0039254482835531235 -2.0 0.0 -10.0 
0.0013894326984882355 -2.5 0.0 -10.0 
6.771586777176708e-05 -1.5 -1.0 -10.0 
0.005759750958532095 -1.5 0.5 -10.0 
0.003940860275179148 -2.0 0.5 -10.0 
0.0006081003230065107 -1.0 0.0 -10.0 
4.496737165027298e-05 -1.0 -0.5 -10.0 
0.0030306100379675627 -1.0 0.5 -10.0 
0.00045196691644378006 -2.5 0.5 -10.0 
0.0009056554408743978 -1.5 -0.5 -10.0 
4.491219442570582e-05 -2.5 1.0 -10.0 
0.006286855321377516 -1.0 1.0 -10.0 
0.006683030165731907 -1.5 1.0 -10.0 
0.0021991529501974583 -2.0 1.0 -10.0 
0.00024357694201171398 -0.5 0.5 -10.0 
0.0018021950963884592 -0.5 1.0 -10.0 
0.007886402308940887 -1.0 1.5 -10.0 
0.005247065331786871 -1.5 1.5 -10.0 
3.9328766433754936e-05 0.0 1.0 -10.0 
0.0006106194923631847 0.0 1.5 -10.0 
0.0050104581750929356 -0.5 1.5 -10.0 
0.0020258198492228985 -1.5 2.0 -10.0 
0.0072509958408772945 -0.5 2.0 -10.0 
0.00739947147667408 -1.0 2.0 -10.0 
3.6697736504720524e-05 -2.0 2.0 -10.0 
0.0004612717602867633 -2.0 1.5 -10.0 
7.789980008965358e-05 0.5 2.0 -10.0 
0.004081005696207285 -1.0 2.5 -10.0 
0.0002716273011174053 -1.5 2.5 -10.0 
0.004951701499521732 0.0 2.5 -10.0 
0.0008143236045725644 0.5 2.5 -10.0 
0.007274673320353031 -0.5 2.5 -10.0 
0.005423327442258596 0.0 3.0 -10.0 
0.004877026658505201 -0.5 3.0 -10.0 
0.0009805974550545216 -1.0 3.0 -10.0 
0.00012147889356128871 1.0 3.0 -10.0 
8.621731103630736e-05 -1.0 3.5 -10.0 
0.0038845546077936888 0.0 3.5 -10.0 
0.0016526690451428294 -0.5 3.5 -10.0 
0.002320753177627921 0.5 3.0 -10.0 
0.0007085119723342359 1.0 3.5 -10.0 
0.0002407807915005833 -0.5 4.0 -10.0 
0.0012715893099084496 1.0 4.0 -10.0 
0.002244922798126936 0.5 4.0 -10.0 
0.00014432739408221096 1.5 4.0 -10.0 
0.0015786228468641639 0.0 4.0 -10.0 
0.0009320458048023283 1.0 4.5 -10.0 
0.0009433157974854112 0.5 4.5 -10.0 
2.4053329980233684e-05 0.0 5.0 -10.0 
0.0003509357920847833 1.5 4.5 -10.0 
0.0002729411644395441 1.5 5.0 -10.0 
0.00037856510607525706 1.0 5.0 -10.0 
6.772237975383177e-05 1.0 5.5 -10.0 
6.136127194622532e-05 2.0 5.0 -10.0 
0.0001726499613141641 0.5 5.0 -10.0 
0.0002849844458978623 0.0 4.5 -10.0 
0.0031107657123357058 0.5 3.5 -10.0 
0.0025969508569687605 0.0 2.0 -10.0 
0.00024419775581918657 -3.0 -0.5 -10.0 
5.327644612407312e-05 2.0 5.5 -10.0 
2.014164965657983e-05 -4.0 -3.0 -10.5 
3.0975665140431374e-05 -3.5 -3.0 -10.5 
7.508283306378871e-05 -3.5 -2.5 -10.5 
0.0003599315241444856 -3.0 -1.5 -10.5 
5.11071557411924e-05 -3.5 -1.5 -10.5 
7.059830386424437e-05 -3.0 -2.5 -10.5 
0.000999651849269867 -2.5 -1.0 -10.5 
0.00033518101554363966 -3.0 -1.0 -10.5 
0.0002404882834525779 -3.0 -2.0 -10.5 
8.14946397440508e-05 -3.5 -2.0 -10.5 
0.0001051445651683025 -2.5 -2.0 -10.5 
0.00017387700791005045 -3.0 -0.5 -10.5 
0.0007188300369307399 -2.0 -1.0 -10.5 
0.0017411134904250503 -2.0 -0.5 -10.5 
0.0001244065788341686 -2.0 -1.5 -10.5 
0.0011784962844103575 -2.5 -0.5 -10.5 
0.0025564238894730806 -2.0 0.0 -10.5 
0.0008936735102906823 -2.5 0.0 -10.5 
9.234521712642163e-05 -1.5 -1.0 -10.5 
0.0007918487535789609 -1.5 -0.5 -10.5 
0.002256979001685977 -1.5 0.0 -10.5 
0.0025129516143351793 -2.0 0.5 -10.5 
0.002165231853723526 -1.0 0.5 -10.5 
0.0037594782188534737 -1.5 0.5 -10.5 
0.0003592619323171675 -2.5 0.5 -10.5 
4.05175524065271e-05 -3.0 0.0 -10.5 
0.0004789969534613192 -2.5 -1.5 -10.5 
4.7139954403974116e-05 -1.0 -0.5 -10.5 
5.048771345173009e-05 -2.5 1.0 -10.5 
0.004106183536350727 -1.0 1.0 -10.5 
0.004254434257745743 -1.5 1.0 -10.5 
0.00023726238578092307 -0.5 0.5 -10.5 
0.0013795597478747368 -0.5 1.0 -10.5 
0.0014627615455538034 -2.0 1.0 -10.5 
0.005006417166441679 -1.0 1.5 -10.5 
0.003293823916465044 -1.5 1.5 -10.5 
0.00040660350350663066 -2.0 1.5 -10.5 
4.954133692081086e-05 0.0 1.0 -10.5 
0.0005317052127793431 0.0 1.5 -10.5 
3.340069088153541e-05 -2.0 2.0 -10.5 
0.0033326279371976852 -0.5 1.5 -10.5 
0.004534779116511345 -0.5 2.0 -10.5 
0.004573591984808445 -1.0 2.0 -10.5 
0.00010216400551144034 0.5 2.0 -10.5 
0.0018160393228754401 0.0 2.0 -10.5 
0.00024391112674493343 -1.5 2.5 -10.5 
0.0044039771892130375 -0.5 2.5 -10.5 
0.0024239427875727415 -1.0 2.5 -10.5 
0.0006339307874441147 0.5 2.5 -10.5 
0.0031534056179225445 0.0 3.0 -10.5 
0.0027249492704868317 -0.5 3.0 -10.5 
0.00013163586845621467 1.0 3.0 -10.5 
0.0015133772976696491 0.5 3.0 -10.5 
0.0006189109990373254 -1.0 3.0 -10.5 
0.0031067305244505405 0.0 2.5 -10.5 
0.0013517637271434069 -1.5 2.0 -10.5 
0.0005584295722655952 -1.0 0.0 -10.5 
0.002064062748104334 0.0 3.5 -10.5 
0.0008461835095658898 -0.5 3.5 -10.5 
0.0005041318363510072 1.0 3.5 -10.5 
0.0017596279503777623 0.5 3.5 -10.5 
0.0007082067895680666 0.0 4.0 -10.5 
0.00013903729268349707 -0.5 4.0 -10.5 
0.00011718005407601595 1.5 4.0 -10.5 
0.000704549893271178 1.0 4.0 -10.5 
0.001128729316405952 0.5 4.0 -10.5 
0.00011038877710234374 0.0 4.5 -10.5 
0.00019797158893197775 1.5 4.5 -10.5 
0.0004424342478159815 1.0 4.5 -10.5 
0.0003841491707134992 0.5 4.5 -10.5 
4.709064160124399e-05 0.5 5.0 -10.5 
0.00011978299880865961 1.5 5.0 -10.5 
3.517779987305403e-05 2.0 5.0 -10.5 
0.00014017907960806042 1.0 5.0 -10.5 
2.0716443032142706e-05 2.0 5.5 -10.5 
3.433595338719897e-05 1.5 5.5 -10.5 
3.8478068745462224e-05 -3.5 -2.5 -11.0 
3.670463411253877e-05 -3.5 -2.0 -11.0 
0.00017263997870031744 -3.0 -1.5 -11.0 
2.2265088773565367e-05 -3.5 -1.5 -11.0 
2.3697073629591614e-05 -3.5 -3.0 -11.0 
6.079898957978003e-05 -3.0 -2.5 -11.0 
0.0004826952063012868 -2.5 -1.0 -11.0 
0.00013385291094891727 -3.0 -1.0 -11.0 
0.00010105736873811111 -2.5 -2.0 -11.0 
0.0005039582611061633 -2.5 -0.5 -11.0 
7.126044511096552e-05 -3.0 -0.5 -11.0 
0.00030303336097858846 -2.5 -1.5 -11.0 
0.00014286927762441337 -3.0 -2.0 -11.0 
0.00012040122237522155 -2.0 -1.5 -11.0 
0.0004485097306314856 -2.0 -1.0 -11.0 
3.003790698130615e-05 -3.0 0.0 -11.0 
0.0011419152142480016 -1.5 0.0 -11.0 
0.0011401138035580516 -2.0 0.0 -11.0 
9.581254562363029e-05 -1.5 -1.0 -11.0 
0.0005007016588933766 -1.5 -0.5 -11.0 
0.00034522442729212344 -2.5 0.0 -11.0 
0.0010073176817968488 -2.0 0.5 -11.0 
0.00015797432570252568 -2.5 0.5 -11.0 
0.00038274109829217196 -1.0 0.0 -11.0 
0.0011253714328631759 -1.0 0.5 -11.0 
0.0017013854812830687 -1.5 0.5 -11.0 
4.9314385250909254e-05 -2.5 1.0 -11.0 
0.0018187565729022026 -1.5 1.0 -11.0 
0.000563744455575943 -2.0 1.0 -11.0 
4.8102399887284264e-05 -1.0 -0.5 -11.0 
0.00018536135030444711 -0.5 0.5 -11.0 
0.0007858825265429914 -0.5 1.0 -11.0 
0.0012633983278647065 -1.5 1.5 -11.0 
0.00020239583682268858 -2.0 1.5 -11.0 
0.0016036208253353834 -0.5 1.5 -11.0 
5.0100850785383955e-05 0.0 1.0 -11.0 
0.0003510564856696874 0.0 1.5 -11.0 
0.002209651982411742 -1.0 1.5 -11.0 
0.0017848608549684286 -1.0 2.0 -11.0 
0.0005025907885283232 -1.5 2.0 -11.0 
3.990961340605281e-05 -2.0 2.0 -11.0 
9.46473446674645e-05 0.5 2.0 -11.0 
0.0009590003173798323 0.0 2.0 -11.0 
0.002013887045904994 -0.5 2.0 -11.0 
0.0018876983085647225 -1.0 1.0 -11.0 
0.0008851022575981915 -2.0 -0.5 -11.0 
8.354820602107793e-05 -1.0 3.5 -10.5 
0.0017549748299643397 -0.5 2.5 -11.0 
0.0007923758239485323 -1.0 2.5 -11.0 
0.0003945757634937763 0.5 2.5 -11.0 
0.0014058469096198678 0.0 2.5 -11.0 
0.00019257425446994603 -1.0 3.0 -11.0 
0.0007303183665499091 0.5 3.0 -11.0 
0.0012512300163507462 0.0 3.0 -11.0 
0.0008465524879284203 -0.5 3.0 -11.0 
3.612033469835296e-05 -1.0 3.5 -11.0 
0.0006818315596319735 0.5 3.5 -11.0 
0.0006274605402722955 0.0 3.5 -11.0 
0.000185529250302352 -0.5 3.5 -11.0 
2.3731372493784875e-05 -0.5 4.0 -11.0 
0.00033499463461339474 0.5 4.0 -11.0 
7.492158329114318e-05 1.5 4.0 -11.0 
0.0002642789331730455 1.0 4.0 -11.0 
0.00012786562729161233 0.0 4.0 -11.0 
0.00027729885187000036 1.0 3.5 -11.0 
0.00011133687075925991 1.0 3.0 -11.0 
5.9151807363377884e-05 0.5 4.5 -11.0 
7.454944716300815e-05 1.5 4.5 -11.0 
0.00012302449613343924 1.0 4.5 -11.0 
3.0198074455256574e-05 1.5 5.0 -11.0 
2.295622653036844e-05 1.0 5.0 -11.0 
3.1887833756627515e-05 -3.0 -2.5 -11.5 
4.721418736153282e-05 -3.0 -2.0 -11.5 
0.00010971227311529219 -2.5 -1.5 -11.5 
0.0001146243666880764 -2.5 -1.0 -11.5 
3.140857370453887e-05 -3.0 -1.5 -11.5 
0.00025105258100666106 -2.0 -0.5 -11.5 
7.401579932775348e-05 -2.5 -0.5 -11.5 
7.730125798843801e-05 -2.0 -1.5 -11.5 
0.00021701511286664754 -2.0 0.0 -11.5 
3.1812465749680996e-05 -2.5 0.0 -11.5 
0.0001784868654794991 -2.0 -1.0 -11.5 
6.676724296994507e-05 -1.5 -1.0 -11.5 
0.00020316065638326108 -1.5 -0.5 -11.5 
0.00035711692180484533 -1.0 0.5 -11.5 
0.0003831334179267287 -1.5 0.5 -11.5 
3.623526936280541e-05 -1.0 -0.5 -11.5 
0.0001688727061264217 -1.0 0.0 -11.5 
0.00012190151028335094 -2.0 0.5 -11.5 
0.0003388756013009697 -1.5 0.0 -11.5 
0.0002935765078291297 -1.5 1.0 -11.5 
5.0036967877531424e-05 -2.0 1.0 -11.5 
9.695088374428451e-05 -0.5 0.5 -11.5 
0.0002846701245289296 -0.5 1.0 -11.5 
0.00046231166925281286 -1.0 1.0 -11.5 
2.249485805805307e-05 -2.0 1.5 -11.5 
0.00042717345058918 -1.0 1.5 -11.5 
0.00012783694546669722 -1.5 1.5 -11.5 
3.563766222214326e-05 0.0 1.0 -11.5 
0.00015710355364717543 0.0 1.5 -11.5 
0.0004349997325334698 -0.5 2.0 -11.5 
0.00021992030087858438 -1.0 2.0 -11.5 
6.0986239986959845e-05 0.5 2.0 -11.5 
0.00031146465335041285 0.0 2.0 -11.5 
3.324643330415711e-05 -1.5 2.0 -11.5 
0.0004346019995864481 -0.5 1.5 -11.5 
6.551077967742458e-05 -2.5 -2.0 -11.5 
4.854853978031315e-05 -1.0 2.5 -11.5 
0.00016183697152882814 0.5 2.5 -11.5 
0.00033797536161728203 0.0 2.5 -11.5 
0.0002494786458555609 -0.5 2.5 -11.5 
0.00019934943702537566 0.0 3.0 -11.5 
5.899495954508893e-05 -0.5 3.0 -11.5 
6.169211701489985e-05 1.0 3.0 -11.5 
4.890795025858097e-05 0.0 3.5 -11.5 
8.600795990787446e-05 1.0 3.5 -11.5 
2.8718139219563454e-05 0.5 4.0 -11.5 
2.5253757485188544e-05 1.5 4.0 -11.5 
4.584205453284085e-05 1.0 4.0 -11.5 
0.00011727114178938791 0.5 3.5 -11.5 
0.00020094215869903564 0.5 3.0 -11.5 
2.3450898879673332e-05 -2.0 -1.0 -12.0 
3.395842213649303e-05 -1.5 -0.5 -12.0 
2.1433652364066802e-05 -1.5 -1.0 -12.0 
3.112506965408102e-05 -1.5 0.0 -12.0 
3.876373011735268e-05 -1.0 0.5 -12.0 
2.4211127310991287e-05 -1.5 0.5 -12.0 
3.418964843149297e-05 -1.0 0.0 -12.0 
3.7763813452329487e-05 -1.0 1.0 -12.0 
2.4865033992682584e-05 -0.5 0.5 -12.0 
3.956207729061134e-05 -0.5 1.0 -12.0 
4.0896633436204866e-05 -0.5 1.5 -12.0 
2.2895223082741722e-05 -1.0 1.5 -12.0 
3.06546498904936e-05 0.0 1.5 -12.0 
2.889555980800651e-05 -0.5 2.0 -12.0 
3.6279710911912844e-05 0.0 2.0 -12.0 
2.6440597139298916e-05 0.0 2.5 -12.0 
2.599232720967848e-05 0.5 2.5 -12.0 
0.00011897083459189162 -1.5 2.5 -11.0 
0.00010704997839638963 1.5 5.5 -10.0 
0.001013745553791523 1.0 5.0 -8.5 
