0.6000000000000001
2.6341367629356682e-05 4.0 8.5 -10.0 
6.191785359987989e-05 4.5 9.0 -10.0 
3.2300344173563644e-05 5.0 9.0 -10.0 
2.602507811388932e-05 4.0 9.0 -10.0 
2.5001201720442623e-05 4.5 8.5 -10.0 
6.646688416367397e-05 5.0 9.5 -10.0 
7.175742939580232e-05 4.5 9.5 -10.0 
3.1619601941201836e-05 5.0 9.5 -9.5 
4.3130767153343186e-05 4.0 8.0 -10.5 
7.208470196928829e-05 4.5 8.5 -10.5 
9.070848318515345e-05 4.0 8.5 -10.5 
5.3352454415289685e-05 5.0 9.0 -10.5 
0.00013484015653375536 4.5 9.0 -10.5 
0.00014120369451120496 4.5 9.5 -10.5 
4.9533315177541226e-05 4.0 9.5 -10.5 
2.0297358787502162e-05 4.0 10.0 -10.5 
0.00012684483954217285 5.0 10.0 -10.5 
5.110979691380635e-05 5.5 10.0 -10.5 
0.00012001610593870282 4.5 10.0 -10.5 
0.00011388561688363552 5.0 9.5 -10.5 
8.625122427474707e-05 5.0 10.0 -10.0 
5.609010622720234e-05 4.5 10.0 -10.0 
4.370727765490301e-05 5.5 10.0 -10.0 
2.9029504730715416e-05 5.5 10.0 -9.5 
4.1220493585569784e-05 5.0 10.0 -9.5 
8.464904385618865e-05 4.0 9.0 -10.5 
4.4294694816926494e-05 4.0 7.5 -11.0 
6.084593042032793e-05 3.5 7.5 -11.0 
9.21683749766089e-05 3.5 8.0 -11.0 
4.476141111808829e-05 4.5 8.0 -11.0 
7.799065497238189e-05 3.5 8.5 -11.0 
0.00013550164294429123 4.5 8.5 -11.0 
0.0002098719560308382 4.0 8.5 -11.0 
0.00012672669254243374 4.0 8.0 -11.0 
0.00020527991000562906 4.0 9.0 -11.0 
3.741263208212331e-05 3.5 9.0 -11.0 
7.055522291921079e-05 5.0 9.0 -11.0 
0.00021578939049504697 4.5 9.0 -11.0 
0.00023407359549310058 4.5 9.5 -11.0 
0.0001336332643404603 4.0 9.5 -11.0 
0.0001988894073292613 4.5 10.0 -11.0 
4.5801178202964365e-05 4.0 10.0 -11.0 
0.00015088538930285722 5.0 9.5 -11.0 
5.001431782147847e-05 5.5 10.0 -11.0 
0.0001597476948518306 5.0 10.5 -11.0 
0.00010014743020292372 4.5 10.5 -11.0 
0.0001172509219031781 5.0 10.5 -10.5 
7.980101509019732e-05 5.5 10.5 -10.5 
6.0912687331438065e-05 4.5 10.5 -10.5 
8.768333646003157e-05 5.5 10.5 -11.0 
7.789677329128608e-05 5.0 10.5 -10.0 
2.517693610570859e-05 4.5 10.5 -10.0 
6.312342156888917e-05 5.5 10.5 -10.0 
3.749478128156625e-05 5.5 10.5 -9.5 
3.751006079255603e-05 5.0 10.5 -9.5 
2.0517652956186794e-05 -5.5 -11.0 -11.5 
0.00017780270718503743 5.0 10.0 -11.0 
2.318711267434992e-05 3.0 6.5 -11.5 
2.0688734366558492e-05 4.0 7.0 -11.5 
7.136358181014657e-05 3.5 7.0 -11.5 
7.39872848498635e-05 3.0 7.5 -11.5 
0.0001188114401884377 4.0 7.5 -11.5 
0.0002688397071324289 3.5 8.0 -11.5 
7.092783198459074e-05 4.5 8.0 -11.5 
0.00025702774291858077 4.0 8.0 -11.5 
4.015833474113606e-05 3.0 8.0 -11.5 
0.0002192177635151893 3.5 7.5 -11.5 
0.0002079833939205855 3.5 8.5 -11.5 
0.00019914291624445468 4.5 8.5 -11.5 
0.00037954110302962363 4.0 8.5 -11.5 
0.00031741728889755905 4.5 9.0 -11.5 
0.0003586519742384553 4.0 9.0 -11.5 
0.0002215615240857005 4.0 9.5 -11.5 
7.020294287940487e-05 5.0 9.0 -11.5 
8.725900988793e-05 3.5 9.0 -11.5 
7.992234168341383e-05 3.0 7.0 -11.5 
0.00016553312889300287 5.0 9.5 -11.5 
0.00020815202151425183 5.0 10.0 -11.5 
0.00026762220659293234 4.5 10.0 -11.5 
7.548889698227867e-05 4.0 10.0 -11.5 
0.00018281607481185347 5.0 10.5 -11.5 
8.357737533515319e-05 5.5 10.5 -11.5 
0.00013480115740094334 4.5 10.5 -11.5 
3.9802635001251474e-05 5.5 10.0 -11.5 
8.040399552555755e-05 5.5 11.0 -11.5 
0.00011238749721087515 5.0 11.0 -11.5 
9.879501158138737e-05 5.0 11.0 -11.0 
2.0610852516256273e-05 4.5 11.0 -11.0 
7.145242852857336e-05 5.5 11.0 -10.5 
2.416526695014909e-05 6.0 11.0 -10.5 
7.351319800363854e-05 5.0 11.0 -10.5 
8.117547258734703e-05 5.5 11.0 -11.0 
2.859118649212178e-05 4.5 11.0 -11.5 
5.689427780453116e-05 5.5 11.0 -10.0 
4.388501838548109e-05 5.0 11.0 -10.0 
2.2475609512184747e-05 6.0 11.0 -10.0 
3.307059523649514e-05 5.5 11.0 -9.5 
2.005875103350263e-05 5.0 11.0 -9.5 
2.5963761800085194e-05 -5.5 -10.5 -12.0 
2.2368352802004665e-05 -5.5 -10.0 -12.0 
2.8653112167376094e-05 -5.5 -11.0 -12.0 
2.430161475786008e-05 -5.0 -9.0 -12.0 
3.220657163183205e-05 -5.0 -10.0 -12.0 
2.825399860739708e-05 -5.0 -10.5 -12.0 
3.265258783358149e-05 -5.0 -9.5 -12.0 
2.872430741263088e-05 -4.5 -8.5 -12.0 
2.637283250805922e-05 -4.5 -9.5 -12.0 
2.0424849935807288e-05 -4.0 -8.0 -12.0 
2.011332799156662e-05 -4.0 -7.5 -12.0 
3.2047249987954274e-05 -4.5 -9.0 -12.0 
0.00032354408176615834 4.5 9.5 -11.5 
5.851824244018644e-05 2.5 6.0 -12.0 
0.00016382982721552253 3.0 6.5 -12.0 
5.635470733977854e-05 2.5 6.5 -12.0 
0.0003121972840745002 3.0 7.0 -12.0 
3.7537825846811756e-05 4.0 7.0 -12.0 
0.00025066963280551136 3.5 7.0 -12.0 
3.656683838926256e-05 2.5 7.0 -12.0 
6.989934627199546e-05 3.5 6.5 -12.0 
3.4996948670595884e-05 3.0 6.0 -12.0 
0.00026080189854837954 3.0 7.5 -12.0 
0.00020837974443566054 4.0 7.5 -12.0 
0.0005008091684430838 3.5 7.5 -12.0 
0.0005303224897943437 3.5 8.0 -12.0 
0.00013276412209961563 3.0 8.0 -12.0 
7.322319288505241e-05 4.5 8.0 -12.0 
3.916871719411574e-05 3.0 8.5 -12.0 
0.00044341274769976735 4.0 8.0 -12.0 
0.0002345137036172673 4.5 8.5 -12.0 
0.0005570112843997777 4.0 8.5 -12.0 
0.00018020498100668192 3.5 9.0 -12.0 
5.472578413900919e-05 5.0 9.0 -12.0 
0.0003830658388324082 4.5 9.0 -12.0 
3.7787096516694874e-05 3.5 9.5 -12.0 
0.0003754496283363551 4.5 9.5 -12.0 
0.00031323221628554165 4.0 9.5 -12.0 
0.0005049491883255541 4.0 9.0 -12.0 
0.0004010444681625813 3.5 8.5 -12.0 
0.0002104282466461882 5.0 10.0 -12.0 
0.0003030529187526554 4.5 10.0 -12.0 
0.00011950314365094528 4.0 10.0 -12.0 
0.0001798916928237304 5.0 10.5 -12.0 
6.825052696513012e-05 5.5 10.5 -12.0 
0.0001579045201651752 4.5 10.5 -12.0 
2.4413429855485447e-05 5.5 10.0 -12.0 
0.00010841470066225156 5.0 11.0 -12.0 
3.519473102642223e-05 4.5 11.0 -12.0 
6.583970389328897e-05 5.5 11.0 -12.0 
3.545779691194184e-05 5.5 11.5 -12.0 
2.9424751119222492e-05 5.0 11.5 -11.5 
5.002547914045863e-05 5.5 11.5 -11.5 
2.3220189177663997e-05 5.0 11.5 -12.0 
0.00015740741218905896 5.0 9.5 -12.0 
4.8484947910765186e-05 5.5 11.5 -11.0 
2.6133699066122063e-05 5.0 11.5 -11.0 
4.000926492153667e-05 5.5 11.5 -10.5 
2.752482396317646e-05 5.5 11.5 -10.0 
2.057291021628771e-05 6.0 11.5 -10.5 
2.27544478548225e-05 -5.5 -10.0 -12.5 
2.842658977897372e-05 -5.5 -10.5 -12.5 
3.0102668461040594e-05 -5.5 -11.0 -12.5 
3.778047539526597e-05 -5.0 -9.0 -12.5 
4.4814893044531345e-05 -5.0 -10.0 -12.5 
3.704721530084498e-05 -5.0 -10.5 -12.5 
4.680577330873348e-05 -5.0 -9.5 -12.5 
6.226227560546249e-05 -4.5 -8.5 -12.5 
4.352712494437583e-05 -4.5 -8.0 -12.5 
5.194257391849533e-05 -4.5 -9.5 -12.5 
6.095897333580069e-05 -4.5 -9.0 -12.5 
2.726591810642276e-05 -4.5 -10.0 -12.5 
6.103808846091852e-05 -4.0 -8.0 -12.5 
5.7094413932645693e-05 -4.0 -7.5 -12.5 
2.216996654169634e-05 -4.0 -9.0 -12.5 
4.8237019655061886e-05 -4.0 -8.5 -12.5 
3.991044286522083e-05 -3.5 -7.0 -12.5 
3.2067324355011806e-05 -3.5 -6.5 -12.5 
3.147763345623389e-05 -3.5 -7.5 -12.5 
3.2524003472644836e-05 2.5 5.0 -12.5 
5.882925324840471e-05 2.0 5.5 -12.5 
3.789969559875317e-05 3.0 5.5 -12.5 
3.26724439219106e-05 2.0 6.0 -12.5 
0.0002115133247571066 3.0 6.0 -12.5 
0.0003159640182275325 2.5 6.0 -12.5 
0.00012468162458389997 2.5 5.5 -12.5 
6.331699842121452e-05 2.0 5.0 -12.5 
0.0005525309243239462 3.0 6.5 -12.5 
0.0002858725201804191 2.5 6.5 -12.5 
0.000698817428201437 3.0 7.0 -12.5 
5.088284524390474e-05 4.0 7.0 -12.5 
0.0005065930890850723 3.5 7.0 -12.5 
0.0001554063055664301 2.5 7.0 -12.5 
0.00018747626745607704 3.5 6.5 -12.5 
0.0005758111365139484 3.0 7.5 -12.5 
5.128019256517291e-05 2.5 7.5 -12.5 
0.00028415973065420985 4.0 7.5 -12.5 
0.0008025073329918087 3.5 7.5 -12.5 
0.000797501124907285 3.5 8.0 -12.5 
0.0003148369723930955 3.0 8.0 -12.5 
6.344515713863075e-05 4.5 8.0 -12.5 
9.626812970964238e-05 3.0 8.5 -12.5 
0.0005918012466281652 4.0 8.0 -12.5 
0.00023504039563704282 4.5 8.5 -12.5 
0.0006413224618881941 4.0 8.5 -12.5 
0.0003054438275285065 3.5 9.0 -12.5 
3.541626938385889e-05 5.0 9.0 -12.5 
0.0003957238222938031 4.5 9.0 -12.5 
7.588253356516361e-05 3.5 9.5 -12.5 
0.00038213637890294194 4.5 9.5 -12.5 
0.00041058743954636157 4.0 9.5 -12.5 
0.0005958380061201751 4.0 9.0 -12.5 
0.00018142725457437336 5.0 10.0 -12.5 
0.0003086153883486986 4.5 10.0 -12.5 
0.00017175989341922104 4.0 10.0 -12.5 
0.00016904849326238036 4.5 10.5 -12.5 
2.7207635866943747e-05 4.0 10.5 -12.5 
4.532706589088775e-05 5.5 10.5 -12.5 
0.00015251788136083633 5.0 10.5 -12.5 
0.0001266117615159601 5.0 9.5 -12.5 
4.347194771980867e-05 5.5 11.0 -12.5 
8.603015885455534e-05 5.0 11.0 -12.5 
3.8290196243906394e-05 4.5 11.0 -12.5 
0.0006372788920998573 3.5 8.5 -12.5 
3.1787712941877544e-05 -4.0 -7.0 -12.5 
2.7538964786799625e-05 -5.5 -10.5 -13.0 
2.2444583009928465e-05 -5.5 -11.0 -13.0 
4.519590220297687e-05 -5.0 -9.0 -13.0 
2.2012938643456437e-05 -5.0 -8.5 -13.0 
2.156500704586506e-05 -5.5 -10.0 -13.0 
5.264804349280894e-05 -5.0 -10.0 -13.0 
4.058881677337922e-05 -5.0 -10.5 -13.0 
9.430711361346766e-05 -4.5 -8.5 -13.0 
7.18504234100692e-05 -4.5 -8.0 -13.0 
7.34602872398682e-05 -4.5 -9.5 -13.0 
3.9966689655557275e-05 -4.5 -10.0 -13.0 
9.088357182918116e-05 -4.5 -9.0 -13.0 
3.2187635952141136e-05 -4.5 -7.5 -13.0 
5.6677712564123794e-05 -5.0 -9.5 -13.0 
3.164520239806734e-05 -4.0 -6.5 -13.0 
0.0001247045147465542 -4.0 -8.0 -13.0 
0.00012411785428412259 -4.0 -7.5 -13.0 
5.1988070481456816e-05 -4.0 -9.0 -13.0 
2.0893761757179163e-05 -4.0 -9.5 -13.0 
0.00010424261563457549 -4.0 -8.5 -13.0 
7.930756692076102e-05 -4.0 -7.0 -13.0 
0.0001224918378284201 -3.5 -7.0 -13.0 
0.00011547093890840188 -3.5 -6.5 -13.0 
4.65065568278078e-05 -3.5 -8.0 -13.0 
9.725275594973937e-05 -3.5 -7.5 -13.0 
6.142573693068698e-05 -3.5 -6.0 -13.0 
6.929459777893499e-05 -3.0 -5.5 -13.0 
2.272375968459528e-05 -3.0 -5.0 -13.0 
2.9691236704820767e-05 -3.0 -7.0 -13.0 
6.327597657218575e-05 -3.0 -6.5 -13.0 
8.60085929161869e-05 -3.0 -6.0 -13.0 
3.213736999896355e-05 -2.5 -4.5 -13.0 
2.9260419978527352e-05 -2.5 -5.5 -13.0 
4.0151524444809183e-05 -2.5 -5.0 -13.0 
3.25303990393877e-05 1.0 3.0 -13.0 
4.0980332414619625e-05 1.5 3.5 -13.0 
2.6425959731568582e-05 1.0 3.5 -13.0 
9.871945803752169e-05 1.5 4.0 -13.0 
4.5562221202999353e-05 2.0 4.0 -13.0 
3.818142431555316e-05 2.5 4.5 -13.0 
0.0001489322748966515 2.0 4.5 -13.0 
8.613890531705692e-05 1.5 4.5 -13.0 
4.2255087464582175e-05 1.5 5.0 -13.0 
0.00022161277593113482 2.5 5.0 -13.0 
0.00038678539567627013 2.0 5.0 -13.0 
0.00035437909536994994 2.0 5.5 -13.0 
0.00016630366735626012 3.0 5.5 -13.0 
0.0005991830257698894 2.5 5.5 -13.0 
0.0009101304458454251 2.5 6.0 -13.0 
0.00018788028683047742 2.0 6.0 -13.0 
3.163665678584948e-05 3.5 6.0 -13.0 
0.0005796478944830596 3.0 6.0 -13.0 
0.0010273429797962308 3.0 6.5 -13.0 
0.0007875468581914902 2.5 6.5 -13.0 
0.0003135070437565446 3.5 6.5 -13.0 
0.0007286168984137475 3.5 7.0 -13.0 
0.0011247280053794384 3.0 7.0 -13.0 
0.0009723528637550771 3.0 7.5 -13.0 
0.00013165372365619987 2.5 7.5 -13.0 
5.129200508235954e-05 4.0 7.0 -13.0 
0.00042786812991835177 2.5 7.0 -13.0 
5.677288572769612e-05 2.0 6.5 -13.0 
0.0003116721927653998 4.0 7.5 -13.0 
0.0010047564283013344 3.5 8.0 -13.0 
0.0005216756253503263 3.0 8.0 -13.0 
4.12867302657105e-05 4.5 8.0 -13.0 
0.0008049470488913357 3.5 8.5 -13.0 
0.00019841537869069725 4.5 8.5 -13.0 
0.0007199888932518661 4.0 8.5 -13.0 
0.000156710171722807 3.0 8.5 -13.0 
0.0006363461725413799 4.0 8.0 -13.0 
0.00038811852573417127 3.5 9.0 -13.0 
0.0003640861250460148 4.5 9.0 -13.0 
0.0006510859238915145 4.0 9.0 -13.0 
0.00035952666075900197 4.5 9.5 -13.0 
0.0004397229349706322 4.0 9.5 -13.0 
0.00018719633226282895 4.0 10.0 -13.0 
8.599527791375294e-05 5.0 9.5 -13.0 
0.00010031165584223345 3.5 9.5 -13.0 
0.0010076093021780252 3.5 7.5 -13.0 
0.00013864375068806112 5.0 10.0 -13.0 
0.00011649129737634212 5.0 10.5 -13.0 
0.0001478410849813372 4.5 10.5 -13.0 
2.9656974220415577e-05 4.0 10.5 -13.0 
2.4866980311344378e-05 4.5 11.0 -13.0 
2.038813181570731e-05 5.5 11.0 -13.0 
5.558176781050861e-05 5.0 11.0 -13.0 
2.0431834855116904e-05 5.5 10.5 -13.0 
2.1257652406347916e-05 -5.5 -10.5 -13.5 
4.1624683944974095e-05 -5.0 -9.0 -13.5 
5.5966411309782416e-05 -5.0 -9.5 -13.5 
4.9054873670684174e-05 -5.0 -10.0 -13.5 
3.601497883209959e-05 -4.5 -7.5 -13.5 
0.00011258648009970784 -4.5 -9.0 -13.5 
0.0001177482699858956 -4.5 -8.5 -13.5 
5.020192838856019e-05 -4.5 -10.0 -13.5 
8.64234461914748e-05 -4.5 -9.5 -13.5 
8.495705696986988e-05 -4.5 -8.0 -13.5 
0.00018615421140566468 -4.0 -7.5 -13.5 
0.0001330412778770551 -4.0 -7.0 -13.5 
5.398712164605968e-05 -4.0 -6.5 -13.5 
8.664124470669776e-05 -4.0 -9.0 -13.5 
0.00015093937690835446 -4.0 -8.5 -13.5 
3.096491491305642e-05 -4.0 -9.5 -13.5 
0.00018311325402464718 -4.0 -8.0 -13.5 
3.7058482121210545e-05 -5.0 -10.5 -13.5 
5.521109051187523e-05 -3.5 -5.5 -13.5 
0.0002500820264685899 -3.5 -7.0 -13.5 
0.00024692172883078456 -3.5 -6.5 -13.5 
0.0001513208117103204 -3.5 -6.0 -13.5 
3.313136039650999e-05 -3.5 -8.5 -13.5 
0.00010505826503504068 -3.5 -8.0 -13.5 
0.0002060303377220407 -3.5 -7.5 -13.5 
0.00012477060954552144 -3.0 -5.0 -13.5 
3.4779004636220634e-05 -3.0 -4.5 -13.5 
0.0002011000906350091 -3.0 -6.5 -13.5 
0.00026225068722851574 -3.0 -6.0 -13.5 
0.0002497773093637079 -3.0 -5.5 -13.5 
2.405868326604832e-05 -3.0 -7.5 -13.5 
8.783147495705634e-05 -3.0 -7.0 -13.5 
0.00020383138325996697 -2.5 -5.0 -13.5 
0.0001880600320873782 -2.5 -4.5 -13.5 
5.811682785861194e-05 -2.5 -6.0 -13.5 
0.00014933817146811634 -2.5 -5.5 -13.5 
2.9738395824097097e-05 -2.0 -3.0 -13.5 
0.0001230583293363452 -2.0 -4.0 -13.5 
0.00010926000686595216 -2.0 -3.5 -13.5 
2.401711572019849e-05 -2.0 -5.0 -13.5 
7.835109136067331e-05 -1.5 -2.5 -13.5 
4.7983776312321424e-05 -1.5 -3.5 -13.5 
8.389334107050672e-05 -1.5 -3.0 -13.5 
8.709983376320451e-05 -2.0 -4.5 -13.5 
6.3123952713795e-05 -2.5 -4.0 -13.5 
6.646581459790468e-05 -1.0 -2.0 -13.5 
7.933460437925532e-05 -1.0 -1.5 -13.5 
2.660150857991539e-05 -1.0 -1.0 -13.5 
5.1734125008806586e-05 -0.5 0.0 -13.5 
3.5619508707895875e-05 -0.5 -1.0 -13.5 
7.868043758207932e-05 -0.5 -0.5 -13.5 
7.339699368458241e-05 0.0 0.5 -13.5 
7.215998630272225e-05 0.0 1.0 -13.5 
2.1501107767107897e-05 0.0 1.5 -13.5 
0.00010704692249419168 0.5 2.0 -13.5 
2.8552905860124156e-05 0.5 1.0 -13.5 
7.877056486904621e-05 0.5 1.5 -13.5 
0.00011940721742575988 1.0 2.5 -13.5 
7.371036917902529e-05 0.5 2.5 -13.5 
0.0001144905254477635 1.5 3.0 -13.5 
0.00022330236970447004 1.0 3.0 -13.5 
5.272440466796979e-05 1.0 2.0 -13.5 
0.00019683603022713214 1.0 3.5 -13.5 
5.011838220525533e-05 2.0 3.5 -13.5 
0.0005770807038061321 1.5 4.0 -13.5 
7.761647430015728e-05 1.0 4.0 -13.5 
0.0002765571989584714 1.5 3.5 -13.5 
0.0005233548581600189 1.5 4.5 -13.5 
0.00015885102038737386 2.5 4.5 -13.5 
0.00026292342226952314 1.5 5.0 -13.5 
0.0006929599912837148 2.5 5.0 -13.5 
0.0012390745105221868 2.0 5.0 -13.5 
0.0006989885587245226 2.0 4.5 -13.5 
0.0013096763286739588 2.5 5.5 -13.5 
0.0011267635272815824 2.0 5.5 -13.5 
6.216955807758495e-05 1.5 5.5 -13.5 
0.0016404105117544532 2.5 6.0 -13.5 
3.936758730560541e-05 3.5 6.0 -13.5 
0.0009545345674268901 3.0 6.0 -13.5 
0.0006009143544360995 2.0 6.0 -13.5 
0.000358957884600386 3.0 5.5 -13.5 
0.0001653464714763686 2.0 6.5 -13.5 
0.0003820747951976955 3.5 6.5 -13.5 
0.0014400267973542213 3.0 6.5 -13.5 
0.0014311120612546802 2.5 6.5 -13.5 
0.0007592049078084528 2.5 7.0 -13.5 
0.000836668536067009 3.5 7.0 -13.5 
3.4700045944191515e-05 4.0 7.0 -13.5 
0.0014998590340837836 3.0 7.0 -13.5 
0.0011490520555526018 3.5 7.5 -13.5 
0.001274149864912033 3.0 7.5 -13.5 
0.00027829481405206025 4.0 7.5 -13.5 
0.0006024545873515308 4.0 8.0 -13.5 
0.001113033969886601 3.5 8.0 -13.5 
0.00019892673299182206 3.0 8.5 -13.5 
0.0007020196062512696 4.0 8.5 -13.5 
0.0008576640393584967 3.5 8.5 -13.5 
0.0006684477557428181 3.0 8.0 -13.5 
0.00022639318194705993 2.5 7.5 -13.5 
0.0002824621624313295 2.0 4.0 -13.5 
0.0002879006206057966 4.5 10.0 -13.0 
0.000290361960651353 4.5 9.0 -13.5 
0.0006144415237940848 4.0 9.0 -13.5 
0.00041311513632535934 3.5 9.0 -13.5 
0.0003981339104939252 4.0 9.5 -13.5 
0.00010743263555923477 3.5 9.5 -13.5 
4.9275804485660046e-05 5.0 9.5 -13.5 
0.0002859322994481772 4.5 9.5 -13.5 
0.00021767476573586464 4.5 10.0 -13.5 
0.00016181045793928206 4.0 10.0 -13.5 
8.5942265286576e-05 5.0 10.0 -13.5 
6.732145266141742e-05 5.0 10.5 -13.5 
9.845649765338749e-05 4.5 10.5 -13.5 
3.226739136152901e-05 -5.0 -9.0 -14.0 
2.5171239030896686e-05 -5.0 -10.5 -14.0 
3.887248385581188e-05 -5.0 -10.0 -14.0 
4.458429611986503e-05 -5.0 -9.5 -14.0 
2.5566152544342913e-05 -4.5 -7.5 -14.0 
0.0001069346908479929 -4.5 -9.0 -14.0 
0.00011643326433841139 -4.5 -8.5 -14.0 
7.989222649484873e-05 -4.5 -8.0 -14.0 
4.773774344357662e-05 -4.5 -10.0 -14.0 
8.169819921022281e-05 -4.5 -9.5 -14.0 
0.00023051915923133492 -4.0 -7.5 -14.0 
0.00015502600581385195 -4.0 -7.0 -14.0 
0.0001065232718246989 -4.0 -9.0 -14.0 
0.00018135999562218785 -4.0 -8.5 -14.0 
0.0002256347652291879 -4.0 -8.0 -14.0 
9.159061301033944e-05 -3.5 -5.5 -14.0 
4.0007005736697465e-05 -4.0 -9.5 -14.0 
0.0003665976400952786 -3.5 -7.0 -14.0 
0.00036971765803173184 -3.5 -6.5 -14.0 
5.8399553381605074e-05 -3.5 -8.5 -14.0 
0.00016682551358826458 -3.5 -8.0 -14.0 
0.00030036974931135774 -3.5 -7.5 -14.0 
0.0002906413283199072 -3.0 -5.0 -14.0 
9.381637937622145e-05 -3.0 -4.5 -14.0 
0.00025128081324510276 -3.5 -6.0 -14.0 
0.00041591678746044636 -3.0 -6.5 -14.0 
0.0005204299814067781 -3.0 -6.0 -14.0 
5.632536340272054e-05 -3.0 -7.5 -14.0 
0.0002013175399042666 -3.0 -7.0 -14.0 
0.0002825209521688521 -2.5 -4.0 -14.0 
0.0005698252352885902 -2.5 -5.0 -14.0 
0.000567744777072221 -2.5 -4.5 -14.0 
7.452132558682933e-05 -2.5 -3.5 -14.0 
2.767529986158479e-05 -2.5 -6.5 -14.0 
0.0001664304727455601 -2.5 -6.0 -14.0 
0.00021042930893599987 -2.0 -3.0 -14.0 
4.159730451647192e-05 -2.0 -2.5 -14.0 
0.0005448824958875775 -2.0 -4.0 -14.0 
0.00010298780398443341 -2.0 -5.0 -14.0 
0.0003645655233412981 -2.0 -4.5 -14.0 
0.000541366112884134 -2.0 -3.5 -14.0 
0.0004137377836741507 -2.5 -5.5 -14.0 
0.0005098391557112336 -3.0 -5.5 -14.0 
5.7511111663188785e-05 -4.0 -6.5 -14.0 
0.00016274972585961223 -1.5 -2.0 -14.0 
0.00022320193238556385 -1.5 -3.5 -14.0 
0.0004979389486834407 -1.5 -3.0 -14.0 
0.0005015606293454766 -1.5 -2.5 -14.0 
0.0005184304900467396 -1.0 -1.5 -14.0 
0.00023796295863576233 -1.0 -1.0 -14.0 
5.6970773584907874e-05 -1.0 -2.5 -14.0 
0.00038335181307047606 -1.0 -2.0 -14.0 
4.0710176108404994e-05 -0.5 0.5 -14.0 
0.0004972093156538904 -0.5 -0.5 -14.0 
0.00019793957471847534 -0.5 -1.0 -14.0 
0.0003846971085295081 -0.5 0.0 -14.0 
0.00019026575319003314 0.0 1.5 -14.0 
0.00011660155723802745 0.0 0.0 -14.0 
0.0004619079118128866 0.0 0.5 -14.0 
0.00048061710549518466 0.0 1.0 -14.0 
0.0004855059087276459 0.5 1.5 -14.0 
2.558229425630998e-05 0.5 0.5 -14.0 
0.0001734377146931365 0.5 1.0 -14.0 
0.000664399703964591 0.5 2.0 -14.0 
0.0003035726840607822 1.0 2.0 -14.0 
0.0006517458823509514 1.0 2.5 -14.0 
0.0005184129113331437 0.5 2.5 -14.0 
0.0011312917340546846 1.0 3.0 -14.0 
8.223501936299726e-05 1.5 2.5 -14.0 
0.0005344634409993887 1.5 3.0 -14.0 
9.4043709395919e-05 0.5 3.0 -14.0 
5.396641790866852e-05 1.0 1.5 -14.0 
0.0011170454090461135 1.5 3.5 -14.0 
0.0010226299054920673 1.0 3.5 -14.0 
0.00037463800981640816 1.0 4.0 -14.0 
0.0008205706253647804 2.0 4.0 -14.0 
0.001794892130419612 1.5 4.0 -14.0 
0.0001826378284022212 2.0 3.5 -14.0 
0.001617122907191515 2.0 4.5 -14.0 
0.001605212688446045 1.5 4.5 -14.0 
2.5337094484711997e-05 1.0 4.5 -14.0 
0.002334591234102845 2.0 5.0 -14.0 
3.224841566407122e-05 3.0 5.0 -14.0 
0.0011792004806920886 2.5 5.0 -14.0 
0.0007928177365101874 1.5 5.0 -14.0 
0.00034134669112972915 2.5 4.5 -14.0 
0.00018947508942801505 1.5 5.5 -14.0 
0.0004478406044654548 3.0 5.5 -14.0 
0.0020274624694138765 2.5 5.5 -14.0 
0.0020763070788234472 2.0 5.5 -14.0 
0.0010801663156598806 2.0 6.0 -14.0 
0.0011228861985728145 3.0 6.0 -14.0 
3.550626934156753e-05 3.5 6.0 -14.0 
0.0022384750191122293 2.5 6.0 -14.0 
0.0019277194514870644 2.5 6.5 -14.0 
0.00030399792012758553 2.0 6.5 -14.0 
0.0003463381144683808 3.5 6.5 -14.0 
0.0017127005849033594 3.0 6.5 -14.0 
0.0017067714361473918 3.0 7.0 -14.0 
0.001019479357637465 2.5 7.0 -14.0 
2.4165894501493312e-05 4.0 7.0 -14.0 
0.0003034288820344955 2.5 7.5 -14.0 
0.0008241162868216634 3.5 7.0 -14.0 
0.00021437069517560303 4.0 7.5 -14.0 
0.001154886675067246 3.5 7.5 -14.0 
0.0007271186914294958 3.0 8.0 -14.0 
2.7300013243802823e-05 2.5 8.0 -14.0 
0.0005097130197100341 4.0 8.0 -14.0 
0.00022629325394518673 3.0 8.5 -14.0 
0.0005723327049054205 4.0 8.5 -14.0 
0.0008011610480025411 3.5 8.5 -14.0 
0.0010954588651657104 3.5 8.0 -14.0 
0.00019591757154557854 4.5 9.0 -14.0 
0.0004797714063897729 4.0 9.0 -14.0 
0.00037189648719504476 3.5 9.0 -14.0 
0.00029058553627692163 4.0 9.5 -14.0 
9.529304224997759e-05 3.5 9.5 -14.0 
2.288240648340434e-05 5.0 9.5 -14.0 
0.00018737162463366985 4.5 9.5 -14.0 
9.102780313696712e-05 4.5 8.5 -14.0 
4.125254417886026e-05 5.0 10.0 -14.0 
0.0001269466883968562 4.5 10.0 -14.0 
4.07229017582722e-05 4.5 10.5 -14.0 
2.58051477430854e-05 5.0 10.5 -14.0 
2.7862297429237515e-05 -5.0 -9.5 -14.5 
6.398472032742575e-05 -4.5 -8.0 -14.5 
8.478908421238884e-05 -4.5 -9.0 -14.5 
9.332713671028614e-05 -4.5 -8.5 -14.5 
2.4488921553711407e-05 -5.0 -10.0 -14.5 
0.00010803964687511325 4.0 10.0 -14.0 
3.387165634194389e-05 -4.5 -10.0 -14.5 
0.00023034201876726002 -4.0 -7.5 -14.5 
0.00014739016478415579 -4.0 -7.0 -14.5 
0.00017225445481017232 -4.0 -8.5 -14.5 
4.104834806639701e-05 -4.0 -9.5 -14.5 
0.00010326288611395285 -4.0 -9.0 -14.5 
0.00021956463751848787 -4.0 -8.0 -14.5 
4.164069832768291e-05 -4.0 -6.5 -14.5 
9.281074744649231e-05 -3.5 -5.5 -14.5 
0.0004421358753461391 -3.5 -7.0 -14.5 
0.0004443794896360487 -3.5 -6.5 -14.5 
0.0002090374327963218 -3.5 -8.0 -14.5 
2.1913785531069152e-05 -3.5 -9.0 -14.5 
7.683983130846173e-05 -3.5 -8.5 -14.5 
0.0003628693229984492 -3.5 -7.5 -14.5 
0.0002764858363661915 -3.5 -6.0 -14.5 
0.00014674813428428024 -3.0 -4.5 -14.5 
0.0007098420755937696 -3.0 -6.0 -14.5 
0.0006941385800018907 -3.0 -5.5 -14.5 
0.00032484508119523525 -3.0 -7.0 -14.5 
0.00010395299614174291 -3.0 -7.5 -14.5 
0.0005960182752460241 -3.0 -6.5 -14.5 
0.00043745010043494403 -3.0 -5.0 -14.5 
0.0010419022291898727 -2.5 -4.5 -14.5 
0.0005708181415684521 -2.5 -4.0 -14.5 
0.0001714243262540549 -2.5 -3.5 -14.5 
0.00035211772774346173 -2.5 -6.0 -14.5 
0.0007830289541743696 -2.5 -5.5 -14.5 
9.156323358183727e-05 -2.5 -6.5 -14.5 
0.001042580814100802 -2.5 -5.0 -14.5 
6.26551773166284e-05 -4.5 -9.5 -14.5 
0.0006213695160113275 -2.0 -3.0 -14.5 
0.00014505995204672217 -2.0 -2.5 -14.5 
0.0008672202238813043 -2.0 -4.5 -14.5 
0.0012551185209304094 -2.0 -4.0 -14.5 
0.0012937437277287245 -2.0 -3.5 -14.5 
0.0007847429951652884 -1.5 -2.0 -14.5 
7.168496085796505e-05 -1.5 -1.5 -14.5 
0.0002958188997581601 -2.0 -5.0 -14.5 
0.0007415488944388926 -1.5 -3.5 -14.5 
0.001565402839332819 -1.5 -3.0 -14.5 
5.1651091780513525e-05 -1.5 -4.0 -14.5 
0.001333129359409213 -1.0 -1.0 -14.5 
9.51674664975144e-05 -1.0 -0.5 -14.5 
0.0014405177207663655 -1.0 -2.0 -14.5 
0.00022089999401941895 -1.0 -2.5 -14.5 
0.0020297691226005554 -1.0 -1.5 -14.5 
0.001665729214437306 -1.5 -2.5 -14.5 
0.00035045950789935887 -0.5 0.5 -14.5 
0.0007904364028945565 -0.5 -1.0 -14.5 
0.0020789471454918385 -0.5 -0.5 -14.5 
0.0018899671267718077 -0.5 0.0 -14.5 
0.0020888429135084152 0.0 1.0 -14.5 
0.00045543271698988974 0.0 0.0 -14.5 
0.0018542279722169042 0.0 0.5 -14.5 
0.0010546969715505838 0.0 1.5 -14.5 
5.681173934135586e-05 0.0 2.0 -14.5 
0.0006714988849125803 0.5 1.0 -14.5 
0.001759483478963375 0.5 1.5 -14.5 
0.002363617066293955 0.5 2.0 -14.5 
0.0018305240664631128 0.5 2.5 -14.5 
0.0009628453990444541 1.0 2.0 -14.5 
0.00192460254766047 1.0 2.5 -14.5 
9.207505354424939e-05 0.5 0.5 -14.5 
0.001252193353138864 1.5 3.0 -14.5 
0.0029091413598507643 1.0 3.0 -14.5 
0.0004086170229129493 0.5 3.0 -14.5 
0.002401727018877864 1.5 3.5 -14.5 
0.0024817537050694227 1.0 3.5 -14.5 
0.00023718655575066805 1.5 2.5 -14.5 
0.0032729567028582096 1.5 4.0 -14.5 
0.0009429033962078393 1.0 4.0 -14.5 
0.0001223264553118497 1.0 4.5 -14.5 
0.00256750313565135 2.0 4.5 -14.5 
0.002810712903738022 1.5 4.5 -14.5 
0.00139941880479455 2.0 4.0 -14.5 
0.00034539986518211663 2.0 3.5 -14.5 
0.0013780004810541868 2.5 5.0 -14.5 
0.0031559234485030174 2.0 5.0 -14.5 
0.0013759395806118846 1.5 5.0 -14.5 
0.0027153531555086374 2.0 5.5 -14.5 
0.0004145072016399354 3.0 5.5 -14.5 
0.0023580482229590416 2.5 5.5 -14.5 
0.0003510337264742702 1.5 5.5 -14.5 
3.218833080609329e-05 3.0 5.0 -14.5 
0.0014219749718904495 2.0 6.0 -14.5 
2.9288887162692845e-05 3.5 6.0 -14.5 
0.0011097817914560437 3.0 6.0 -14.5 
0.002459925599396229 2.5 6.0 -14.5 
0.00042432124610058963 2.0 6.5 -14.5 
0.0017298253951594234 3.0 6.5 -14.5 
0.00028109096456319094 3.5 6.5 -14.5 
0.0021136896684765816 2.5 6.5 -14.5 
0.0004286134208086878 2.5 4.5 -14.5 
0.00017894504708237946 1.0 1.5 -14.5 
0.0014037792570888996 3.0 7.5 -14.0 
0.0017077020602300763 3.0 7.0 -14.5 
0.001136328442953527 2.5 7.0 -14.5 
0.0007429842953570187 3.5 7.0 -14.5 
0.0013824859634041786 3.0 7.5 -14.5 
0.0003759443643502891 2.5 7.5 -14.5 
0.00014493319031316787 4.0 7.5 -14.5 
0.001016363501548767 3.5 7.5 -14.5 
0.0009007885819301009 3.5 8.0 -14.5 
0.0007069604471325874 3.0 8.0 -14.5 
0.0003651510924100876 4.0 8.0 -14.5 
0.00038024564855732024 4.0 8.5 -14.5 
0.0005986728938296437 3.5 8.5 -14.5 
0.00027556243003346026 3.5 9.0 -14.5 
4.942664236295968e-05 4.5 8.5 -14.5 
0.00022307726612780243 3.0 8.5 -14.5 
3.984642535215244e-05 2.5 8.0 -14.5 
0.00010588255827315152 4.5 9.0 -14.5 
9.511489042779431e-05 4.5 9.5 -14.5 
0.0001645558513700962 4.0 9.5 -14.5 
6.949120870558545e-05 3.5 9.5 -14.5 
4.458614421309903e-05 4.0 10.0 -14.5 
4.9900194426300004e-05 4.5 10.0 -14.5 
5.511075141839683e-05 -4.5 -8.5 -15.0 
3.390079291420989e-05 -4.5 -9.5 -15.0 
5.04106174048502e-05 -4.5 -9.0 -15.0 
3.550892506609671e-05 -4.5 -8.0 -15.0 
0.0002967912587337196 4.0 9.0 -14.5 
0.0001872897264547646 -4.0 -7.5 -15.0 
0.00012061935558449477 -4.0 -7.0 -15.0 
2.925943408627063e-05 -4.0 -6.5 -15.0 
7.559490040875971e-05 -4.0 -9.0 -15.0 
0.0001306798221776262 -4.0 -8.5 -15.0 
3.1761079299030825e-05 -4.0 -9.5 -15.0 
0.00017536597442813218 -4.0 -8.0 -15.0 
0.00025696808006614447 -3.5 -6.0 -15.0 
6.742599362041801e-05 -3.5 -5.5 -15.0 
0.00034811467048712075 -3.5 -7.5 -15.0 
0.0004228241159580648 -3.5 -7.0 -15.0 
0.0004296884289942682 -3.5 -6.5 -15.0 
2.4626138838357292e-05 -3.5 -9.0 -15.0 
8.341514330822974e-05 -3.5 -8.5 -15.0 
0.0002090896450681612 -3.5 -8.0 -15.0 
0.00046021712478250265 -3.0 -5.0 -15.0 
0.00013855025463271886 -3.0 -4.5 -15.0 
0.0006601798813790083 -3.0 -6.5 -15.0 
0.0007802856853231788 -3.0 -6.0 -15.0 
0.000776412955019623 -3.0 -5.5 -15.0 
3.31728151650168e-05 -3.0 -8.0 -15.0 
0.00014355641906149685 -3.0 -7.5 -15.0 
0.00038847734685987234 -3.0 -7.0 -15.0 
0.0012794089270755649 -2.5 -4.5 -15.0 
0.0007316552801057696 -2.5 -4.0 -15.0 
0.0005494474316947162 -2.5 -6.0 -15.0 
0.0010601617395877838 -2.5 -5.5 -15.0 
0.00131791306193918 -2.5 -5.0 -15.0 
2.1493786334758624e-05 -2.0 -2.0 -15.0 
0.0009949285304173827 -2.0 -3.0 -15.0 
0.0002508446341380477 -2.0 -2.5 -15.0 
0.00016092804435174912 -2.5 -6.5 -15.0 
0.00021650614507962018 -2.5 -3.5 -15.0 
0.001466706395149231 -2.0 -4.5 -15.0 
0.0019178405636921525 -2.0 -4.0 -15.0 
7.859959441702813e-05 -2.0 -5.5 -15.0 
0.0006194402812980115 -2.0 -5.0 -15.0 
0.0014571413630619645 -1.5 -2.0 -15.0 
0.002858213847503066 -1.5 -3.0 -15.0 
0.003027256578207016 -1.5 -2.5 -15.0 
0.0001775143318809569 -1.5 -1.5 -15.0 
0.00023957336088642478 -1.5 -4.0 -15.0 
0.00035264273174107075 -1.0 -0.5 -15.0 
0.0031442975159734488 -1.0 -2.0 -15.0 
0.00433012330904603 -1.0 -1.5 -15.0 
4.5336630137171596e-05 -0.5 1.0 -15.0 
0.0007022381760179996 -1.0 -2.5 -15.0 
0.0030608836095780134 -1.0 -1.0 -15.0 
0.001573624205775559 -1.5 -3.5 -15.0 
0.004669107962399721 -0.5 -0.5 -15.0 
0.00444102194160223 -0.5 0.0 -15.0 
0.0019244536524638534 -0.5 -1.0 -15.0 
0.004678433295339346 0.0 1.0 -15.0 
0.0026004535611718893 0.0 1.5 -15.0 
0.0010179621167480946 0.0 0.0 -15.0 
0.00407934607937932 0.0 0.5 -15.0 
0.0035636660177260637 0.5 1.5 -15.0 
0.004615175537765026 0.5 2.0 -15.0 
0.00019802642054855824 0.5 0.5 -15.0 
0.0014536055969074368 0.5 1.0 -15.0 
0.0034454818814992905 0.5 2.5 -15.0 
0.0018063128227367997 1.0 2.0 -15.0 
0.00035465823020786047 1.0 1.5 -15.0 
0.003426691982895136 1.0 2.5 -15.0 
0.0002486886805854738 0.0 2.0 -15.0 
0.0011777464533224702 -0.5 0.5 -15.0 
0.004615809302777052 1.0 3.0 -15.0 
0.0008942456333898008 0.5 3.0 -15.0 
0.00040306910523213446 1.5 2.5 -15.0 
0.0018479757709428668 1.5 3.0 -15.0 
0.003753897501155734 1.0 3.5 -15.0 
4.018091203761287e-05 0.5 3.5 -15.0 
0.00046342608402483165 2.0 3.5 -15.0 
2.4081289666355588e-05 2.0 3.0 -15.0 
0.0033959809225052595 1.5 3.5 -15.0 
0.004166707396507263 1.5 4.0 -15.0 
0.0015485386829823256 1.0 4.0 -15.0 
2.467042395437602e-05 2.5 4.0 -15.0 
0.0016608741134405136 2.0 4.0 -15.0 
0.00028147577540948987 1.0 4.5 -15.0 
0.002934963209554553 2.0 4.5 -15.0 
0.0004287335614208132 2.5 4.5 -15.0 
0.003474980592727661 1.5 4.5 -15.0 
0.0017304507782682776 1.5 5.0 -15.0 
2.8432106773834676e-05 3.0 5.0 -15.0 
0.0013702618889510632 2.5 5.0 -15.0 
0.0033074929378926754 2.0 5.0 -15.0 
0.00047808370436541736 1.5 5.5 -15.0 
0.0023518046364188194 2.5 5.5 -15.0 
0.0003525604261085391 3.0 5.5 -15.0 
0.0028351370710879564 2.0 5.5 -15.0 
0.0024198275059461594 2.5 6.0 -15.0 
0.0015279145445674658 2.0 6.0 -15.0 
0.0010064584203064442 3.0 6.0 -15.0 
0.0020728816743940115 2.5 6.5 -15.0 
0.0004945420660078526 2.0 6.5 -15.0 
0.00020302861230447888 3.5 6.5 -15.0 
5.2683422836707905e-05 2.0 7.0 -15.0 
0.0015549169620499015 3.0 6.5 -15.0 
0.0019851920660585165 -2.0 -3.5 -15.0 
0.0005774122546426952 3.5 7.0 -15.0 
0.0014748097164556384 3.0 7.0 -15.0 
0.0003921027237083763 2.5 7.5 -15.0 
8.721312769921497e-05 4.0 7.5 -15.0 
0.000696202099788934 3.5 7.5 -15.0 
5.445233909995295e-05 2.5 8.0 -15.0 
0.0005673535051755607 3.5 8.0 -15.0 
0.0005524740554392338 3.0 8.0 -15.0 
0.0010790637461468577 3.0 7.5 -15.0 
0.0002060497208731249 4.0 8.5 -15.0 
0.0003599518386181444 3.5 8.5 -15.0 
0.0001803864724934101 3.0 8.5 -15.0 
0.00015782832633703947 3.5 9.0 -15.0 
4.062720472575165e-05 4.5 9.0 -15.0 
3.339537579449825e-05 3.5 9.5 -15.0 
0.0001482410152675584 4.0 9.0 -15.0 
0.00020908542501274496 4.0 8.0 -15.0 
3.147041206830181e-05 4.5 9.5 -15.0 
2.4824790671118535e-05 -4.5 -9.0 -15.5 
0.00010309724893886596 -4.0 -8.0 -15.5 
0.00010939333151327446 -4.0 -7.5 -15.5 
4.3825344619108364e-05 -4.0 -9.0 -15.5 
7.406649820040911e-05 -4.0 -8.5 -15.5 
6.745808059349656e-05 -4.0 -7.0 -15.5 
2.2960295609664172e-05 -4.5 -8.5 -15.5 
6.690475129289553e-05 4.0 9.5 -15.0 
4.564279879559763e-05 -3.5 -5.5 -15.5 
0.0003217614721506834 -3.5 -7.0 -15.5 
0.0003331861807964742 -3.5 -6.5 -15.5 
0.00020008694264106452 -3.5 -6.0 -15.5 
7.05630736774765e-05 -3.5 -8.5 -15.5 
0.0001547270076116547 -3.5 -8.0 -15.5 
2.0860963559243828e-05 -3.5 -9.0 -15.5 
0.0002560867869760841 -3.5 -7.5 -15.5 
0.0004278835840523243 -3.0 -5.0 -15.5 
0.00011257694859523326 -3.0 -4.5 -15.5 
0.0006159509648568928 -3.0 -6.5 -15.5 
0.0007333292160183191 -3.0 -6.0 -15.5 
0.0007342229364439845 -3.0 -5.5 -15.5 
3.689736331580207e-05 -3.0 -8.0 -15.5 
0.00015290376904886216 -3.0 -7.5 -15.5 
0.00037251345929689705 -3.0 -7.0 -15.5 
0.001299022464081645 -2.5 -4.5 -15.5 
0.0007306062616407871 -2.5 -4.0 -15.5 
0.0006165772210806608 -2.5 -6.0 -15.5 
0.001122034969739616 -2.5 -5.5 -15.5 
0.001343596843071282 -2.5 -5.0 -15.5 
3.620876668719575e-05 -2.5 -7.0 -15.5 
0.0010843673953786492 -2.0 -3.0 -15.5 
0.0002785593387670815 -2.0 -2.5 -15.5 
0.00020909840532112867 -2.5 -6.5 -15.5 
0.001717865001410246 -2.0 -4.5 -15.5 
0.002165231155231595 -2.0 -4.0 -15.5 
0.0002063793654087931 -2.0 -5.5 -15.5 
0.0008462527766823769 -2.0 -5.0 -15.5 
0.0016041211783885956 -1.5 -2.0 -15.5 
0.0035881996154785156 -1.5 -3.0 -15.5 
0.003682653419673443 -1.5 -2.5 -15.5 
0.00022712440113537014 -1.5 -1.5 -15.5 
0.0021012090146541595 -2.0 -3.5 -15.5 
0.00020626209152396768 -2.5 -3.5 -15.5 
0.0006295036873780191 -1.5 -4.0 -15.5 
0.0004824092611670494 -1.0 -0.5 -15.5 
2.0824785678996705e-05 -1.0 0.0 -15.5 
0.0049088881351053715 -1.0 -2.0 -15.5 
0.00609256187453866 -1.0 -1.5 -15.5 
0.00011406521662138402 -0.5 1.0 -15.5 
0.0014849278377369046 -1.0 -2.5 -15.5 
0.0038304906338453293 -1.0 -1.0 -15.5 
0.007060723844915628 -0.5 -0.5 -15.5 
0.006440971978008747 -0.5 0.0 -15.5 
0.00011894849012605846 -0.5 -1.5 -15.5 
0.0032785427756607533 -0.5 -1.0 -15.5 
0.006742516532540321 0.0 1.0 -15.5 
0.003732208162546158 0.0 1.5 -15.5 
0.001591475447639823 0.0 0.0 -15.5 
0.0060784523375332355 0.0 0.5 -15.5 
0.0017576308455318213 -0.5 0.5 -15.5 
0.004826332908123732 0.5 1.5 -15.5 
0.005913907662034035 0.5 2.0 -15.5 
0.0003044201584998518 0.5 0.5 -15.5 
0.0021323543041944504 0.5 1.0 -15.5 
0.004085720516741276 1.0 2.5 -15.5 
0.004303321707993746 0.5 2.5 -15.5 
0.00048697699094191194 1.0 1.5 -15.5 
0.0022708626929670572 1.0 2.0 -15.5 
0.0019380612066015601 1.5 3.0 -15.5 
0.00511543732136488 1.0 3.0 -15.5 
0.00047735279076732695 1.5 2.5 -15.5 
0.003583369078114629 1.5 3.5 -15.5 
0.0040930816903710365 1.0 3.5 -15.5 
2.9541810363298282e-05 2.0 3.0 -15.5 
0.0004832492850255221 2.0 3.5 -15.5 
0.00011396806075936183 0.5 3.5 -15.5 
0.001280803931877017 0.5 3.0 -15.5 
0.00046209138236008584 0.0 2.0 -15.5 
0.0016522551886737347 2.0 4.0 -15.5 
0.004235055763274431 1.5 4.0 -15.5 
2.642926665430423e-05 2.5 4.0 -15.5 
0.003521920880302787 1.5 4.5 -15.5 
0.00040434004040434957 1.0 4.5 -15.5 
0.0004067606932949275 2.5 4.5 -15.5 
0.002949390560388565 2.0 4.5 -15.5 
0.0031713282223790884 2.0 5.0 -15.5 
0.0017814355669543147 1.5 5.0 -15.5 
2.2031701519154012e-05 3.0 5.0 -15.5 
0.0012555848807096481 2.5 5.0 -15.5 
0.0027079584542661905 2.0 5.5 -15.5 
0.0005201727617532015 1.5 5.5 -15.5 
0.0002573945967014879 3.0 5.5 -15.5 
3.518641460686922e-05 1.5 6.0 -15.5 
0.002086665714159608 2.5 5.5 -15.5 
0.0007757597486488521 3.0 6.0 -15.5 
0.0020538687240332365 2.5 6.0 -15.5 
0.0005192928947508335 2.0 6.5 -15.5 
0.00013228418538346887 3.5 6.5 -15.5 
0.0010818089358508587 3.0 6.5 -15.5 
8.12862126622349e-05 2.0 7.0 -15.5 
0.0009364196448586881 3.0 7.0 -15.5 
0.0009043561294674873 2.5 7.0 -15.5 
0.0016305384924635291 2.5 6.5 -15.5 
0.00036708192783407867 3.5 7.5 -15.5 
0.0006447393097914755 3.0 7.5 -15.5 
0.0003253929316997528 2.5 7.5 -15.5 
5.302901627146639e-05 2.5 8.0 -15.5 
0.00029158013057895005 3.5 8.0 -15.5 
8.598774002166465e-05 4.0 8.0 -15.5 
0.00032430337159894407 3.0 8.0 -15.5 
4.044870365760289e-05 4.0 7.5 -15.5 
0.00034631427843123674 3.5 7.0 -15.5 
0.0014866330893710256 2.0 6.0 -15.5 
0.0018212799914181232 1.0 4.0 -15.5 
0.002386681269854307 -1.5 -3.5 -15.5 
0.0011339873308315873 2.5 7.0 -15.0 
0.00016772537492215633 3.5 8.5 -15.5 
0.00010320659930584952 3.0 8.5 -15.5 
8.105196320684627e-05 4.0 8.5 -15.5 
5.068392420071177e-05 4.0 9.0 -15.5 
6.296649371506646e-05 3.5 9.0 -15.5 
2.2990256184129976e-05 -4.0 -7.0 -16.0 
4.090466245543212e-05 -4.0 -8.0 -16.0 
3.180405110470019e-05 -4.0 -8.5 -16.0 
4.286400871933438e-05 -4.0 -7.5 -16.0 
2.3458975192625076e-05 -3.5 -5.5 -16.0 
0.0001747220230754465 -3.5 -7.0 -16.0 
0.000180433809873648 -3.5 -6.5 -16.0 
0.00010672404459910467 -3.5 -6.0 -16.0 
3.8505699194502085e-05 -3.5 -8.5 -16.0 
8.142850856529549e-05 -3.5 -8.0 -16.0 
7.395047578029335e-05 -3.0 -4.5 -16.0 
0.00013300872524268925 -3.5 -7.5 -16.0 
0.0005229470552876592 -3.0 -6.0 -16.0 
0.0005370290018618107 -3.0 -5.5 -16.0 
0.00012204686208860949 -3.0 -7.5 -16.0 
0.0002611451782286167 -3.0 -7.0 -16.0 
0.00042354772449471056 -3.0 -6.5 -16.0 
0.0006400770507752895 -2.5 -4.0 -16.0 
0.0001626033626962453 -2.5 -3.5 -16.0 
3.835664756479673e-05 -3.0 -8.0 -16.0 
0.00031354918610304594 -3.0 -5.0 -16.0 
0.0010116781340911984 -2.5 -5.5 -16.0 
0.0011932923225685954 -2.5 -5.0 -16.0 
5.119764682604e-05 -2.5 -7.0 -16.0 
0.00021863410074729472 -2.5 -6.5 -16.0 
0.0005888387677259743 -2.5 -6.0 -16.0 
0.0010560499504208565 -2.0 -3.0 -16.0 
0.0021058586426079273 -2.0 -4.0 -16.0 
0.002044446300715208 -2.0 -3.5 -16.0 
0.0002693925052881241 -2.0 -2.5 -16.0 
0.0002812790044117719 -2.0 -5.5 -16.0 
0.0008807098492980003 -2.0 -5.0 -16.0 
2.7316544219502248e-05 -2.0 -6.0 -16.0 
0.0015698012430220842 -1.5 -2.0 -16.0 
0.0002260478213429451 -1.5 -1.5 -16.0 
0.00359314470551908 -1.5 -3.0 -16.0 
0.0009568003588356078 -1.5 -4.0 -16.0 
0.002639699261635542 -1.5 -3.5 -16.0 
0.003656364744529128 -1.5 -2.5 -16.0 
0.0016819486627355218 -2.0 -4.5 -16.0 
0.003787359921261668 -1.0 -1.0 -16.0 
0.00047685118624940515 -1.0 -0.5 -16.0 
2.396350282651838e-05 -1.0 0.0 -16.0 
0.002167771104723215 -1.0 -2.5 -16.0 
0.005372748710215092 -1.0 -2.0 -16.0 
0.00013476658205036074 -0.5 1.0 -16.0 
9.308307926403359e-05 -1.0 -3.0 -16.0 
0.006284086499363184 -1.0 -1.5 -16.0 
0.007673271000385284 -0.5 -0.5 -16.0 
0.006675485521554947 -0.5 0.0 -16.0 
0.00033253675792366266 -0.5 -1.5 -16.0 
0.004208780359476805 -0.5 -1.0 -16.0 
0.007062925957143307 0.0 1.0 -16.0 
0.0038647057954221964 0.0 1.5 -16.0 
0.0018212639261037111 0.0 0.0 -16.0 
0.006567852571606636 0.0 0.5 -16.0 
0.001781278639100492 -0.5 0.5 -16.0 
5.439066080725752e-05 -1.5 -4.5 -16.0 
0.0011609254870563745 -2.5 -4.5 -16.0 
0.00494871661067009 0.5 1.5 -16.0 
0.005974299274384975 0.5 2.0 -16.0 
0.00034472005791030824 0.5 0.5 -16.0 
0.0022667802404612303 0.5 1.0 -16.0 
0.00407938938587904 1.0 2.5 -16.0 
0.004339539911597967 0.5 2.5 -16.0 
0.000502010399941355 1.0 1.5 -16.0 
0.002271082950755954 1.0 2.0 -16.0 
2.7994032279821113e-05 0.0 2.5 -16.0 
0.0018795575015246868 1.5 3.0 -16.0 
0.005050203762948513 1.0 3.0 -16.0 
2.6517762307776138e-05 1.5 2.0 -16.0 
0.0004754382243845612 1.5 2.5 -16.0 
0.0035504624247550964 1.5 3.5 -16.0 
0.004032209049910307 1.0 3.5 -16.0 
2.7522406526259147e-05 2.0 3.0 -16.0 
0.00047029813867993653 2.0 3.5 -16.0 
0.00016116235929075629 0.5 3.5 -16.0 
0.001379587920382619 0.5 3.0 -16.0 
0.003906866069883108 1.5 4.0 -16.0 
0.001825839513912797 1.0 4.0 -16.0 
2.7701773433363996e-05 2.5 4.0 -16.0 
0.0015180056216195226 2.0 4.0 -16.0 
0.0004287509946152568 1.0 4.5 -16.0 
0.002604891313239932 2.0 4.5 -16.0 
0.0003169376577716321 2.5 4.5 -16.0 
0.0032411618158221245 1.5 4.5 -16.0 
0.001663516741245985 1.5 5.0 -16.0 
0.0009588301181793213 2.5 5.0 -16.0 
0.002563447691500187 2.0 5.0 -16.0 
0.0020520188845694065 2.0 5.5 -16.0 
0.0005095768137834966 1.5 5.5 -16.0 
0.0001724792819004506 3.0 5.5 -16.0 
6.368447066051885e-05 1.5 6.0 -16.0 
0.0014139345148578286 2.5 5.5 -16.0 
0.00047668369370512664 3.0 6.0 -16.0 
0.0012832868378609419 2.5 6.0 -16.0 
0.00042733753798529506 2.0 6.5 -16.0 
6.838436820544302e-05 3.5 6.5 -16.0 
0.0005477970116771758 3.0 6.5 -16.0 
8.093274664133787e-05 2.0 7.0 -16.0 
0.0004546055570244789 3.0 7.0 -16.0 
0.0005014680791646242 2.5 7.0 -16.0 
0.0009249255526810884 2.5 6.5 -16.0 
0.00013944394595455378 3.5 7.5 -16.0 
0.00028707683668471873 3.0 7.5 -16.0 
0.0001833378482842818 2.5 7.5 -16.0 
3.683381510199979e-05 2.5 8.0 -16.0 
0.00010145525448024273 3.5 8.0 -16.0 
2.208496880484745e-05 4.0 8.0 -16.0 
0.00013170359306968749 3.0 8.0 -16.0 
0.00014122550783213228 3.5 7.0 -16.0 
4.843066926696338e-05 3.5 8.5 -16.0 
3.8751262763980776e-05 3.0 8.5 -16.0 
6.416277756216004e-05 -3.5 -6.5 -16.5 
3.513109913910739e-05 -3.5 -6.0 -16.5 
4.9336649681208655e-05 -3.5 -7.5 -16.5 
3.307405495434068e-05 -3.5 -8.0 -16.5 
6.246141856536269e-05 -3.5 -7.0 -16.5 
0.0011447910219430923 2.0 6.0 -16.0 
0.0005182743188925087 0.0 2.0 -16.0 
0.0002650597889441997 -3.0 -5.5 -16.5 
0.0001544873375678435 -3.0 -5.0 -16.5 
3.810823181993328e-05 -3.0 -4.5 -16.5 
0.00012930492812301964 -3.0 -7.0 -16.5 
0.00020582572324201465 -3.0 -6.5 -16.5 
2.976812538690865e-05 -3.0 -8.0 -16.5 
6.562183261848986e-05 -3.0 -7.5 -16.5 
0.00026181209250353277 -3.0 -6.0 -16.5 
0.0004043794178869575 -2.5 -4.0 -16.5 
8.99984224815853e-05 -2.5 -3.5 -16.5 
0.0006291607860475779 -2.5 -5.5 -16.5 
0.0007327114581130445 -2.5 -5.0 -16.5 
0.0007343676406890154 -2.5 -4.5 -16.5 
5.444621274364181e-05 -2.5 -7.0 -16.5 
0.0001853266585385427 -2.5 -6.5 -16.5 
0.00022816804994363338 -2.0 -2.5 -16.5 
0.00039939896669238806 -2.5 -6.0 -16.5 
0.0016312641091644764 -2.0 -4.0 -16.5 
0.001595906913280487 -2.0 -3.5 -16.5 
0.00028608349384739995 -2.0 -5.5 -16.5 
0.0007693410152569413 -2.0 -5.0 -16.5 
0.001321833347901702 -2.0 -4.5 -16.5 
0.0013092546723783016 -1.5 -2.0 -16.5 
0.0031643316615372896 -1.5 -3.0 -16.5 
0.003166709328070283 -1.5 -2.5 -16.5 
0.00020297087030485272 -1.5 -1.5 -16.5 
6.253513129195198e-05 -2.0 -6.0 -16.5 
0.00015517743304371834 -1.5 -4.5 -16.5 
0.0010245174635201693 -1.5 -4.0 -16.5 
2.549938108131755e-05 -1.0 0.0 -16.5 
0.005956606939435005 -1.0 -1.5 -16.5 
0.0033955175895243883 -1.0 -1.0 -16.5 
0.00233164569362998 -1.0 -2.5 -16.5 
0.00025588274002075195 -1.0 -3.0 -16.5 
0.005177769344300032 -1.0 -2.0 -16.5 
0.0004268447228241712 -1.0 -0.5 -16.5 
0.002417165320366621 -1.5 -3.5 -16.5 
0.0008552112267352641 -2.0 -3.0 -16.5 
0.0064256140030920506 -0.5 0.0 -16.5 
0.0017085957806557417 -0.5 0.5 -16.5 
0.0005303381476551294 -0.5 -1.5 -16.5 
0.004257029853761196 -0.5 -1.0 -16.5 
0.0074854884296655655 -0.5 -0.5 -16.5 
0.003749815048649907 0.0 1.5 -16.5 
0.0064135887660086155 0.0 0.5 -16.5 
0.0017939081881195307 0.0 0.0 -16.5 
0.00685198325663805 0.0 1.0 -16.5 
0.004728895146399736 0.5 1.5 -16.5 
0.005625573452562094 0.5 2.0 -16.5 
0.00033704316592775285 0.5 0.5 -16.5 
0.0021995380520820618 0.5 1.0 -16.5 
0.003828680142760277 1.0 2.5 -16.5 
0.00406238529831171 0.5 2.5 -16.5 
0.0004764267650898546 1.0 1.5 -16.5 
0.002091370290145278 1.0 2.0 -16.5 
3.0756582418689504e-05 0.0 2.5 -16.5 
0.0005038017989136279 0.0 2.0 -16.5 
0.0015773141058161855 1.5 3.0 -16.5 
0.004286942537873983 1.0 3.0 -16.5 
2.803049392241519e-05 1.5 2.0 -16.5 
0.00045183958718553185 1.5 2.5 -16.5 
0.0028972728177905083 1.5 3.5 -16.5 
0.003375008702278137 1.0 3.5 -16.5 
2.851452154573053e-05 2.0 3.0 -16.5 
0.0003705464187078178 2.0 3.5 -16.5 
0.00017650735389906913 0.5 3.5 -16.5 
0.002871552249416709 1.5 4.0 -16.5 
0.0015939688310027122 1.0 4.0 -16.5 
2.6110923499800265e-05 2.5 4.0 -16.5 
0.001102845068089664 2.0 4.0 -16.5 
0.00040496408473700285 1.0 4.5 -16.5 
0.0016647942829877138 2.0 4.5 -16.5 
0.00021490635117515922 2.5 4.5 -16.5 
0.0022773363161832094 1.5 4.5 -16.5 
0.0013617846416309476 0.5 3.0 -16.5 
0.00013074958405923098 -0.5 1.0 -16.5 
0.001176999299786985 1.5 5.0 -16.5 
2.2537753466167487e-05 1.0 5.0 -16.5 
0.0005804726388305426 2.5 5.0 -16.5 
0.0015445094322785735 2.0 5.0 -16.5 
0.0011036512441933155 2.0 5.5 -16.5 
0.0004055367026012391 1.5 5.5 -16.5 
9.5905146736186e-05 3.0 5.5 -16.5 
6.854275852674618e-05 1.5 6.0 -16.5 
0.0006804879521951079 2.5 5.5 -16.5 
0.00019236275693401694 3.0 6.0 -16.5 
0.0005684377392753959 2.5 6.0 -16.5 
0.00022110990539658815 2.0 6.5 -16.5 
2.4188328097807243e-05 3.5 6.5 -16.5 
0.0001870482083177194 3.0 6.5 -16.5 
5.71506934647914e-05 2.0 7.0 -16.5 
0.00013802079774904996 3.0 7.0 -16.5 
0.00017871039744932204 2.5 7.0 -16.5 
0.00036386470310389996 2.5 6.5 -16.5 
0.0005897399969398975 2.0 6.0 -16.5 
2.9790400731144473e-05 3.5 7.5 -16.5 
7.288433698704466e-05 3.0 7.5 -16.5 
6.774565554223955e-05 2.5 7.5 -16.5 
2.9671889933524653e-05 3.0 8.0 -16.5 
3.378222754690796e-05 3.5 7.0 -16.5 
7.213172648334876e-05 -3.0 -5.5 -17.0 
3.9675891457591206e-05 -3.0 -5.0 -17.0 
6.763731653336436e-05 -3.0 -6.5 -17.0 
2.6404057280160487e-05 -3.0 -7.5 -17.0 
4.5467299059964716e-05 -3.0 -7.0 -17.0 
8.044201240409166e-05 -3.0 -6.0 -17.0 
0.00015603374049533159 -2.5 -4.0 -17.0 
3.8792095438111573e-05 -2.5 -3.5 -17.0 
0.00025064917281270027 -2.5 -5.5 -17.0 
0.0003011101798620075 -2.5 -5.0 -17.0 
9.545451030135155e-05 -2.5 -6.5 -17.0 
3.973294951720163e-05 -2.5 -7.0 -17.0 
0.00017171568470075727 -2.5 -6.0 -17.0 
0.0002753835578914732 -2.5 -4.5 -17.0 
0.00011897599324584007 -2.0 -2.5 -17.0 
0.0008534411899745464 -2.0 -4.0 -17.0 
0.0008438617805950344 -2.0 -3.5 -17.0 
0.0004607672744896263 -2.0 -3.0 -17.0 
0.00020610382489394397 -2.0 -5.5 -17.0 
0.00043778310646303 -2.0 -5.0 -17.0 
0.0001379594614263624 -1.5 -1.5 -17.0 
6.593403668375686e-05 -2.0 -6.0 -17.0 
0.0007144957780838013 -2.0 -4.5 -17.0 
0.0019907699897885323 -1.5 -3.0 -17.0 
0.0018370653269812465 -1.5 -2.5 -17.0 
0.0002546651812735945 -1.5 -4.5 -17.0 
0.0008664440247230232 -1.5 -4.0 -17.0 
0.001599302631802857 -1.5 -3.5 -17.0 
0.00029916298808529973 -1.0 -0.5 -17.0 
2.0106015654164366e-05 -1.0 0.0 -17.0 
0.004347562789916992 -1.0 -1.5 -17.0 
0.0021398121025413275 -1.0 -2.5 -17.0 
0.003969076555222273 -1.0 -2.0 -17.0 
0.0022367779165506363 -1.0 -1.0 -17.0 
0.0007987760473042727 -1.5 -2.0 -17.0 
0.00011569031630642712 -0.5 1.0 -17.0 
0.006113692652434111 -0.5 -0.5 -17.0 
0.0049289194867014885 -0.5 0.0 -17.0 
0.0012917486019432545 -0.5 0.5 -17.0 
0.0006711299065500498 -0.5 -1.5 -17.0 
0.005454913713037968 0.0 1.0 -17.0 
0.002915078541263938 0.0 1.5 -17.0 
0.0037727956660091877 -0.5 -1.0 -17.0 
0.0015295798657462 0.0 0.0 -17.0 
0.0036811605095863342 0.5 1.5 -17.0 
0.004035614896565676 0.5 2.0 -17.0 
0.000440218485891819 0.0 2.0 -17.0 
0.0002838421205524355 0.5 0.5 -17.0 
0.0028591679874807596 0.5 2.5 -17.0 
0.0015199478948488832 1.0 2.0 -17.0 
0.002699695061892271 1.0 2.5 -17.0 
2.9544005883508362e-05 0.0 2.5 -17.0 
0.0017857023049145937 0.5 1.0 -17.0 
0.0052625215612351894 0.0 0.5 -17.0 
0.0010313628008589149 0.5 3.0 -17.0 
0.0003523317282088101 1.5 2.5 -17.0 
0.0010271568316966295 1.5 3.0 -17.0 
0.002656232099980116 1.0 3.0 -17.0 
0.0001693789236014709 0.5 3.5 -17.0 
0.0015796688385307789 1.5 3.5 -17.0 
2.8188147553009912e-05 2.0 3.0 -17.0 
0.00022184985573403537 2.0 3.5 -17.0 
0.0019710506312549114 1.0 3.5 -17.0 
2.914313881774433e-05 1.5 2.0 -17.0 
0.0005807807319797575 2.0 4.0 -17.0 
0.0014864871045574546 1.5 4.0 -17.0 
0.0009338916861452162 1.0 4.0 -17.0 
0.00027833780040964484 1.0 4.5 -17.0 
0.0006954476120881736 2.0 4.5 -17.0 
0.0010615953942760825 1.5 4.5 -17.0 
2.2024614736437798e-05 2.5 4.0 -17.0 
0.0003754355711862445 1.0 1.5 -17.0 
0.00058246951084584 2.0 5.0 -17.0 
0.0005473195924423635 1.5 5.0 -17.0 
3.639640272012912e-05 1.0 5.0 -17.0 
0.00036451377673074603 2.0 5.5 -17.0 
3.515245771268383e-05 3.0 5.5 -17.0 
0.00019986028200946748 2.5 5.5 -17.0 
0.00020135969680268317 1.5 5.5 -17.0 
0.0002147838386008516 2.5 5.0 -17.0 
0.00017682486213743687 2.0 6.0 -17.0 
5.1768114644801244e-05 1.5 6.0 -17.0 
3.8792219129391015e-05 3.0 6.0 -17.0 
0.0001396759762428701 2.5 6.0 -17.0 
7.378299778793007e-05 2.5 6.5 -17.0 
6.937762373127043e-05 2.0 6.5 -17.0 
2.238981869595591e-05 2.0 7.0 -17.0 
3.274128175689839e-05 3.0 6.5 -17.0 
2.0621260773623362e-05 3.0 7.0 -17.0 
3.26381268678233e-05 2.5 7.0 -17.0 
0.00011794201418524608 2.5 4.5 -17.0 
4.6608547563664615e-05 -2.5 -4.5 -17.5 
2.8742249924107455e-05 -2.5 -4.0 -17.5 
4.10634747822769e-05 -2.5 -6.0 -17.5 
5.195025005377829e-05 -2.5 -5.5 -17.5 
2.73597652267199e-05 -2.5 -6.5 -17.5 
5.8834426454268396e-05 -2.5 -5.0 -17.5 
0.00012215381138958037 -2.0 -3.0 -17.5 
2.7402431442169473e-05 -2.0 -2.5 -17.5 
0.00023232454259414226 -2.0 -4.5 -17.5 
0.0002715188020374626 -2.0 -4.0 -17.5 
0.0002221032918896526 -2.0 -3.5 -17.5 
4.2464176658540964e-05 -2.0 -6.0 -17.5 
8.613105455879122e-05 -2.0 -5.5 -17.5 
0.00029355613514781 -1.5 -2.0 -17.5 
5.9472611610544845e-05 -1.5 -1.5 -17.5 
0.00015681485820095986 -2.0 -5.0 -17.5 
0.0006234701722860336 -1.5 -3.5 -17.5 
0.0007259217090904713 -1.5 -3.0 -17.5 
5.072336716693826e-05 -1.5 -5.0 -17.5 
0.00021128727530594915 -1.5 -4.5 -17.5 
0.00044661908759735525 -1.5 -4.0 -17.5 
0.00013258705439511687 -1.0 -0.5 -17.5 
0.0019327295012772083 -1.0 -1.5 -17.5 
0.0013611980248242617 -1.0 -2.5 -17.5 
0.00196804734878242 -1.0 -2.0 -17.5 
0.0008432868053205311 -1.0 -1.0 -17.5 
3.131070843664929e-05 -1.0 -3.5 -17.5 
0.0024218715261667967 -0.5 0.0 -17.5 
0.0006199521012604237 -0.5 0.5 -17.5 
7.608139276271686e-05 -0.5 1.0 -17.5 
0.0006246377597562969 -0.5 -1.5 -17.5 
0.002405512146651745 -0.5 -1.0 -17.5 
0.0029204445891082287 0.0 1.0 -17.5 
0.0014050888130441308 0.0 1.5 -17.5 
0.0034367938060313463 -0.5 -0.5 -17.5 
0.0004574938793666661 -1.0 -3.0 -17.5 
0.0005980977439321578 -1.5 -2.5 -17.5 
0.0009479312575422227 0.0 0.0 -17.5 
0.0019874938298016787 0.5 1.5 -17.5 
0.0018874939996749163 0.5 2.0 -17.5 
0.00025487144012004137 0.0 2.0 -17.5 
0.00017701070464681834 0.5 0.5 -17.5 
0.0012318864464759827 0.5 2.5 -17.5 
0.0007795112323947251 1.0 2.0 -17.5 
0.0011613236274570227 1.0 2.5 -17.5 
2.357771882088855e-05 0.0 2.5 -17.5 
0.0010406115325167775 0.5 1.0 -17.5 
0.0004652218194678426 0.5 3.0 -17.5 
0.00019769409846048802 1.5 2.5 -17.5 
0.0004463109071366489 1.5 3.0 -17.5 
0.0010339898290112615 1.0 3.0 -17.5 
0.00010797204595291987 0.5 3.5 -17.5 
0.00047935982001945376 1.5 3.5 -17.5 
2.3986121959751472e-05 2.0 3.0 -17.5 
9.951667743735015e-05 2.0 3.5 -17.5 
0.0006558636086992919 1.0 3.5 -17.5 
2.526490789023228e-05 1.5 2.0 -17.5 
0.00022999288921710104 1.0 1.5 -17.5 
0.00015566700312774628 2.0 4.0 -17.5 
0.00038131483597680926 1.5 4.0 -17.5 
0.00030497449915856123 1.0 4.0 -17.5 
0.0002272710989927873 1.5 4.5 -17.5 
3.495203782222234e-05 2.5 4.5 -17.5 
0.00013664326979778707 2.0 4.5 -17.5 
0.00010622499394230545 1.0 4.5 -17.5 
2.9646196708199568e-05 1.0 5.0 -17.5 
3.235817712265998e-05 2.5 5.0 -17.5 
9.411663631908596e-05 2.0 5.0 -17.5 
0.00011646027996903285 1.5 5.0 -17.5 
4.9769278120948e-05 1.5 5.5 -17.5 
2.6773168428917415e-05 2.5 5.5 -17.5 
5.2658255299320444e-05 2.0 5.5 -17.5 
0.0030426178127527237 0.0 0.5 -17.5 
2.535504063416738e-05 2.0 6.0 -17.5 
3.878926145262085e-05 -2.0 -4.5 -18.0 
3.273683614679612e-05 -2.0 -4.0 -18.0 
2.165595105907414e-05 -2.0 -3.5 -18.0 
4.069640999659896e-05 -1.5 -2.0 -18.0 
3.229897629353218e-05 -2.0 -5.0 -18.0 
9.742139809532091e-05 -1.5 -3.5 -18.0 
0.00011514555080793798 -1.5 -3.0 -18.0 
4.158770389040001e-05 -1.5 -5.0 -18.0 
8.025072747841477e-05 -1.5 -4.5 -18.0 
9.44888306548819e-05 -1.5 -4.0 -18.0 
7.810557872289792e-05 -1.0 -1.0 -18.0 
0.00042978377314284444 -1.0 -2.0 -18.0 
0.0002898101229220629 -1.0 -3.0 -18.0 
0.00047103999531827867 -1.0 -2.5 -18.0 
0.0002830975572578609 -1.0 -1.5 -18.0 
8.611132943769917e-05 -1.5 -2.5 -18.0 
2.3453456378774717e-05 -0.5 1.0 -18.0 
0.0009979684837162495 -0.5 -0.5 -18.0 
0.0004686364845838398 -0.5 0.0 -18.0 
0.00010819736053235829 -0.5 0.5 -18.0 
4.515751788858324e-05 -0.5 -2.0 -18.0 
0.00041055490146391094 -0.5 -1.5 -18.0 
0.0002534094383008778 0.0 1.5 -18.0 
0.001006708131171763 0.0 0.5 -18.0 
0.0007529588765464723 0.0 1.0 -18.0 
0.0009390254854224622 -0.5 -1.0 -18.0 
6.182024662848562e-05 0.0 2.0 -18.0 
0.0003619489725679159 0.5 1.0 -18.0 
0.0005211299867369235 0.5 1.5 -18.0 
0.0003703813417814672 0.5 2.0 -18.0 
0.0001881038333522156 1.0 2.5 -18.0 
9.126229269895703e-05 1.0 1.5 -18.0 
0.00020036622299812734 1.0 2.0 -18.0 
0.00018875743262469769 0.5 2.5 -18.0 
7.23428966011852e-05 0.5 0.5 -18.0 
0.0003738687955774367 0.0 0.0 -18.0 
0.0001357517030555755 1.0 3.0 -18.0 
8.064648136496544e-05 0.5 3.0 -18.0 
5.960340422461741e-05 1.5 2.5 -18.0 
7.076962356222793e-05 1.5 3.0 -18.0 
7.431177800754085e-05 1.0 3.5 -18.0 
3.249845758546144e-05 0.5 3.5 -18.0 
5.446901559480466e-05 1.5 3.5 -18.0 
3.455742262303829e-05 1.0 4.0 -18.0 
3.8423579098889604e-05 1.5 4.0 -18.0 
2.1993948394083418e-05 1.5 4.5 -18.0 
7.551646558567882e-05 -1.0 -3.5 -18.0 
3.376195309101604e-05 -1.0 -2.5 -18.5 
2.337452860956546e-05 -1.0 -2.0 -18.5 
2.0364688680274412e-05 -1.0 -1.5 -18.5 
4.455470116226934e-05 -1.0 -3.5 -18.5 
6.12510193604976e-05 -0.5 -0.5 -18.5 
2.0937730369041674e-05 -0.5 0.0 -18.5 
6.836345710325986e-05 -1.0 -3.0 -18.5 
4.1747498471522704e-05 -0.5 -2.0 -18.5 
0.00013531168224290013 -0.5 -1.5 -18.5 
4.65987941424828e-05 0.0 1.0 -18.5 
5.455690552480519e-05 0.0 0.0 -18.5 
2.2996067855274305e-05 0.5 2.0 -18.5 
3.477866266621277e-05 0.5 1.0 -18.5 
3.36835983034689e-05 0.5 1.5 -18.5 
9.547700028633699e-05 0.0 0.5 -18.5 
0.00012330416939221323 -0.5 -1.0 -18.5 
0.0004590855969581753 -1.0 -3.0 -17.0 
0.0001430810516467318 4.5 8.5 -13.5 
