0.4
3.289498636149801e-05 -1.0 1.0 -6.0 
4.656289820559323e-05 -0.5 1.5 -6.0 
3.412025034776889e-05 -1.0 1.5 -6.0 
5.194887489778921e-05 0.0 2.0 -6.0 
6.293887417996302e-05 -0.5 2.0 -6.0 
3.6020610423292965e-05 0.5 2.5 -6.0 
8.811817679088563e-05 0.0 2.5 -6.0 
3.0377390430658124e-05 -0.5 2.5 -6.0 
9.319608216173947e-05 0.5 3.0 -6.0 
7.065955287544057e-05 0.0 3.0 -6.0 
6.483572360593826e-05 1.0 3.5 -6.0 
0.00010468201799085364 0.5 3.5 -6.0 
2.368397508689668e-05 1.5 4.0 -6.0 
0.00011296959564788267 1.0 4.0 -6.0 
5.607355706160888e-05 0.5 4.0 -6.0 
7.974464097060263e-05 1.5 4.5 -6.0 
9.707391291158274e-05 1.0 4.5 -6.0 
3.007073792105075e-05 2.0 5.0 -6.0 
8.521052950527519e-05 1.5 5.0 -6.0 
3.8413647416746244e-05 1.0 5.0 -6.0 
3.432635639910586e-05 2.0 5.5 -6.0 
3.562287747627124e-05 1.5 5.5 -6.0 
3.408492557355203e-05 -1.5 0.0 -6.5 
5.7508073950884864e-05 -2.0 0.0 -6.5 
5.0042559450957924e-05 -1.0 0.5 -6.5 
0.00013383438636083156 -1.5 0.5 -6.5 
2.751056308625266e-05 -2.0 0.5 -6.5 
4.2047377064591274e-05 -0.5 1.0 -6.5 
0.00021988182561472058 -1.0 1.0 -6.5 
0.0001257865660591051 -1.5 1.0 -6.5 
0.00026812939904630184 -0.5 1.5 -6.5 
0.00028390262741595507 -1.0 1.5 -6.5 
0.0002070579503197223 0.0 2.0 -6.5 
0.000423562916694209 -0.5 2.0 -6.5 
0.000143658064189367 -1.0 2.0 -6.5 
8.27242256491445e-05 0.5 2.5 -6.5 
0.0004701357102021575 0.0 2.5 -6.5 
0.00034663639962673187 -0.5 2.5 -6.5 
0.0003550318069756031 0.5 3.0 -6.5 
0.0005003856495022774 0.0 3.0 -6.5 
6.611013668589294e-05 -0.5 3.0 -6.5 
0.00015675929898861796 1.0 3.5 -6.5 
0.000511223217472434 0.5 3.5 -6.5 
0.00024483437300659716 0.0 3.5 -6.5 
3.777634265134111e-05 1.5 4.0 -6.5 
0.00037713046185672283 1.0 4.0 -6.5 
0.000394768372643739 0.5 4.0 -6.5 
0.0001892063010018319 1.5 4.5 -6.5 
0.00038012093864381313 1.0 4.5 -6.5 
0.0001299571304116398 0.5 4.5 -6.5 
5.465069261845201e-05 2.0 5.0 -6.5 
0.00023884103575255722 1.5 5.0 -6.5 
0.00020975377992726862 1.0 5.0 -6.5 
8.977780089480802e-05 2.0 5.5 -6.5 
0.00012983694614376873 1.5 5.5 -6.5 
3.193983138771728e-05 1.0 5.5 -6.5 
3.809910413110629e-05 2.0 6.0 -6.5 
4.03186131734401e-05 -2.5 -1.0 -7.0 
2.0538505850709043e-05 -3.0 -1.0 -7.0 
8.288457320304587e-05 -2.0 -0.5 -7.0 
0.00011335023737046868 -2.5 -0.5 -7.0 
0.00016884287470020354 -1.5 0.0 -7.0 
0.00036611143150366843 -2.0 0.0 -7.0 
5.643534677801654e-05 -2.5 0.0 -7.0 
0.0002172668610000983 -1.0 0.5 -7.0 
0.0007065980462357402 -1.5 0.5 -7.0 
0.00034116048482246697 -2.0 0.5 -7.0 
0.00013673643115907907 -0.5 1.0 -7.0 
0.0009623461519367993 -1.0 1.0 -7.0 
0.0008764774538576603 -1.5 1.0 -7.0 
3.406937321415171e-05 0.0 1.5 -7.0 
0.000919329235330224 -0.5 1.5 -7.0 
0.0014263058546930552 -1.0 1.5 -7.0 
0.0003924150951206684 -1.5 1.5 -7.0 
0.0005310243577696383 0.0 2.0 -7.0 
0.0016665246803313494 -0.5 2.0 -7.0 
0.0011955598602071404 -1.0 2.0 -7.0 
0.00014673182158730924 0.5 2.5 -7.0 
0.0014622778398916125 0.0 2.5 -7.0 
0.001716464408673346 -0.5 2.5 -7.0 
0.00020685569324996322 -1.0 2.5 -7.0 
0.000846282986458391 0.5 3.0 -7.0 
0.001767085981555283 0.0 3.0 -7.0 
0.0008691003895364702 -0.5 3.0 -7.0 
0.00027602369664236903 1.0 3.5 -7.0 
0.0014269386883825064 0.5 3.5 -7.0 
0.001322951982729137 0.0 3.5 -7.0 
3.4205113479401916e-05 -0.5 3.5 -7.0 
5.048070306656882e-05 1.5 4.0 -7.0 
0.000834564387332648 1.0 4.0 -7.0 
0.0012622918002307415 0.5 4.0 -7.0 
0.00033037413959391415 0.0 4.0 -7.0 
0.0003305510326754302 1.5 4.5 -7.0 
0.0008839888032525778 1.0 4.5 -7.0 
0.0006152454880066216 0.5 4.5 -7.0 
7.626513252034783e-05 2.0 5.0 -7.0 
0.0004542596871033311 1.5 5.0 -7.0 
0.0005126429023221135 1.0 5.0 -7.0 
8.833534229779616e-05 0.5 5.0 -7.0 
0.00014548591570928693 2.0 5.5 -7.0 
0.0002477327943779528 1.5 5.5 -7.0 
0.00011370276479283348 1.0 5.5 -7.0 
6.71832895022817e-05 2.0 6.0 -7.0 
4.764663754031062e-05 1.5 6.0 -7.0 
5.9986421547364444e-05 -3.0 -1.5 -7.5 
0.00016045173106249422 -2.5 -1.0 -7.5 
0.00010319147258996964 -3.0 -1.0 -7.5 
0.0003428005729801953 -2.0 -0.5 -7.5 
0.00047295898548327386 -2.5 -0.5 -7.5 
3.8284553738776594e-05 -3.0 -0.5 -7.5 
0.0006322674453258514 -1.5 0.0 -7.5 
0.0012363902060315013 -2.0 0.0 -7.5 
0.0003869856591336429 -2.5 0.0 -7.5 
3.4946537198266014e-05 -1.0 0.0 -7.5 
0.0006757513037882745 -1.0 0.5 -7.5 
0.002043511951342225 -1.5 0.5 -7.5 
0.0014115100493654609 -2.0 0.5 -7.5 
2.0317540474934503e-05 -0.5 0.5 -7.5 
0.00035225629108026624 -0.5 1.0 -7.5 
0.0025009596720337868 -1.0 1.0 -7.5 
0.002782882424071431 -1.5 1.0 -7.5 
0.0005068842438049614 -2.0 1.0 -7.5 
7.738541171420366e-05 0.0 1.5 -7.5 
0.0021228264085948467 -0.5 1.5 -7.5 
0.003768304130062461 -1.0 1.5 -7.5 
0.002101124729961157 -1.5 1.5 -7.5 
0.0010706890607252717 0.0 2.0 -7.5 
0.0039220089092850685 -0.5 2.0 -7.5 
0.0037040633615106344 -1.0 2.0 -7.5 
0.0003313119523227215 -1.5 2.0 -7.5 
0.00026755870203487575 0.5 2.5 -7.5 
0.0030539613217115402 0.0 2.5 -7.5 
0.00425760680809617 -0.5 2.5 -7.5 
0.0017290040850639343 -1.0 2.5 -7.5 
0.0015371234621852636 0.5 3.0 -7.5 
0.00390876829624176 0.0 3.0 -7.5 
0.003054453758522868 -0.5 3.0 -7.5 
3.9943308365764096e-05 -1.0 3.0 -7.5 
0.0004339209699537605 1.0 3.5 -7.5 
0.0028129112906754017 0.5 3.5 -7.5 
0.003241082653403282 0.0 3.5 -7.5 
0.0006164973019622266 -0.5 3.5 -7.5 
6.862341251689941e-05 1.5 4.0 -7.5 
0.0014253271510824561 1.0 4.0 -7.5 
0.0025118375197052956 0.5 4.0 -7.5 
0.0012968135997653008 0.0 4.0 -7.5 
0.00048600349691696465 1.5 4.5 -7.5 
0.0014989961637184024 1.0 4.5 -7.5 
0.001337880385108292 0.5 4.5 -7.5 
0.00012594572035595775 0.0 4.5 -7.5 
9.989274258259684e-05 2.0 5.0 -7.5 
0.0006499704904854298 1.5 5.0 -7.5 
0.0008313933503814042 1.0 5.0 -7.5 
0.0001803139311959967 2.0 5.5 -7.5 
2.308338116563391e-05 2.5 6.0 -7.5 
8.614663238404319e-05 2.0 6.0 -7.5 
3.4909873647848144e-05 -3.5 -2.0 -8.0 
0.00017363762890454382 -3.0 -1.5 -8.0 
3.252978785894811e-05 -3.5 -1.5 -8.0 
7.057833136059344e-05 1.5 6.0 -7.5 
0.00033764258841983974 1.5 5.5 -7.5 
2.421333374513779e-05 -2.5 -1.5 -8.0 
0.00047871307469904423 -2.5 -1.0 -8.0 
0.0002676976437214762 -3.0 -1.0 -8.0 
0.0001950903533725068 1.0 5.5 -7.5 
0.00014893397747073323 -3.0 -0.5 -8.0 
4.670715861720964e-05 -2.0 -1.0 -8.0 
0.0009765487629920244 -2.0 -0.5 -8.0 
0.0011010713642463088 -2.5 -0.5 -8.0 
9.105108620133251e-05 -1.5 -0.5 -8.0 
0.0015168015379458666 -1.5 0.0 -8.0 
0.0025966959074139595 -2.0 0.0 -8.0 
0.0009917885763570666 -2.5 0.0 -8.0 
0.00026045978302136064 0.5 5.0 -7.5 
9.518963634036481e-05 -1.0 0.0 -8.0 
0.0014947637682780623 -1.0 0.5 -8.0 
0.0039845798164606094 -1.5 0.5 -8.0 
0.0030155666172504425 -2.0 0.5 -8.0 
0.00023909704759716988 -2.5 0.5 -8.0 
4.0456518036080524e-05 -0.5 0.5 -8.0 
0.0007569464505650103 -0.5 1.0 -8.0 
0.004619542509317398 -1.0 1.0 -8.0 
0.005382119212299585 -1.5 1.0 -8.0 
0.0017214932013303041 -2.0 1.0 -8.0 
0.00017699280579108745 0.0 1.5 -8.0 
0.0037372512742877007 -0.5 1.5 -8.0 
0.006765509024262428 -1.0 1.5 -8.0 
0.00460934080183506 -1.5 1.5 -8.0 
0.00016527152911294252 -2.0 1.5 -8.0 
0.0018204376101493835 0.0 2.0 -8.0 
0.006706972606480122 -0.5 2.0 -8.0 
0.00689077889546752 -1.0 2.0 -8.0 
0.0016089746495708823 -1.5 2.0 -8.0 
0.0004667182802222669 0.5 2.5 -8.0 
0.004908253438770771 0.0 2.5 -8.0 
0.007345250807702541 -0.5 2.5 -8.0 
0.003994135186076164 -1.0 2.5 -8.0 
4.579956294037402e-05 -1.5 2.5 -8.0 
0.002343285595998168 0.5 3.0 -8.0 
0.006287200376391411 0.0 3.0 -8.0 
0.005622225813567638 -0.5 3.0 -8.0 
0.0006325665744952857 -1.0 3.0 -8.0 
0.0006582405185326934 1.0 3.5 -8.0 
0.004176315385848284 0.5 3.5 -8.0 
0.005222699139267206 0.0 3.5 -8.0 
0.0017228162614628673 -0.5 3.5 -8.0 
0.00010543579264776781 -0.5 4.0 -8.0 
0.00010341864253859967 1.5 4.0 -8.0 
0.001963959075510502 1.0 4.0 -8.0 
0.0036445215810090303 0.5 4.0 -8.0 
0.00230938708409667 0.0 4.0 -8.0 
0.0006059088627807796 1.5 4.5 -8.0 
0.0019302344880998135 1.0 4.5 -8.0 
0.0018730771262198687 0.5 4.5 -8.0 
0.00011582112347241491 2.0 5.0 -8.0 
0.00073502107989043 1.5 5.0 -8.0 
0.000999698182567954 1.0 5.0 -8.0 
0.00018742444808594882 2.0 5.5 -8.0 
2.3180460630101152e-05 2.5 6.0 -8.0 
9.113558917306364e-05 2.0 6.0 -8.0 
2.7373855118639767e-05 -3.5 -2.5 -8.5 
6.81518140481785e-05 -3.5 -2.0 -8.5 
8.25481693027541e-05 1.5 6.0 -8.0 
6.731617759214714e-05 -3.0 -2.0 -8.5 
0.00034927434171549976 -3.0 -1.5 -8.5 
6.203229713719338e-05 -3.5 -1.5 -8.5 
0.0003706593415699899 1.5 5.5 -8.0 
0.00010934528836514801 -2.5 -1.5 -8.5 
0.0009652634034864604 -2.5 -1.0 -8.5 
0.0004595211648847908 -3.0 -1.0 -8.5 
0.00023226688790600747 1.0 5.5 -8.0 
2.000997119466774e-05 0.5 5.5 -8.0 
0.00020880815281998366 -2.0 -1.0 -8.5 
0.001808654167689383 -2.0 -0.5 -8.5 
0.0017568774055689573 -2.5 -0.5 -8.5 
0.0002660513564478606 -3.0 -0.5 -8.5 
0.0003057432477362454 -1.5 -0.5 -8.5 
0.0025858511216938496 -1.5 0.0 -8.5 
0.003961525391787291 -2.0 0.0 -8.5 
0.001545461593195796 -2.5 0.0 -8.5 
3.985826697316952e-05 -3.0 0.0 -8.5 
0.00037568635889329016 0.5 5.0 -8.0 
2.042743108177092e-05 -1.0 -0.5 -8.5 
0.00023034209152683616 -1.0 0.0 -8.5 
0.002469687256962061 -1.0 0.5 -8.5 
0.005897223949432373 -1.5 0.5 -8.5 
0.004407686181366444 -2.0 0.5 -8.5 
0.0004902256187051535 -2.5 0.5 -8.5 
8.653203985886648e-05 -0.5 0.5 -8.5 
0.0013092767912894487 -0.5 1.0 -8.5 
0.0066088601015508175 -1.0 1.0 -8.5 
0.007518192753195763 -1.5 1.0 -8.5 
0.0025055797304958105 -2.0 1.0 -8.5 
3.218803249183111e-05 -2.5 1.0 -8.5 
0.0003543267957866192 0.0 1.5 -8.5 
0.005251773167401552 -0.5 1.5 -8.5 
0.00914182048290968 -1.0 1.5 -8.5 
0.006270083133131266 -1.5 1.5 -8.5 
0.00048517718096263707 -2.0 1.5 -8.5 
0.00034078359021805227 0.0 4.5 -8.0 
0.002597697777673602 0.0 2.0 -8.5 
0.008756350725889206 -0.5 2.0 -8.5 
0.009045513346791267 -1.0 2.0 -8.5 
0.0023114446084946394 -1.5 2.0 -8.5 
0.000710543361492455 0.5 2.5 -8.5 
0.006266360636800528 0.0 2.5 -8.5 
0.009326501749455929 -0.5 2.5 -8.5 
0.005131031386554241 -1.0 2.5 -8.5 
0.00025563957751728594 -1.5 2.5 -8.5 
3.333534186822362e-05 1.0 3.0 -8.5 
0.002972010988742113 0.5 3.0 -8.5 
0.007613270077854395 0.0 3.0 -8.5 
0.006812924053519964 -0.5 3.0 -8.5 
0.001059465459547937 -1.0 3.0 -8.5 
0.0008379013161174953 1.0 3.5 -8.5 
0.004806953947991133 0.5 3.5 -8.5 
0.0060052103362977505 0.0 3.5 -8.5 
0.0021810662001371384 -0.5 3.5 -8.5 
6.372648203978315e-05 -1.0 3.5 -8.5 
0.00023432647867593914 -0.5 4.0 -8.5 
0.0026158527471125126 0.0 4.0 -8.5 
0.0001392076665069908 1.5 4.0 -8.5 
0.0021601305343210697 1.0 4.0 -8.5 
0.003988773096352816 0.5 4.0 -8.5 
0.0004180090327281505 0.0 4.5 -8.5 
0.0006302385590970516 1.5 4.5 -8.5 
0.0019918105099350214 1.0 4.5 -8.5 
0.00011530471238074824 2.0 5.0 -8.5 
0.0007316611590795219 1.5 5.0 -8.5 
2.5860759706120007e-05 0.5 5.5 -8.5 
0.00017765304073691368 2.0 5.5 -8.5 
2.023170600295998e-05 2.5 6.0 -8.5 
8.720558980712667e-05 2.0 6.0 -8.5 
5.6222532293759286e-05 -3.5 -2.5 -9.0 
9.990566468331963e-05 -3.5 -2.0 -9.0 
8.35847677080892e-05 1.5 6.0 -8.5 
0.0003667274140752852 1.5 5.5 -8.5 
0.00015539844753220677 -3.0 -2.0 -9.0 
0.0004997520591132343 -3.0 -1.5 -9.0 
8.06610332801938e-05 -3.5 -1.5 -9.0 
2.1311510863597505e-05 -3.5 -1.0 -9.0 
0.00029289975645951927 -2.5 -1.5 -9.0 
0.00138894806150347 -2.5 -1.0 -9.0 
0.0005638831644318998 -3.0 -1.0 -9.0 
0.00023876696650404483 1.0 5.5 -8.5 
0.0010137457866221666 1.0 5.0 -8.5 
0.0004995650378987193 -2.0 -1.0 -9.0 
0.0024871586356312037 -2.0 -0.5 -9.0 
0.002081088488921523 -2.5 -0.5 -9.0 
0.0002756197063717991 -3.0 -0.5 -9.0 
0.0004019950865767896 0.5 5.0 -8.5 
2.934968870249577e-05 -1.5 -1.0 -9.0 
0.000604422006290406 -1.5 -0.5 -9.0 
0.0033708184491842985 -1.5 0.0 -9.0 
0.00455052824690938 -2.0 0.0 -9.0 
0.0016177863581106067 -2.5 0.0 -9.0 
4.626240115612745e-05 -3.0 0.0 -9.0 
2.3450711523764767e-05 0.0 5.0 -8.5 
3.0242606953834184e-05 -1.0 -0.5 -9.0 
0.0004166358557995409 -1.0 0.0 -9.0 
0.0031859336886554956 -1.0 0.5 -9.0 
0.006706829182803631 -1.5 0.5 -9.0 
0.004669648595154285 -2.0 0.5 -9.0 
0.0004991268506273627 -2.5 0.5 -9.0 
0.00015601313498336822 -0.5 0.5 -9.0 
0.0017692949622869492 -0.5 1.0 -9.0 
0.007412427105009556 -1.0 1.0 -9.0 
0.00799352303147316 -1.5 1.0 -9.0 
0.0025279088877141476 -2.0 1.0 -9.0 
5.6095781474141404e-05 -2.5 1.0 -9.0 
0.0004981439560651779 -2.0 1.5 -9.0 
2.1079935322632082e-05 0.0 1.0 -9.0 
0.0005190023803152144 0.0 1.5 -9.0 
0.0059151123277843 -0.5 1.5 -9.0 
0.009643071331083775 -1.0 1.5 -9.0 
0.0063795363530516624 -1.5 1.5 -9.0 
0.001963489456102252 0.5 4.5 -8.5 
0.0023088906891644 -1.5 2.0 -9.0 
2.6469066142453812e-05 0.5 2.0 -9.0 
0.0030176483560353518 0.0 2.0 -9.0 
0.009159781038761139 -0.5 2.0 -9.0 
0.009275260381400585 -1.0 2.0 -9.0 
4.262424408807419e-05 -2.0 2.0 -9.0 
0.005140981636941433 -1.0 2.5 -9.0 
0.0002851787721738219 -1.5 2.5 -9.0 
0.0008596283732913435 0.5 2.5 -9.0 
0.006510450970381498 0.0 2.5 -9.0 
0.0010726116597652435 -1.0 3.0 -9.0 
0.00682034669443965 -0.5 3.0 -9.0 
0.009530987590551376 -0.5 2.5 -9.0 
7.077780901454389e-05 1.0 3.0 -9.0 
0.0030827431473881006 0.5 3.0 -9.0 
8.867856377037242e-05 -1.0 3.5 -9.0 
0.002201960887759924 -0.5 3.5 -9.0 
0.007678678724914789 0.0 3.0 -9.0 
0.005989547818899155 0.0 3.5 -9.0 
0.0008818607311695814 1.0 3.5 -9.0 
0.0002566503535490483 -0.5 4.0 -9.0 
0.002615327248349786 0.0 4.0 -9.0 
0.0047852592542767525 0.5 3.5 -9.0 
0.00014995093806646764 1.5 4.0 -9.0 
0.0021160407923161983 1.0 4.0 -9.0 
0.00043292291229590774 0.0 4.5 -9.0 
0.003932521678507328 0.5 4.0 -9.0 
0.0005955517408438027 1.5 4.5 -9.0 
0.00039749155985191464 0.5 5.0 -9.0 
0.00010444560757605359 2.0 5.0 -9.0 
2.6635061658453196e-05 0.5 5.5 -9.0 
0.0001433848519809544 2.0 5.5 -9.0 
6.64127292111516e-05 2.0 6.0 -9.0 
6.696943455608562e-05 1.5 6.0 -9.0 
8.092627831501886e-05 -3.5 -2.5 -9.5 
0.0001144567722803913 -3.5 -2.0 -9.5 
7.82226343289949e-05 -3.5 -1.5 -9.5 
2.0042538380948827e-05 -3.0 -2.5 -9.5 
0.00023765825608279556 -3.0 -2.0 -9.5 
0.0005525781307369471 -3.0 -1.5 -9.5 
0.000310795585392043 1.5 5.5 -9.0 
0.00021783624833915383 1.0 5.5 -9.0 
0.0006442390731535852 1.5 5.0 -9.0 
0.0009362402488477528 1.0 5.0 -9.0 
0.000559362699277699 -3.0 -1.0 -9.5 
2.5070385163417086e-05 -2.5 -2.0 -9.5 
0.0004576266510412097 -2.5 -1.5 -9.5 
0.0015058633871376514 -2.5 -1.0 -9.5 
2.0653171304729767e-05 -3.5 -1.0 -9.5 
2.585893525974825e-05 0.0 5.0 -9.0 
3.8266378396656364e-05 -2.0 -1.5 -9.5 
0.0007310289074666798 -2.0 -1.0 -9.5 
0.002621784107759595 -2.0 -0.5 -9.5 
0.0020568501204252243 -2.5 -0.5 -9.5 
0.00026697744033299387 -3.0 -0.5 -9.5 
0.001903683296404779 1.0 4.5 -9.0 
4.957800774718635e-05 -1.5 -1.0 -9.5 
0.000822194735519588 -1.5 -0.5 -9.5 
0.0034946873784065247 -1.5 0.0 -9.5 
0.004505850374698639 -2.0 0.0 -9.5 
0.0015855917008593678 -2.5 0.0 -9.5 
4.235056258039549e-05 -3.0 0.0 -9.5 
3.995858060079627e-05 -1.0 -0.5 -9.5 
0.0005499962135218084 -1.0 0.0 -9.5 
0.003297969698905945 -1.0 0.5 -9.5 
0.006644637789577246 -1.5 0.5 -9.5 
0.004587192554026842 -2.0 0.5 -9.5 
0.00047442750656045973 -2.5 0.5 -9.5 
0.0024683258961886168 -2.0 1.0 -9.5 
0.00020992862118873745 -0.5 0.5 -9.5 
0.0019058582838624716 -0.5 1.0 -9.5 
0.007325074169784784 -1.0 1.0 -9.5 
0.007862484082579613 -1.5 1.0 -9.5 
5.258488454273902e-05 -2.5 1.0 -9.5 
3.3685628295643255e-05 0.0 1.0 -9.5 
0.0006107200169935822 0.0 1.5 -9.5 
0.005832570604979992 -0.5 1.5 -9.5 
0.009426991455256939 -1.0 1.5 -9.5 
0.0062232534401118755 -1.5 1.5 -9.5 
4.2358486098237336e-05 -2.0 2.0 -9.5 
0.0004788619407918304 -2.0 1.5 -9.5 
5.04130293847993e-05 0.5 2.0 -9.5 
0.002980198012664914 0.0 2.0 -9.5 
0.008881674148142338 -0.5 2.0 -9.5 
0.00900960247963667 -1.0 2.0 -9.5 
0.0002771354338619858 -1.5 2.5 -9.5 
0.0022606540005654097 -1.5 2.0 -9.5 
0.0019112011650577188 0.5 4.5 -9.0 
0.004985549487173557 -1.0 2.5 -9.5 
0.0008825694676488638 0.5 2.5 -9.5 
0.006227690260857344 0.0 2.5 -9.5 
0.009157383814454079 -0.5 2.5 -9.5 
0.001068637240678072 -1.0 3.0 -9.5 
0.006443288642913103 -0.5 3.0 -9.5 
9.692664025351405e-05 1.0 3.0 -9.5 
0.0029131497722119093 0.5 3.0 -9.5 
8.871198224369437e-05 -1.0 3.5 -9.5 
0.007183989509940147 0.0 3.0 -9.5 
0.002140400232747197 -0.5 3.5 -9.5 
0.0008408351568505168 1.0 3.5 -9.5 
0.004292989149689674 0.5 3.5 -9.5 
0.000259244377957657 -0.5 4.0 -9.5 
0.0001520418154541403 1.5 4.0 -9.5 
0.00041829003021121025 0.0 4.5 -9.5 
2.9899330911575817e-05 0.0 5.0 -9.5 
0.0004966466221958399 1.5 4.5 -9.5 
0.00031808135099709034 0.5 5.0 -9.5 
8.524592703906819e-05 2.0 5.0 -9.5 
2.65536000370048e-05 0.5 5.5 -9.5 
9.721113747218624e-05 2.0 5.5 -9.5 
3.947167715523392e-05 2.0 6.0 -9.5 
3.6490586353465915e-05 1.5 6.0 -9.5 
0.00021165343059692532 1.5 5.5 -9.5 
2.6389287086203694e-05 -3.5 -3.0 -10.0 
8.976406388683245e-05 -3.5 -2.5 -10.0 
0.00010930827556876466 -3.5 -2.0 -10.0 
7.497083424823359e-05 -3.5 -1.5 -10.0 
4.446121965884231e-05 -3.0 -2.5 -10.0 
0.000277194834779948 -3.0 -2.0 -10.0 
0.000512019672896713 -3.0 -1.5 -10.0 
0.0001472665462642908 1.0 5.5 -9.5 
0.0004595559148583561 1.5 5.0 -9.5 
0.0006788760656490922 1.0 5.0 -9.5 
5.9521920775296167e-05 -2.5 -2.0 -10.0 
0.000541497312951833 -2.5 -1.5 -10.0 
0.0013991426676511765 -2.5 -1.0 -10.0 
0.0005026829312555492 -3.0 -1.0 -10.0 
0.0002441977267153561 -3.0 -0.5 -10.0 
7.518129859818146e-05 -2.0 -1.5 -10.0 
0.0008258761954493821 -2.0 -1.0 -10.0 
0.00243895105086267 -2.0 -0.5 -10.0 
0.0018076717387884855 -2.5 -0.5 -10.0 
3.955596548621543e-05 -3.0 0.0 -10.0 
0.0014920653775334358 1.0 4.5 -9.5 
6.771588959963992e-05 -1.5 -1.0 -10.0 
0.0009056559065356851 -1.5 -0.5 -10.0 
0.0032058667857199907 -1.5 0.0 -10.0 
0.003925449214875698 -2.0 0.0 -10.0 
0.00045196691644378006 -2.5 0.5 -10.0 
0.0013894326984882355 -2.5 0.0 -10.0 
4.496738620218821e-05 -1.0 -0.5 -10.0 
0.0006081004394218326 -1.0 0.0 -10.0 
0.0030306102707982063 -1.0 0.5 -10.0 
0.005759750958532095 -1.5 0.5 -10.0 
4.4912187149748206e-05 -2.5 1.0 -10.0 
0.002199152484536171 -2.0 1.0 -10.0 
0.00024357704387512058 -0.5 0.5 -10.0 
0.0018021954456344247 -0.5 1.0 -10.0 
0.006286855321377516 -1.0 1.0 -10.0 
0.00046127158566378057 -2.0 1.5 -10.0 
0.006683030165731907 -1.5 1.0 -10.0 
0.003940860740840435 -2.0 0.5 -10.0 
0.00154544145334512 0.5 4.5 -9.5 
0.001809240784496069 1.0 4.0 -9.5 
3.9328766433754936e-05 0.0 1.0 -10.0 
0.0006106194923631847 0.0 1.5 -10.0 
0.005010457709431648 -0.5 1.5 -10.0 
3.6697711038868874e-05 -2.0 2.0 -10.0 
0.007886401377618313 -1.0 1.5 -10.0 
0.0020258191507309675 -1.5 2.0 -10.0 
0.005247064866125584 -1.5 1.5 -10.0 
7.789977826178074e-05 0.5 2.0 -10.0 
0.0025969501584768295 0.0 2.0 -10.0 
0.00027162727201357484 -1.5 2.5 -10.0 
0.007274671923369169 -0.5 2.5 -10.0 
0.0008143234881572425 0.5 2.5 -10.0 
0.0009805979207158089 -1.0 3.0 -10.0 
0.00495170010253787 0.0 2.5 -10.0 
0.004877026658505201 -0.5 3.0 -10.0 
0.00012147885718150064 1.0 3.0 -10.0 
8.621729648439214e-05 -1.0 3.5 -10.0 
0.0023207529447972775 0.5 3.0 -10.0 
0.001652669277973473 -0.5 3.5 -10.0 
0.0038845548406243324 0.0 3.5 -10.0 
0.005423327442258596 0.0 3.0 -10.0 
0.00024078087881207466 -0.5 4.0 -10.0 
0.0007085117395035923 1.0 3.5 -10.0 
0.0015786226140335202 0.0 4.0 -10.0 
0.0022449225652962923 0.5 4.0 -10.0 
0.00014432737953029573 1.5 4.0 -10.0 
0.00028498456231318414 0.0 4.5 -10.0 
2.405332816124428e-05 0.0 5.0 -10.0 
0.00017264997586607933 0.5 5.0 -10.0 
6.13612646702677e-05 2.0 5.0 -10.0 
2.014164965657983e-05 -4.0 -3.0 -10.5 
5.32764352101367e-05 2.0 5.5 -10.0 
0.0001070499638444744 1.5 5.5 -10.0 
3.0975676054367796e-05 -3.5 -3.0 -10.5 
7.508284033974633e-05 -3.5 -2.5 -10.5 
8.149464702000841e-05 -3.5 -2.0 -10.5 
5.1107137551298365e-05 -3.5 -1.5 -10.5 
7.059832569211721e-05 -3.0 -2.5 -10.5 
0.00024048831255640835 -3.0 -2.0 -10.5 
0.0003599315241444856 -3.0 -1.5 -10.5 
6.772238702978939e-05 1.0 5.5 -10.0 
0.00027294119354337454 1.5 5.0 -10.0 
0.000378565164282918 1.0 5.0 -10.0 
0.00035093582118861377 1.5 4.5 -10.0 
0.0001051446161000058 -2.5 -2.0 -10.5 
0.0004789970989804715 -2.5 -1.5 -10.5 
0.0009996520821005106 -2.5 -1.0 -10.5 
0.00017387700791005045 -3.0 -0.5 -10.5 
0.00033518101554363966 -3.0 -1.0 -10.5 
0.00012440666614565998 -2.0 -1.5 -10.5 
0.0007188302697613835 -2.0 -1.0 -10.5 
4.05175524065271e-05 -3.0 0.0 -10.5 
0.0008936734520830214 -2.5 0.0 -10.5 
0.0017411139560863376 -2.0 -0.5 -10.5 
0.0011784962844103575 -2.5 -0.5 -10.5 
0.0009320459794253111 1.0 4.5 -10.0 
9.234527533408254e-05 -1.5 -1.0 -10.5 
0.0007918489864096045 -1.5 -0.5 -10.5 
0.0003592619323171675 -2.5 0.5 -10.5 
0.0022569792345166206 -1.5 0.0 -10.5 
0.002556424355134368 -2.0 0.0 -10.5 
4.7139968955889344e-05 -1.0 -0.5 -10.5 
0.0005584297468885779 -1.0 0.0 -10.5 
5.048769526183605e-05 -2.5 1.0 -10.5 
0.002165231853723526 -1.0 0.5 -10.5 
0.0037594777531921864 -1.5 0.5 -10.5 
0.0014627609634771943 -2.0 1.0 -10.5 
0.002512951148673892 -2.0 0.5 -10.5 
0.00023726244398858398 -0.5 0.5 -10.5 
0.0013795598642900586 -0.5 1.0 -10.5 
0.004106184002012014 -1.0 1.0 -10.5 
0.00040660318336449564 -2.0 1.5 -10.5 
0.005006416235119104 -1.0 1.5 -10.5 
4.954135147272609e-05 0.0 1.0 -10.5 
3.340067632962018e-05 -2.0 2.0 -10.5 
0.0005317052127793431 0.0 1.5 -10.5 
0.0013517637271434069 -1.5 2.0 -10.5 
0.0001021639836835675 0.5 2.0 -10.5 
0.00024391124316025525 -1.5 2.5 -10.5 
0.0018160388572141528 0.0 2.0 -10.5 
0.002423942321911454 -1.0 2.5 -10.5 
0.004403975792229176 -0.5 2.5 -10.5 
0.004534777719527483 -0.5 2.0 -10.5 
0.0006339306710287929 0.5 2.5 -10.5 
0.0006189109990373254 -1.0 3.0 -10.5 
0.0027249488048255444 -0.5 3.0 -10.5 
8.354824967682362e-05 -1.0 3.5 -10.5 
0.0001316358393523842 1.0 3.0 -10.5 
0.0008461837423965335 -0.5 3.5 -10.5 
0.00013903735089115798 -0.5 4.0 -10.5 
0.0007082068477757275 0.0 4.0 -10.5 
0.00011038879165425897 0.0 4.5 -10.5 
0.00011718003952410072 1.5 4.0 -10.5 
4.709066706709564e-05 0.5 5.0 -10.5 
0.00011978299880865961 1.5 5.0 -10.5 
2.0716441213153303e-05 2.0 5.5 -10.5 
3.433594974922016e-05 1.5 5.5 -10.5 
3.517779259709641e-05 2.0 5.0 -10.5 
3.670461956062354e-05 -3.5 -2.0 -11.0 
2.3697080905549228e-05 -3.5 -3.0 -11.0 
2.2265076040639542e-05 -3.5 -1.5 -11.0 
3.8478068745462224e-05 -3.5 -2.5 -11.0 
0.00014017909415997565 1.0 5.0 -10.5 
0.00019797157438006252 1.5 4.5 -10.5 
6.079898957978003e-05 -3.0 -2.5 -11.0 
0.00014286927762441337 -3.0 -2.0 -11.0 
0.0001338528818450868 -3.0 -1.0 -11.0 
0.00017263997870031744 -3.0 -1.5 -11.0 
0.00048269517719745636 -2.5 -1.0 -11.0 
0.00010105741966981441 -2.5 -2.0 -11.0 
7.126044511096552e-05 -3.0 -0.5 -11.0 
0.0008851022575981915 -2.0 -0.5 -11.0 
0.0005039581446908414 -2.5 -0.5 -11.0 
0.00030303344829007983 -2.5 -1.5 -11.0 
0.00012040128785884008 -2.0 -1.5 -11.0 
3.003789061040152e-05 -3.0 0.0 -11.0 
0.00034522428177297115 -2.5 0.0 -11.0 
0.0004485098470468074 -2.0 -1.0 -11.0 
0.00044243421871215105 1.0 4.5 -10.5 
0.001140113570727408 -2.0 0.0 -11.0 
9.581257472746074e-05 -1.5 -1.0 -11.0 
0.00015797426749486476 -2.5 0.5 -11.0 
0.0005007017171010375 -1.5 -0.5 -11.0 
0.0010073173325508833 -2.0 0.5 -11.0 
0.001701385248452425 -1.5 0.5 -11.0 
0.0011419150978326797 -1.5 0.0 -11.0 
4.8102421715157107e-05 -1.0 -0.5 -11.0 
4.9314359785057604e-05 -2.5 1.0 -11.0 
0.0005637441645376384 -2.0 1.0 -11.0 
0.00038274115649983287 -1.0 0.0 -11.0 
0.0018187564564868808 -1.5 1.0 -11.0 
0.0018876981921494007 -1.0 1.0 -11.0 
0.00020239572040736675 -2.0 1.5 -11.0 
0.00018536136485636234 -0.5 0.5 -11.0 
0.0012633983278647065 -1.5 1.5 -11.0 
0.0022096517495810986 -1.0 1.5 -11.0 
3.9909598854137585e-05 -2.0 2.0 -11.0 
5.0100861699320376e-05 0.0 1.0 -11.0 
0.0003510564856696874 0.0 1.5 -11.0 
0.0005025907303206623 -1.5 2.0 -11.0 
0.001784860622137785 -1.0 2.0 -11.0 
0.00011897083459189162 -1.5 2.5 -11.0 
0.0007923755329102278 -1.0 2.5 -11.0 
9.464733739150688e-05 0.5 2.0 -11.0 
0.0009590001427568495 0.0 2.0 -11.0 
0.001754974713549018 -0.5 2.5 -11.0 
0.0020138868130743504 -0.5 2.0 -11.0 
0.00019257402163930237 -1.0 3.0 -11.0 
0.0008465520804747939 -0.5 3.0 -11.0 
0.0007303182501345873 0.5 3.0 -11.0 
3.612037471611984e-05 -1.0 3.5 -11.0 
0.0001855290902312845 -0.5 3.5 -11.0 
0.00011133685620734468 1.0 3.0 -11.0 
0.00062746019102633 0.0 3.5 -11.0 
0.0006818314432166517 0.5 3.5 -11.0 
2.3731363398837857e-05 -0.5 4.0 -11.0 
0.00012786565639544278 0.0 4.0 -11.0 
0.0002642788749653846 1.0 4.0 -11.0 
5.915177825954743e-05 0.5 4.5 -11.0 
3.188783011864871e-05 -3.0 -2.5 -11.5 
4.7214183723554015e-05 -3.0 -2.0 -11.5 
3.1408551876666024e-05 -3.0 -1.5 -11.5 
3.0198065360309556e-05 1.5 5.0 -11.0 
2.295622653036844e-05 1.0 5.0 -11.0 
7.454943988705054e-05 1.5 4.5 -11.0 
0.00011462427210062742 -2.5 -1.0 -11.5 
6.55107869533822e-05 -2.5 -2.0 -11.5 
7.401573384413496e-05 -2.5 -0.5 -11.5 
0.0002510524936951697 -2.0 -0.5 -11.5 
0.00010971225856337696 -2.5 -1.5 -11.5 
3.1812440283829346e-05 -2.5 0.0 -11.5 
7.730125798843801e-05 -2.0 -1.5 -11.5 
0.00021701490913983434 -2.0 0.0 -11.5 
0.00033887551398947835 -1.5 0.0 -11.5 
6.676724296994507e-05 -1.5 -1.0 -11.5 
0.00012190140114398673 -2.0 0.5 -11.5 
5.0036906031891704e-05 -2.0 1.0 -11.5 
3.6235291190678254e-05 -1.0 -0.5 -11.5 
0.0002935764205176383 -1.5 1.0 -11.5 
2.2494867153000087e-05 -2.0 1.5 -11.5 
9.69508764683269e-05 -0.5 0.5 -11.5 
0.000127836930914782 -1.5 1.5 -11.5 
3.324640783830546e-05 -1.5 2.0 -11.5 
3.5637658584164456e-05 0.0 1.0 -11.5 
0.00015710355364717543 0.0 1.5 -11.5 
0.00021992019901517779 -1.0 2.0 -11.5 
0.00031146465335041285 0.0 2.0 -11.5 
4.854852522839792e-05 -1.0 2.5 -11.5 
0.0002494786458555609 -0.5 2.5 -11.5 
5.8994930441258475e-05 -0.5 3.0 -11.5 
0.00016183695697691292 0.5 2.5 -11.5 
0.00019934929150622338 0.0 3.0 -11.5 
0.00020094215869903564 0.5 3.0 -11.5 
4.890791024081409e-05 0.0 3.5 -11.5 
2.3450875232811086e-05 -2.0 -1.0 -12.0 
3.112505510216579e-05 -1.5 0.0 -12.0 
2.1433643269119784e-05 -1.5 -1.0 -12.0 
3.876370465150103e-05 -1.0 0.5 -12.0 
2.421111821604427e-05 -1.5 0.5 -12.0 
3.395840394659899e-05 -1.5 -0.5 -12.0 
2.4865028535714373e-05 -0.5 0.5 -12.0 
2.2895215806784108e-05 -1.0 1.5 -12.0 
3.956205182475969e-05 -0.5 1.0 -12.0 
4.089662979822606e-05 -0.5 1.5 -12.0 
2.8895550713059492e-05 -0.5 2.0 -12.0 
3.627972910180688e-05 0.0 2.0 -12.0 
3.0654646252514794e-05 0.0 1.5 -12.0 
2.6440608053235337e-05 0.0 2.5 -12.0 
2.5992329028667882e-05 0.5 2.5 -12.0 
3.776379890041426e-05 -1.0 1.0 -12.0 
3.418963751755655e-05 -1.0 0.0 -12.0 
2.5253753847209737e-05 1.5 4.0 -11.5 
4.5842047256883234e-05 1.0 4.0 -11.5 
2.8718130124616437e-05 0.5 4.0 -11.5 
8.600794535595924e-05 1.0 3.5 -11.5 
0.0001172711345134303 0.5 3.5 -11.5 
6.169210973894224e-05 1.0 3.0 -11.5 
0.0003379753325134516 0.0 2.5 -11.5 
6.0986239986959845e-05 0.5 2.0 -11.5 
0.0004349997907411307 -0.5 2.0 -11.5 
0.0004346019122749567 -0.5 1.5 -11.5 
0.00042717347969301045 -1.0 1.5 -11.5 
0.0002846700663212687 -0.5 1.0 -11.5 
0.0004623115237336606 -1.0 1.0 -11.5 
0.0001688727061264217 -1.0 0.0 -11.5 
0.0003571168053895235 -1.0 0.5 -11.5 
0.000383133243303746 -1.5 0.5 -11.5 
0.0002031606127275154 -1.5 -0.5 -11.5 
0.00017848685092758387 -2.0 -1.0 -11.5 
0.00012302445247769356 1.0 4.5 -11.0 
7.492157601518556e-05 1.5 4.0 -11.0 
0.0003349945764057338 0.5 4.0 -11.0 
0.0002772988227661699 1.0 3.5 -11.0 
0.0012512295506894588 0.0 3.0 -11.0 
0.00039457567618228495 0.5 2.5 -11.0 
0.001405846793204546 0.0 2.5 -11.0 
0.0016036207089200616 -0.5 1.5 -11.0 
0.0007858824683353305 -0.5 1.0 -11.0 
0.001125371316447854 -1.0 0.5 -11.0 
0.0003841491707134992 0.5 4.5 -10.5 
0.0007045497768558562 1.0 4.0 -10.5 
0.0011287291999906301 0.5 4.0 -10.5 
0.0005041317781433463 1.0 3.5 -10.5 
0.0017596278339624405 0.5 3.5 -10.5 
0.002064062748104334 0.0 3.5 -10.5 
0.0015133770648390055 0.5 3.0 -10.5 
0.003153405152261257 0.0 3.0 -10.5 
0.003106729593127966 0.0 2.5 -10.5 
0.00457359105348587 -1.0 2.0 -10.5 
0.003332627471536398 -0.5 1.5 -10.5 
0.0032938236836344004 -1.5 1.5 -10.5 
0.004254433326423168 -1.5 1.0 -10.5 
0.000943315913900733 0.5 4.5 -10.0 
0.0012715891934931278 1.0 4.0 -10.0 
0.003110765013843775 0.5 3.5 -10.0 
0.004081004299223423 -1.0 2.5 -10.0 
0.007250993978232145 -0.5 2.0 -10.0 
0.007399469148367643 -1.0 2.0 -10.0 
0.0033551740925759077 0.5 4.0 -9.5 
0.002356089185923338 0.0 4.0 -9.5 
0.005443186964839697 0.0 3.5 -9.5 
