0
0.007961138151586056 -11.5 -10.0 9.5 
0.007025680039077997 -11.5 -10.0 9.0 
0.006200140807777643 -11.5 -10.5 9.0 
0.007025680039077997 -11.5 -10.5 9.5 
0.006200140807777643 -12.0 -10.0 9.0 
0.007025680039077997 -11.5 -10.0 10.0 
0.006200140807777643 -11.5 -10.5 10.0 
0.007025680039077997 -12.0 -10.0 9.5 
0.006200140807777643 -11.5 -9.5 10.0 
0.005471605341881514 -11.0 -9.5 10.0 
0.006200140807777643 -11.0 -10.0 10.0 
0.005471605341881514 -11.0 -10.5 10.0 
0.006200140807777643 -11.5 -9.5 9.0 
0.005471605341881514 -12.0 -9.5 10.0 
0.005471605341881514 -11.0 -9.5 9.0 
0.006200140807777643 -11.0 -10.0 9.0 
0.005471605341881514 -11.0 -10.5 9.0 
0.007025680039077997 -11.5 -9.5 9.5 
0.006200140807777643 -11.0 -9.5 9.5 
0.007025680039077997 -11.0 -10.0 9.5 
0.006200140807777643 -11.0 -10.5 9.5 
0.004828674718737602 -11.5 -10.0 8.5 
0.004261290654540062 -11.5 -10.5 8.5 
0.006200140807777643 -12.0 -9.5 9.5 
0.005471605341881514 -12.0 -9.5 9.0 
0.006200140807777643 -12.0 -10.0 10.0 
0.005471605341881514 -12.0 -10.5 10.0 
0.006200140807777643 -12.0 -10.5 9.5 
0.005471605341881514 -12.0 -10.5 9.0 
0.004261290654540062 -11.5 -9.5 8.5 
0.0037605753168463707 -11.0 -9.5 8.5 
0.004261290654540062 -11.0 -10.0 8.5 
0.0037605753168463707 -11.0 -10.5 8.5 
0.002928739180788398 -11.5 -11.0 8.5 
0.0037605753168463707 -12.0 -9.5 8.5 
0.004261290654540062 -12.0 -10.0 8.5 
0.0037605753168463707 -12.0 -10.5 8.5 
0.002584603149443865 -11.0 -11.0 8.5 
0.002584603149443865 -12.0 -11.0 8.5 
0.002584603149443865 -12.5 -9.5 8.5 
0.004261290654540062 -11.5 -11.0 10.0 
0.0037605753168463707 -11.0 -11.0 10.0 
0.0037605753168463707 -12.0 -11.0 10.0 
0.002928739180788398 -12.5 -10.0 8.5 
0.002584603149443865 -12.5 -10.5 8.5 
0.0037605753168463707 -12.5 -9.5 10.0 
0.004261290654540062 -11.5 -11.0 9.0 
0.0037605753168463707 -11.0 -11.0 9.0 
0.0037605753168463707 -12.0 -11.0 9.0 
0.004261290654540062 -12.5 -10.0 10.0 
0.0037605753168463707 -12.5 -10.5 10.0 
0.002584603149443865 -12.5 -11.0 10.0 
0.0037605753168463707 -12.5 -9.5 9.0 
0.004828674718737602 -11.5 -11.0 9.5 
0.004261290654540062 -11.0 -11.0 9.5 
0.004261290654540062 -12.0 -11.0 9.5 
0.004261290654540062 -12.5 -10.0 9.0 
0.0037605753168463707 -12.5 -10.5 9.0 
0.004261290654540062 -12.5 -9.5 9.5 
0.004828674718737602 -11.5 -10.0 10.5 
0.004261290654540062 -11.5 -10.5 10.5 
0.004261290654540062 -11.5 -9.5 10.5 
0.0037605753168463707 -11.0 -9.5 10.5 
0.004261290654540062 -11.0 -10.0 10.5 
0.0037605753168463707 -11.0 -10.5 10.5 
0.002928739180788398 -11.5 -11.0 10.5 
0.0037605753168463707 -12.0 -9.5 10.5 
0.004261290654540062 -12.0 -10.0 10.5 
0.0037605753168463707 -12.0 -10.5 10.5 
0.002584603149443865 -11.0 -11.0 10.5 
0.002584603149443865 -12.0 -11.0 10.5 
0.004828674718737602 -12.5 -10.0 9.5 
0.004261290654540062 -12.5 -10.5 9.5 
0.002584603149443865 -12.5 -9.5 10.5 
0.002928739180788398 -11.5 -9.0 10.5 
0.002584603149443865 -11.0 -9.0 10.5 
0.002584603149443865 -12.0 -9.0 10.5 
0.0017763701034709811 -10.5 -9.0 10.5 
0.002584603149443865 -10.5 -9.5 10.5 
0.002928739180788398 -10.5 -10.0 10.5 
0.002584603149443865 -10.5 -10.5 10.5 
0.0017763701034709811 -10.5 -11.0 10.5 
0.002928739180788398 -11.5 -9.0 8.5 
0.002584603149443865 -11.0 -9.0 8.5 
0.002584603149443865 -12.0 -9.0 8.5 
0.0017763701034709811 -12.5 -9.0 10.5 
0.0017763701034709811 -10.5 -9.0 8.5 
0.002584603149443865 -10.5 -9.5 8.5 
0.002928739180788398 -10.5 -10.0 8.5 
0.002584603149443865 -10.5 -10.5 8.5 
0.0017763701034709811 -10.5 -11.0 8.5 
0.004261290654540062 -11.5 -9.0 10.0 
0.0037605753168463707 -11.0 -9.0 10.0 
0.0037605753168463707 -12.0 -9.0 10.0 
0.002584603149443865 -10.5 -9.0 10.0 
0.0037605753168463707 -10.5 -9.5 10.0 
0.004261290654540062 -10.5 -10.0 10.0 
0.0037605753168463707 -10.5 -10.5 10.0 
0.002584603149443865 -10.5 -11.0 10.0 
0.004261290654540062 -11.5 -9.0 9.0 
0.0037605753168463707 -11.0 -9.0 9.0 
0.0037605753168463707 -12.0 -9.0 9.0 
0.002584603149443865 -12.5 -9.0 10.0 
0.002584603149443865 -10.5 -9.0 9.0 
0.0037605753168463707 -10.5 -9.5 9.0 
0.004261290654540062 -10.5 -10.0 9.0 
0.0037605753168463707 -10.5 -10.5 9.0 
0.002584603149443865 -10.5 -11.0 9.0 
0.004828674718737602 -11.5 -9.0 9.5 
0.004261290654540062 -11.0 -9.0 9.5 
0.004261290654540062 -12.0 -9.0 9.5 
0.002928739180788398 -10.5 -9.0 9.5 
0.004261290654540062 -10.5 -9.5 9.5 
0.004828674718737602 -10.5 -10.0 9.5 
0.004261290654540062 -10.5 -10.5 9.5 
0.002928739180788398 -10.5 -11.0 9.5 
0.002584603149443865 -11.5 -10.0 8.0 
0.002280904445797205 -11.5 -10.5 8.0 
0.002280904445797205 -11.5 -9.5 8.0 
0.0020128909964114428 -11.0 -9.5 8.0 
0.002280904445797205 -11.0 -10.0 8.0 
0.0020128909964114428 -11.0 -10.5 8.0 
0.0015676411567255855 -11.5 -11.0 8.0 
0.0020128909964114428 -12.0 -9.5 8.0 
0.002280904445797205 -12.0 -10.0 8.0 
0.0020128909964114428 -12.0 -10.5 8.0 
0.0013834383571520448 -11.0 -11.0 8.0 
0.0013834383571520448 -12.0 -11.0 8.0 
0.002928739180788398 -12.5 -9.0 9.5 
0.002584603149443865 -12.5 -9.0 9.0 
0.0017763701034709811 -12.5 -9.0 8.5 
0.002928739180788398 -12.5 -10.0 10.5 
0.002584603149443865 -12.5 -10.5 10.5 
0.0017763701034709811 -12.5 -11.0 10.5 
0.002928739180788398 -12.5 -11.0 9.5 
0.002584603149443865 -12.5 -11.0 9.0 
0.0017763701034709811 -12.5 -11.0 8.5 
0.0013834383571520448 -12.5 -9.5 8.0 
0.0015676411567255855 -11.5 -9.0 8.0 
0.0013834383571520448 -11.0 -9.0 8.0 
0.0013834383571520448 -12.0 -9.0 8.0 
0.0009508224320597947 -10.5 -9.0 8.0 
0.0013834383571520448 -10.5 -9.5 8.0 
0.0015676411567255855 -10.5 -10.0 8.0 
0.0013834383571520448 -10.5 -10.5 8.0 
0.0009508224320597947 -10.5 -11.0 8.0 
0.0008390977745875716 -11.5 -11.5 8.0 
0.0007405012147501111 -11.0 -11.5 8.0 
0.0007405012147501111 -12.0 -11.5 8.0 
0.0009508224320597947 -12.5 -9.0 8.0 
0.0015676411567255855 -12.5 -10.0 8.0 
0.0013834383571520448 -12.5 -10.5 8.0 
0.0009508224320597947 -12.5 -11.0 8.0 
0.0005089385085739195 -10.5 -11.5 8.0 
0.0005089385085739195 -12.5 -11.5 8.0 
0.0005089385085739195 -13.0 -9.0 8.0 
0.0007405012147501111 -13.0 -9.5 8.0 
0.0015676411567255855 -11.5 -11.5 10.5 
0.0013834383571520448 -11.0 -11.5 10.5 
0.0013834383571520448 -12.0 -11.5 10.5 
0.0009508224320597947 -10.5 -11.5 10.5 
0.0009508224320597947 -12.5 -11.5 10.5 
0.0008390977745875716 -13.0 -10.0 8.0 
0.0007405012147501111 -13.0 -10.5 8.0 
0.0005089385085739195 -13.0 -11.0 8.0 
0.0009508224320597947 -13.0 -9.0 10.5 
0.0013834383571520448 -13.0 -9.5 10.5 
0.0015676411567255855 -11.5 -11.5 8.5 
0.0013834383571520448 -11.0 -11.5 8.5 
0.0013834383571520448 -12.0 -11.5 8.5 
0.0009508224320597947 -10.5 -11.5 8.5 
0.0009508224320597947 -12.5 -11.5 8.5 
0.0015676411567255855 -13.0 -10.0 10.5 
0.0013834383571520448 -13.0 -10.5 10.5 
0.0009508224320597947 -13.0 -11.0 10.5 
0.0005089385085739195 -13.0 -11.5 10.5 
0.0009508224320597947 -13.0 -9.0 8.5 
0.0013834383571520448 -13.0 -9.5 8.5 
0.002280904445797205 -11.5 -11.5 10.0 
0.0020128909964114428 -11.0 -11.5 10.0 
0.0020128909964114428 -12.0 -11.5 10.0 
0.0013834383571520448 -10.5 -11.5 10.0 
0.0013834383571520448 -12.5 -11.5 10.0 
0.0015676411567255855 -13.0 -10.0 8.5 
0.0013834383571520448 -13.0 -10.5 8.5 
0.0009508224320597947 -13.0 -11.0 8.5 
0.0013834383571520448 -13.0 -9.0 10.0 
0.0020128909964114428 -13.0 -9.5 10.0 
0.002280904445797205 -11.5 -11.5 9.0 
0.0020128909964114428 -11.0 -11.5 9.0 
0.0020128909964114428 -12.0 -11.5 9.0 
0.0013834383571520448 -10.5 -11.5 9.0 
0.0013834383571520448 -12.5 -11.5 9.0 
0.002280904445797205 -13.0 -10.0 10.0 
0.0020128909964114428 -13.0 -10.5 10.0 
0.0013834383571520448 -13.0 -11.0 10.0 
0.0007405012147501111 -13.0 -11.5 10.0 
0.0013834383571520448 -13.0 -9.0 9.0 
0.0020128909964114428 -13.0 -9.5 9.0 
0.002584603149443865 -11.5 -11.5 9.5 
0.002280904445797205 -11.0 -11.5 9.5 
0.002280904445797205 -12.0 -11.5 9.5 
0.0015676411567255855 -10.5 -11.5 9.5 
0.0015676411567255855 -12.5 -11.5 9.5 
0.002280904445797205 -13.0 -10.0 9.0 
0.0020128909964114428 -13.0 -10.5 9.0 
0.0013834383571520448 -13.0 -11.0 9.0 
0.0015676411567255855 -13.0 -9.0 9.5 
0.002280904445797205 -13.0 -9.5 9.5 
0.002584603149443865 -11.5 -10.0 11.0 
0.002280904445797205 -11.5 -10.5 11.0 
0.002280904445797205 -11.5 -9.5 11.0 
0.0020128909964114428 -11.0 -9.5 11.0 
0.002280904445797205 -11.0 -10.0 11.0 
0.0020128909964114428 -11.0 -10.5 11.0 
0.0015676411567255855 -11.5 -11.0 11.0 
0.0020128909964114428 -12.0 -9.5 11.0 
0.002280904445797205 -12.0 -10.0 11.0 
0.0020128909964114428 -12.0 -10.5 11.0 
0.0013834383571520448 -11.0 -11.0 11.0 
0.0013834383571520448 -12.0 -11.0 11.0 
0.0013834383571520448 -12.5 -9.5 11.0 
0.0015676411567255855 -11.5 -9.0 11.0 
0.0013834383571520448 -11.0 -9.0 11.0 
0.0013834383571520448 -12.0 -9.0 11.0 
0.0009508224320597947 -10.5 -9.0 11.0 
0.0013834383571520448 -10.5 -9.5 11.0 
0.0015676411567255855 -10.5 -10.0 11.0 
0.0013834383571520448 -10.5 -10.5 11.0 
0.0009508224320597947 -10.5 -11.0 11.0 
0.0008390977745875716 -11.5 -11.5 11.0 
0.0007405012147501111 -11.0 -11.5 11.0 
0.0007405012147501111 -12.0 -11.5 11.0 
0.0009508224320597947 -12.5 -9.0 11.0 
0.0015676411567255855 -12.5 -10.0 11.0 
0.0013834383571520448 -12.5 -10.5 11.0 
0.0009508224320597947 -12.5 -11.0 11.0 
0.0005089385085739195 -10.5 -11.5 11.0 
0.0005089385085739195 -12.5 -11.5 11.0 
0.002584603149443865 -13.0 -10.0 9.5 
0.002280904445797205 -13.0 -10.5 9.5 
0.0015676411567255855 -13.0 -11.0 9.5 
0.0005089385085739195 -13.0 -9.0 11.0 
0.0007405012147501111 -13.0 -9.5 11.0 
0.0008390977745875716 -11.5 -8.5 11.0 
0.0007405012147501111 -11.0 -8.5 11.0 
0.0007405012147501111 -12.0 -8.5 11.0 
0.0005089385085739195 -10.5 -8.5 11.0 
0.0005089385085739195 -12.5 -8.5 11.0 
0.00027241517091169953 -10.0 -8.5 11.0 
0.0005089385085739195 -10.0 -9.0 11.0 
0.0007405012147501111 -10.0 -9.5 11.0 
0.0008390977745875716 -10.0 -10.0 11.0 
0.0007405012147501111 -10.0 -10.5 11.0 
0.0005089385085739195 -10.0 -11.0 11.0 
0.00027241517091169953 -10.0 -11.5 11.0 
0.0008390977745875716 -11.5 -8.5 8.0 
0.0007405012147501111 -11.0 -8.5 8.0 
0.0007405012147501111 -12.0 -8.5 8.0 
0.0005089385085739195 -10.5 -8.5 8.0 
0.0005089385085739195 -12.5 -8.5 8.0 
0.00027241517091169953 -13.0 -8.5 11.0 
0.00027241517091169953 -10.0 -8.5 8.0 
0.0005089385085739195 -10.0 -9.0 8.0 
0.0007405012147501111 -10.0 -9.5 8.0 
0.0008390977745875716 -10.0 -10.0 8.0 
0.0007405012147501111 -10.0 -10.5 8.0 
0.0005089385085739195 -10.0 -11.0 8.0 
0.00027241517091169953 -10.0 -11.5 8.0 
0.0015676411567255855 -11.5 -8.5 10.5 
0.0013834383571520448 -11.0 -8.5 10.5 
0.0013834383571520448 -12.0 -8.5 10.5 
0.0009508224320597947 -10.5 -8.5 10.5 
0.0009508224320597947 -12.5 -8.5 10.5 
0.0005089385085739195 -10.0 -8.5 10.5 
0.0009508224320597947 -10.0 -9.0 10.5 
0.0013834383571520448 -10.0 -9.5 10.5 
0.0015676411567255855 -10.0 -10.0 10.5 
0.0013834383571520448 -10.0 -10.5 10.5 
0.0009508224320597947 -10.0 -11.0 10.5 
0.0005089385085739195 -10.0 -11.5 10.5 
0.0015676411567255855 -11.5 -8.5 8.5 
0.0013834383571520448 -11.0 -8.5 8.5 
0.0013834383571520448 -12.0 -8.5 8.5 
0.0009508224320597947 -10.5 -8.5 8.5 
0.0009508224320597947 -12.5 -8.5 8.5 
0.0005089385085739195 -13.0 -8.5 10.5 
0.0005089385085739195 -10.0 -8.5 8.5 
0.0009508224320597947 -10.0 -9.0 8.5 
0.0013834383571520448 -10.0 -9.5 8.5 
0.0015676411567255855 -10.0 -10.0 8.5 
0.0013834383571520448 -10.0 -10.5 8.5 
0.0009508224320597947 -10.0 -11.0 8.5 
0.0005089385085739195 -10.0 -11.5 8.5 
0.002280904445797205 -11.5 -8.5 10.0 
0.0020128909964114428 -11.0 -8.5 10.0 
0.0020128909964114428 -12.0 -8.5 10.0 
0.0013834383571520448 -10.5 -8.5 10.0 
0.0013834383571520448 -12.5 -8.5 10.0 
0.0007405012147501111 -10.0 -8.5 10.0 
0.0013834383571520448 -10.0 -9.0 10.0 
0.0020128909964114428 -10.0 -9.5 10.0 
0.002280904445797205 -10.0 -10.0 10.0 
0.0020128909964114428 -10.0 -10.5 10.0 
0.0013834383571520448 -10.0 -11.0 10.0 
0.0007405012147501111 -10.0 -11.5 10.0 
0.002280904445797205 -11.5 -8.5 9.0 
0.0020128909964114428 -11.0 -8.5 9.0 
0.0020128909964114428 -12.0 -8.5 9.0 
0.0013834383571520448 -10.5 -8.5 9.0 
0.0013834383571520448 -12.5 -8.5 9.0 
0.0007405012147501111 -13.0 -8.5 10.0 
0.0007405012147501111 -10.0 -8.5 9.0 
0.0013834383571520448 -10.0 -9.0 9.0 
0.0020128909964114428 -10.0 -9.5 9.0 
0.002280904445797205 -10.0 -10.0 9.0 
0.0020128909964114428 -10.0 -10.5 9.0 
0.0013834383571520448 -10.0 -11.0 9.0 
0.0007405012147501111 -10.0 -11.5 9.0 
0.002584603149443865 -11.5 -8.5 9.5 
0.002280904445797205 -11.0 -8.5 9.5 
0.002280904445797205 -12.0 -8.5 9.5 
0.0015676411567255855 -10.5 -8.5 9.5 
0.0015676411567255855 -12.5 -8.5 9.5 
0.0008390977745875716 -10.0 -8.5 9.5 
0.0015676411567255855 -10.0 -9.0 9.5 
0.002280904445797205 -10.0 -9.5 9.5 
0.002584603149443865 -10.0 -10.0 9.5 
0.002280904445797205 -10.0 -10.5 9.5 
0.0015676411567255855 -10.0 -11.0 9.5 
0.0008390977745875716 -10.0 -11.5 9.5 
0.001077422872185707 -11.5 -10.0 7.5 
0.0009508224320597947 -11.5 -10.5 7.5 
0.0009508224320597947 -11.5 -9.5 7.5 
0.0008390977745875716 -11.0 -9.5 7.5 
0.0009508224320597947 -11.0 -10.0 7.5 
0.0008390977745875716 -11.0 -10.5 7.5 
0.0006534900167025626 -11.5 -11.0 7.5 
0.0008390977745875716 -12.0 -9.5 7.5 
0.0009508224320597947 -12.0 -10.0 7.5 
0.0008390977745875716 -12.0 -10.5 7.5 
0.0005767029360868037 -11.0 -11.0 7.5 
0.0005767029360868037 -12.0 -11.0 7.5 
0.0005767029360868037 -12.5 -9.5 7.5 
0.0006534900167025626 -11.5 -9.0 7.5 
0.0005767029360868037 -11.0 -9.0 7.5 
0.0005767029360868037 -12.0 -9.0 7.5 
0.0003963617200497538 -10.5 -9.0 7.5 
0.0005767029360868037 -10.5 -9.5 7.5 
0.0006534900167025626 -10.5 -10.0 7.5 
0.0005767029360868037 -10.5 -10.5 7.5 
0.0003963617200497538 -10.5 -11.0 7.5 
0.0003497880243230611 -11.5 -11.5 7.5 
0.0003086868382524699 -11.0 -11.5 7.5 
0.0003086868382524699 -12.0 -11.5 7.5 
0.0003963617200497538 -12.5 -9.0 7.5 
0.0006534900167025626 -12.5 -10.0 7.5 
0.0005767029360868037 -12.5 -10.5 7.5 
0.0003963617200497538 -12.5 -11.0 7.5 
0.00021215714514255524 -10.5 -11.5 7.5 
0.00021215714514255524 -12.5 -11.5 7.5 
0.0008390977745875716 -13.0 -8.5 9.5 
0.0007405012147501111 -13.0 -8.5 9.0 
0.0005089385085739195 -13.0 -8.5 8.5 
0.00027241517091169953 -13.0 -8.5 8.0 
0.0008390977745875716 -13.0 -10.0 11.0 
0.0007405012147501111 -13.0 -10.5 11.0 
0.0005089385085739195 -13.0 -11.0 11.0 
0.00027241517091169953 -13.0 -11.5 11.0 
0.0008390977745875716 -13.0 -11.5 9.5 
0.0007405012147501111 -13.0 -11.5 9.0 
0.0005089385085739195 -13.0 -11.5 8.5 
0.00027241517091169953 -13.0 -11.5 8.0 
0.00021215714514255524 -13.0 -9.0 7.5 
0.0003086868382524699 -13.0 -9.5 7.5 
0.0003497880243230611 -11.5 -8.5 7.5 
0.0003086868382524699 -11.0 -8.5 7.5 
0.0003086868382524699 -12.0 -8.5 7.5 
0.00021215714514255524 -10.5 -8.5 7.5 
0.00021215714514255524 -12.5 -8.5 7.5 
0.00011355954484315589 -10.0 -8.5 7.5 
0.00021215714514255524 -10.0 -9.0 7.5 
0.0003086868382524699 -10.0 -9.5 7.5 
0.0003497880243230611 -10.0 -10.0 7.5 
0.0003086868382524699 -10.0 -10.5 7.5 
0.00021215714514255524 -10.0 -11.0 7.5 
0.00011355954484315589 -10.0 -11.5 7.5 
0.00014581333380192518 -11.5 -12.0 7.5 
0.00012867982150055468 -11.0 -12.0 7.5 
0.00012867982150055468 -12.0 -12.0 7.5 
8.844025433063507e-05 -10.5 -12.0 7.5 
8.844025433063507e-05 -12.5 -12.0 7.5 
0.00011355954484315589 -13.0 -8.5 7.5 
0.0003497880243230611 -13.0 -10.0 7.5 
0.0003086868382524699 -13.0 -10.5 7.5 
0.00021215714514255524 -13.0 -11.0 7.5 
0.00011355954484315589 -13.0 -11.5 7.5 
4.7338660806417465e-05 -10.0 -12.0 7.5 
4.7338660806417465e-05 -13.0 -12.0 7.5 
4.7338660806417465e-05 -13.5 -8.5 7.5 
8.844025433063507e-05 -13.5 -9.0 7.5 
0.00012867982150055468 -13.5 -9.5 7.5 
0.0003497880243230611 -11.5 -12.0 11.0 
0.0003086868382524699 -11.0 -12.0 11.0 
0.0003086868382524699 -12.0 -12.0 11.0 
0.00021215714514255524 -10.5 -12.0 11.0 
0.00021215714514255524 -12.5 -12.0 11.0 
0.00011355954484315589 -10.0 -12.0 11.0 
0.00011355954484315589 -13.0 -12.0 11.0 
0.00014581333380192518 -13.5 -10.0 7.5 
0.00012867982150055468 -13.5 -10.5 7.5 
8.844025433063507e-05 -13.5 -11.0 7.5 
4.7338660806417465e-05 -13.5 -11.5 7.5 
0.00011355954484315589 -13.5 -8.5 11.0 
0.00021215714514255524 -13.5 -9.0 11.0 
0.0003086868382524699 -13.5 -9.5 11.0 
0.0003497880243230611 -11.5 -12.0 8.0 
0.0003086868382524699 -11.0 -12.0 8.0 
0.0003086868382524699 -12.0 -12.0 8.0 
0.00021215714514255524 -10.5 -12.0 8.0 
0.00021215714514255524 -12.5 -12.0 8.0 
0.00011355954484315589 -10.0 -12.0 8.0 
0.00011355954484315589 -13.0 -12.0 8.0 
0.0003497880243230611 -13.5 -10.0 11.0 
0.0003086868382524699 -13.5 -10.5 11.0 
0.00021215714514255524 -13.5 -11.0 11.0 
0.00011355954484315589 -13.5 -11.5 11.0 
4.7338660806417465e-05 -13.5 -12.0 11.0 
0.00011355954484315589 -13.5 -8.5 8.0 
0.00021215714514255524 -13.5 -9.0 8.0 
0.0003086868382524699 -13.5 -9.5 8.0 
0.0006534900167025626 -11.5 -12.0 10.5 
0.0005767029360868037 -11.0 -12.0 10.5 
0.0005767029360868037 -12.0 -12.0 10.5 
0.0003963617200497538 -10.5 -12.0 10.5 
0.0003963617200497538 -12.5 -12.0 10.5 
0.00021215714514255524 -10.0 -12.0 10.5 
0.00021215714514255524 -13.0 -12.0 10.5 
0.0003497880243230611 -13.5 -10.0 8.0 
0.0003086868382524699 -13.5 -10.5 8.0 
0.00021215714514255524 -13.5 -11.0 8.0 
0.00011355954484315589 -13.5 -11.5 8.0 
0.00021215714514255524 -13.5 -8.5 10.5 
0.0003963617200497538 -13.5 -9.0 10.5 
0.0005767029360868037 -13.5 -9.5 10.5 
0.0006534900167025626 -11.5 -12.0 8.5 
0.0005767029360868037 -11.0 -12.0 8.5 
0.0005767029360868037 -12.0 -12.0 8.5 
0.0003963617200497538 -10.5 -12.0 8.5 
0.0003963617200497538 -12.5 -12.0 8.5 
0.00021215714514255524 -10.0 -12.0 8.5 
0.00021215714514255524 -13.0 -12.0 8.5 
0.0006534900167025626 -13.5 -10.0 10.5 
0.0005767029360868037 -13.5 -10.5 10.5 
0.0003963617200497538 -13.5 -11.0 10.5 
0.00021215714514255524 -13.5 -11.5 10.5 
8.844025433063507e-05 -13.5 -12.0 10.5 
0.00021215714514255524 -13.5 -8.5 8.5 
0.0003963617200497538 -13.5 -9.0 8.5 
0.0005767029360868037 -13.5 -9.5 8.5 
0.0009508224320597947 -11.5 -12.0 10.0 
0.0008390977745875716 -11.0 -12.0 10.0 
0.0008390977745875716 -12.0 -12.0 10.0 
0.0005767029360868037 -10.5 -12.0 10.0 
0.0005767029360868037 -12.5 -12.0 10.0 
0.0003086868382524699 -10.0 -12.0 10.0 
0.0003086868382524699 -13.0 -12.0 10.0 
0.0006534900167025626 -13.5 -10.0 8.5 
0.0005767029360868037 -13.5 -10.5 8.5 
0.0003963617200497538 -13.5 -11.0 8.5 
0.00021215714514255524 -13.5 -11.5 8.5 
0.0003086868382524699 -13.5 -8.5 10.0 
0.0005767029360868037 -13.5 -9.0 10.0 
0.0008390977745875716 -13.5 -9.5 10.0 
0.0009508224320597947 -11.5 -12.0 9.0 
0.0008390977745875716 -11.0 -12.0 9.0 
0.0008390977745875716 -12.0 -12.0 9.0 
0.0005767029360868037 -10.5 -12.0 9.0 
0.0005767029360868037 -12.5 -12.0 9.0 
0.0003086868382524699 -10.0 -12.0 9.0 
0.0003086868382524699 -13.0 -12.0 9.0 
0.0009508224320597947 -13.5 -10.0 10.0 
0.0008390977745875716 -13.5 -10.5 10.0 
0.0005767029360868037 -13.5 -11.0 10.0 
0.0003086868382524699 -13.5 -11.5 10.0 
0.00012867982150055468 -13.5 -12.0 10.0 
0.0003086868382524699 -13.5 -8.5 9.0 
0.0005767029360868037 -13.5 -9.0 9.0 
0.0008390977745875716 -13.5 -9.5 9.0 
0.001077422872185707 -11.5 -12.0 9.5 
0.0009508224320597947 -11.0 -12.0 9.5 
0.0009508224320597947 -12.0 -12.0 9.5 
0.0006534900167025626 -10.5 -12.0 9.5 
0.0006534900167025626 -12.5 -12.0 9.5 
0.0003497880243230611 -10.0 -12.0 9.5 
0.0003497880243230611 -13.0 -12.0 9.5 
0.0009508224320597947 -13.5 -10.0 9.0 
0.0008390977745875716 -13.5 -10.5 9.0 
0.0005767029360868037 -13.5 -11.0 9.0 
0.0003086868382524699 -13.5 -11.5 9.0 
0.0003497880243230611 -13.5 -8.5 9.5 
0.0006534900167025626 -13.5 -9.0 9.5 
0.0009508224320597947 -13.5 -9.5 9.5 
0.001077422872185707 -11.5 -10.0 11.5 
0.0009508224320597947 -11.5 -10.5 11.5 
0.0009508224320597947 -11.5 -9.5 11.5 
0.0008390977745875716 -11.0 -9.5 11.5 
0.0009508224320597947 -11.0 -10.0 11.5 
0.0008390977745875716 -11.0 -10.5 11.5 
0.0006534900167025626 -11.5 -11.0 11.5 
0.0008390977745875716 -12.0 -9.5 11.5 
0.0009508224320597947 -12.0 -10.0 11.5 
0.0008390977745875716 -12.0 -10.5 11.5 
0.0005767029360868037 -11.0 -11.0 11.5 
0.0005767029360868037 -12.0 -11.0 11.5 
0.0005767029360868037 -12.5 -9.5 11.5 
0.0006534900167025626 -11.5 -9.0 11.5 
0.0005767029360868037 -11.0 -9.0 11.5 
0.0005767029360868037 -12.0 -9.0 11.5 
0.0003963617200497538 -10.5 -9.0 11.5 
0.0005767029360868037 -10.5 -9.5 11.5 
0.0006534900167025626 -10.5 -10.0 11.5 
0.0005767029360868037 -10.5 -10.5 11.5 
0.0003963617200497538 -10.5 -11.0 11.5 
0.0003497880243230611 -11.5 -11.5 11.5 
0.0003086868382524699 -11.0 -11.5 11.5 
0.0003086868382524699 -12.0 -11.5 11.5 
0.0003963617200497538 -12.5 -9.0 11.5 
0.0006534900167025626 -12.5 -10.0 11.5 
0.0005767029360868037 -12.5 -10.5 11.5 
0.0003963617200497538 -12.5 -11.0 11.5 
0.00021215714514255524 -10.5 -11.5 11.5 
0.00021215714514255524 -12.5 -11.5 11.5 
0.00021215714514255524 -13.0 -9.0 11.5 
0.0003086868382524699 -13.0 -9.5 11.5 
0.0003497880243230611 -11.5 -8.5 11.5 
0.0003086868382524699 -11.0 -8.5 11.5 
0.0003086868382524699 -12.0 -8.5 11.5 
0.00021215714514255524 -10.5 -8.5 11.5 
0.00021215714514255524 -12.5 -8.5 11.5 
0.00011355954484315589 -10.0 -8.5 11.5 
0.00021215714514255524 -10.0 -9.0 11.5 
0.0003086868382524699 -10.0 -9.5 11.5 
0.0003497880243230611 -10.0 -10.0 11.5 
0.0003086868382524699 -10.0 -10.5 11.5 
0.00021215714514255524 -10.0 -11.0 11.5 
0.00011355954484315589 -10.0 -11.5 11.5 
0.00014581333380192518 -11.5 -12.0 11.5 
0.00012867982150055468 -11.0 -12.0 11.5 
0.00012867982150055468 -12.0 -12.0 11.5 
8.844025433063507e-05 -10.5 -12.0 11.5 
8.844025433063507e-05 -12.5 -12.0 11.5 
0.00011355954484315589 -13.0 -8.5 11.5 
0.0003497880243230611 -13.0 -10.0 11.5 
0.0003086868382524699 -13.0 -10.5 11.5 
0.00021215714514255524 -13.0 -11.0 11.5 
0.00011355954484315589 -13.0 -11.5 11.5 
4.7338660806417465e-05 -10.0 -12.0 11.5 
4.7338660806417465e-05 -13.0 -12.0 11.5 
0.001077422872185707 -13.5 -10.0 9.5 
0.0009508224320597947 -13.5 -10.5 9.5 
0.0006534900167025626 -13.5 -11.0 9.5 
0.0003497880243230611 -13.5 -11.5 9.5 
4.7338660806417465e-05 -13.5 -8.5 11.5 
8.844025433063507e-05 -13.5 -9.0 11.5 
0.00012867982150055468 -13.5 -9.5 11.5 
0.00014581333380192518 -11.5 -8.0 11.5 
0.00012867982150055468 -11.0 -8.0 11.5 
0.00012867982150055468 -12.0 -8.0 11.5 
8.844025433063507e-05 -10.5 -8.0 11.5 
8.844025433063507e-05 -12.5 -8.0 11.5 
4.7338660806417465e-05 -10.0 -8.0 11.5 
4.7338660806417465e-05 -13.0 -8.0 11.5 
4.7338660806417465e-05 -9.5 -8.5 11.5 
8.844025433063507e-05 -9.5 -9.0 11.5 
0.00012867982150055468 -9.5 -9.5 11.5 
0.00014581333380192518 -9.5 -10.0 11.5 
0.00012867982150055468 -9.5 -10.5 11.5 
8.844025433063507e-05 -9.5 -11.0 11.5 
4.7338660806417465e-05 -9.5 -11.5 11.5 
0.00014581333380192518 -11.5 -8.0 7.5 
0.00012867982150055468 -11.0 -8.0 7.5 
0.00012867982150055468 -12.0 -8.0 7.5 
8.844025433063507e-05 -10.5 -8.0 7.5 
8.844025433063507e-05 -12.5 -8.0 7.5 
4.7338660806417465e-05 -10.0 -8.0 7.5 
4.7338660806417465e-05 -13.0 -8.0 7.5 
4.7338660806417465e-05 -9.5 -8.5 7.5 
8.844025433063507e-05 -9.5 -9.0 7.5 
0.00012867982150055468 -9.5 -9.5 7.5 
0.00014581333380192518 -9.5 -10.0 7.5 
0.00012867982150055468 -9.5 -10.5 7.5 
8.844025433063507e-05 -9.5 -11.0 7.5 
4.7338660806417465e-05 -9.5 -11.5 7.5 
0.0003497880243230611 -11.5 -8.0 11.0 
0.0003086868382524699 -11.0 -8.0 11.0 
0.0003086868382524699 -12.0 -8.0 11.0 
0.00021215714514255524 -10.5 -8.0 11.0 
0.00021215714514255524 -12.5 -8.0 11.0 
0.00011355954484315589 -10.0 -8.0 11.0 
0.00011355954484315589 -13.0 -8.0 11.0 
4.7338660806417465e-05 -9.5 -8.0 11.0 
0.00011355954484315589 -9.5 -8.5 11.0 
0.00021215714514255524 -9.5 -9.0 11.0 
0.0003086868382524699 -9.5 -9.5 11.0 
0.0003497880243230611 -9.5 -10.0 11.0 
0.0003086868382524699 -9.5 -10.5 11.0 
0.00021215714514255524 -9.5 -11.0 11.0 
0.00011355954484315589 -9.5 -11.5 11.0 
4.7338660806417465e-05 -9.5 -12.0 11.0 
0.0003497880243230611 -11.5 -8.0 8.0 
0.0003086868382524699 -11.0 -8.0 8.0 
0.0003086868382524699 -12.0 -8.0 8.0 
0.00021215714514255524 -10.5 -8.0 8.0 
0.00021215714514255524 -12.5 -8.0 8.0 
0.00011355954484315589 -10.0 -8.0 8.0 
0.00011355954484315589 -13.0 -8.0 8.0 
4.7338660806417465e-05 -13.5 -8.0 11.0 
4.7338660806417465e-05 -9.5 -8.0 8.0 
0.00011355954484315589 -9.5 -8.5 8.0 
0.00021215714514255524 -9.5 -9.0 8.0 
0.0003086868382524699 -9.5 -9.5 8.0 
0.0003497880243230611 -9.5 -10.0 8.0 
0.0003086868382524699 -9.5 -10.5 8.0 
0.00021215714514255524 -9.5 -11.0 8.0 
0.00011355954484315589 -9.5 -11.5 8.0 
4.7338660806417465e-05 -9.5 -12.0 8.0 
0.0006534900167025626 -11.5 -8.0 10.5 
0.0005767029360868037 -11.0 -8.0 10.5 
0.0005767029360868037 -12.0 -8.0 10.5 
0.0003963617200497538 -10.5 -8.0 10.5 
0.0003963617200497538 -12.5 -8.0 10.5 
0.00021215714514255524 -10.0 -8.0 10.5 
0.00021215714514255524 -13.0 -8.0 10.5 
8.844025433063507e-05 -9.5 -8.0 10.5 
0.00021215714514255524 -9.5 -8.5 10.5 
0.0003963617200497538 -9.5 -9.0 10.5 
0.0005767029360868037 -9.5 -9.5 10.5 
0.0006534900167025626 -9.5 -10.0 10.5 
0.0005767029360868037 -9.5 -10.5 10.5 
0.0003963617200497538 -9.5 -11.0 10.5 
0.00021215714514255524 -9.5 -11.5 10.5 
8.844025433063507e-05 -9.5 -12.0 10.5 
0.0006534900167025626 -11.5 -8.0 8.5 
0.0005767029360868037 -11.0 -8.0 8.5 
0.0005767029360868037 -12.0 -8.0 8.5 
0.0003963617200497538 -10.5 -8.0 8.5 
0.0003963617200497538 -12.5 -8.0 8.5 
0.00021215714514255524 -10.0 -8.0 8.5 
0.00021215714514255524 -13.0 -8.0 8.5 
8.844025433063507e-05 -13.5 -8.0 10.5 
8.844025433063507e-05 -9.5 -8.0 8.5 
0.00021215714514255524 -9.5 -8.5 8.5 
0.0003963617200497538 -9.5 -9.0 8.5 
0.0005767029360868037 -9.5 -9.5 8.5 
0.0006534900167025626 -9.5 -10.0 8.5 
0.0005767029360868037 -9.5 -10.5 8.5 
0.0003963617200497538 -9.5 -11.0 8.5 
0.00021215714514255524 -9.5 -11.5 8.5 
8.844025433063507e-05 -9.5 -12.0 8.5 
0.0009508224320597947 -11.5 -8.0 10.0 
0.0008390977745875716 -11.0 -8.0 10.0 
0.0008390977745875716 -12.0 -8.0 10.0 
0.0005767029360868037 -10.5 -8.0 10.0 
0.0005767029360868037 -12.5 -8.0 10.0 
0.0003086868382524699 -10.0 -8.0 10.0 
0.0003086868382524699 -13.0 -8.0 10.0 
0.00012867982150055468 -9.5 -8.0 10.0 
0.0003086868382524699 -9.5 -8.5 10.0 
0.0005767029360868037 -9.5 -9.0 10.0 
0.0008390977745875716 -9.5 -9.5 10.0 
0.0009508224320597947 -9.5 -10.0 10.0 
0.0008390977745875716 -9.5 -10.5 10.0 
0.0005767029360868037 -9.5 -11.0 10.0 
0.0003086868382524699 -9.5 -11.5 10.0 
0.00012867982150055468 -9.5 -12.0 10.0 
0.0009508224320597947 -11.5 -8.0 9.0 
0.0008390977745875716 -11.0 -8.0 9.0 
0.0008390977745875716 -12.0 -8.0 9.0 
0.0005767029360868037 -10.5 -8.0 9.0 
0.0005767029360868037 -12.5 -8.0 9.0 
0.0003086868382524699 -10.0 -8.0 9.0 
0.0003086868382524699 -13.0 -8.0 9.0 
0.00012867982150055468 -13.5 -8.0 10.0 
0.00012867982150055468 -9.5 -8.0 9.0 
0.0003086868382524699 -9.5 -8.5 9.0 
0.0005767029360868037 -9.5 -9.0 9.0 
0.0008390977745875716 -9.5 -9.5 9.0 
0.0009508224320597947 -9.5 -10.0 9.0 
0.0008390977745875716 -9.5 -10.5 9.0 
0.0005767029360868037 -9.5 -11.0 9.0 
0.0003086868382524699 -9.5 -11.5 9.0 
0.00012867982150055468 -9.5 -12.0 9.0 
0.001077422872185707 -11.5 -8.0 9.5 
0.0009508224320597947 -11.0 -8.0 9.5 
0.0009508224320597947 -12.0 -8.0 9.5 
0.0006534900167025626 -10.5 -8.0 9.5 
0.0006534900167025626 -12.5 -8.0 9.5 
0.0003497880243230611 -10.0 -8.0 9.5 
0.0003497880243230611 -13.0 -8.0 9.5 
0.00014581333380192518 -9.5 -8.0 9.5 
0.0003497880243230611 -9.5 -8.5 9.5 
0.0006534900167025626 -9.5 -9.0 9.5 
0.0009508224320597947 -9.5 -9.5 9.5 
0.001077422872185707 -9.5 -10.0 9.5 
0.0009508224320597947 -9.5 -10.5 9.5 
0.0006534900167025626 -9.5 -11.0 9.5 
0.0003497880243230611 -9.5 -11.5 9.5 
0.00014581333380192518 -9.5 -12.0 9.5 
0.0003497880243230611 -11.5 -10.0 7.0 
0.0003086868382524699 -11.5 -10.5 7.0 
0.0003086868382524699 -11.5 -9.5 7.0 
0.00027241517091169953 -11.0 -9.5 7.0 
0.0003086868382524699 -11.0 -10.0 7.0 
0.00027241517091169953 -11.0 -10.5 7.0 
0.00021215714514255524 -11.5 -11.0 7.0 
0.00027241517091169953 -12.0 -9.5 7.0 
0.0003086868382524699 -12.0 -10.0 7.0 
0.00027241517091169953 -12.0 -10.5 7.0 
0.00018722802633419633 -11.0 -11.0 7.0 
0.00018722802633419633 -12.0 -11.0 7.0 
0.00018722802633419633 -12.5 -9.5 7.0 
0.00021215714514255524 -11.5 -9.0 7.0 
0.00018722802633419633 -11.0 -9.0 7.0 
0.00018722802633419633 -12.0 -9.0 7.0 
0.00012867982150055468 -10.5 -9.0 7.0 
0.00018722802633419633 -10.5 -9.5 7.0 
0.00021215714514255524 -10.5 -10.0 7.0 
0.00018722802633419633 -10.5 -10.5 7.0 
0.00012867982150055468 -10.5 -11.0 7.0 
0.00011355954484315589 -11.5 -11.5 7.0 
0.00010021594061981887 -11.0 -11.5 7.0 
0.00010021594061981887 -12.0 -11.5 7.0 
0.00012867982150055468 -12.5 -9.0 7.0 
0.00021215714514255524 -12.5 -10.0 7.0 
0.00018722802633419633 -12.5 -10.5 7.0 
0.00012867982150055468 -12.5 -11.0 7.0 
6.887734343763441e-05 -10.5 -11.5 7.0 
6.887734343763441e-05 -12.5 -11.5 7.0 
6.887734343763441e-05 -13.0 -9.0 7.0 
0.00010021594061981887 -13.0 -9.5 7.0 
0.00011355954484315589 -11.5 -8.5 7.0 
0.00010021594061981887 -11.0 -8.5 7.0 
0.00010021594061981887 -12.0 -8.5 7.0 
6.887734343763441e-05 -10.5 -8.5 7.0 
6.887734343763441e-05 -12.5 -8.5 7.0 
3.6867382732452825e-05 -10.0 -8.5 7.0 
6.887734343763441e-05 -10.0 -9.0 7.0 
0.00010021594061981887 -10.0 -9.5 7.0 
0.00011355954484315589 -10.0 -10.0 7.0 
0.00010021594061981887 -10.0 -10.5 7.0 
6.887734343763441e-05 -10.0 -11.0 7.0 
3.6867382732452825e-05 -10.0 -11.5 7.0 
4.7338660806417465e-05 -11.5 -12.0 7.0 
4.177622031420469e-05 -11.0 -12.0 7.0 
4.177622031420469e-05 -12.0 -12.0 7.0 
2.8712349376291968e-05 -10.5 -12.0 7.0 
2.8712349376291968e-05 -12.5 -12.0 7.0 
3.6867382732452825e-05 -13.0 -8.5 7.0 
0.00011355954484315589 -13.0 -10.0 7.0 
0.00010021594061981887 -13.0 -10.5 7.0 
6.887734343763441e-05 -13.0 -11.0 7.0 
3.6867382732452825e-05 -13.0 -11.5 7.0 
0.00014581333380192518 -13.5 -8.0 9.5 
0.00012867982150055468 -13.5 -8.0 9.0 
8.844025433063507e-05 -13.5 -8.0 8.5 
4.7338660806417465e-05 -13.5 -8.0 8.0 
0.00014581333380192518 -13.5 -10.0 11.5 
0.00012867982150055468 -13.5 -10.5 11.5 
8.844025433063507e-05 -13.5 -11.0 11.5 
4.7338660806417465e-05 -13.5 -11.5 11.5 
0.00014581333380192518 -13.5 -12.0 9.5 
0.00012867982150055468 -13.5 -12.0 9.0 
8.844025433063507e-05 -13.5 -12.0 8.5 
4.7338660806417465e-05 -13.5 -12.0 8.0 
2.8712349376291968e-05 -13.5 -9.0 7.0 
4.177622031420469e-05 -13.5 -9.5 7.0 
4.7338660806417465e-05 -11.5 -8.0 7.0 
4.177622031420469e-05 -11.0 -8.0 7.0 
4.177622031420469e-05 -12.0 -8.0 7.0 
2.8712349376291968e-05 -10.5 -8.0 7.0 
2.8712349376291968e-05 -12.5 -8.0 7.0 
2.8712349376291968e-05 -9.5 -9.0 7.0 
4.177622031420469e-05 -9.5 -9.5 7.0 
4.7338660806417465e-05 -9.5 -10.0 7.0 
4.177622031420469e-05 -9.5 -10.5 7.0 
2.8712349376291968e-05 -9.5 -11.0 7.0 
4.7338660806417465e-05 -13.5 -10.0 7.0 
4.177622031420469e-05 -13.5 -10.5 7.0 
2.8712349376291968e-05 -13.5 -11.0 7.0 
4.7338660806417465e-05 -11.5 -12.5 11.5 
4.177622031420469e-05 -11.0 -12.5 11.5 
4.177622031420469e-05 -12.0 -12.5 11.5 
2.8712349376291968e-05 -10.5 -12.5 11.5 
2.8712349376291968e-05 -12.5 -12.5 11.5 
2.8712349376291968e-05 -14.0 -9.0 11.5 
4.177622031420469e-05 -14.0 -9.5 11.5 
4.7338660806417465e-05 -11.5 -12.5 7.5 
4.177622031420469e-05 -11.0 -12.5 7.5 
4.177622031420469e-05 -12.0 -12.5 7.5 
2.8712349376291968e-05 -10.5 -12.5 7.5 
2.8712349376291968e-05 -12.5 -12.5 7.5 
4.7338660806417465e-05 -14.0 -10.0 11.5 
4.177622031420469e-05 -14.0 -10.5 11.5 
2.8712349376291968e-05 -14.0 -11.0 11.5 
2.8712349376291968e-05 -14.0 -9.0 7.5 
4.177622031420469e-05 -14.0 -9.5 7.5 
0.00011355954484315589 -11.5 -12.5 11.0 
0.00010021594061981887 -11.0 -12.5 11.0 
0.00010021594061981887 -12.0 -12.5 11.0 
6.887734343763441e-05 -10.5 -12.5 11.0 
6.887734343763441e-05 -12.5 -12.5 11.0 
3.6867382732452825e-05 -10.0 -12.5 11.0 
3.6867382732452825e-05 -13.0 -12.5 11.0 
4.7338660806417465e-05 -14.0 -10.0 7.5 
4.177622031420469e-05 -14.0 -10.5 7.5 
2.8712349376291968e-05 -14.0 -11.0 7.5 
3.6867382732452825e-05 -14.0 -8.5 11.0 
6.887734343763441e-05 -14.0 -9.0 11.0 
0.00010021594061981887 -14.0 -9.5 11.0 
0.00011355954484315589 -11.5 -12.5 8.0 
0.00010021594061981887 -11.0 -12.5 8.0 
0.00010021594061981887 -12.0 -12.5 8.0 
6.887734343763441e-05 -10.5 -12.5 8.0 
6.887734343763441e-05 -12.5 -12.5 8.0 
3.6867382732452825e-05 -10.0 -12.5 8.0 
3.6867382732452825e-05 -13.0 -12.5 8.0 
0.00011355954484315589 -14.0 -10.0 11.0 
0.00010021594061981887 -14.0 -10.5 11.0 
6.887734343763441e-05 -14.0 -11.0 11.0 
3.6867382732452825e-05 -14.0 -11.5 11.0 
3.6867382732452825e-05 -14.0 -8.5 8.0 
6.887734343763441e-05 -14.0 -9.0 8.0 
0.00010021594061981887 -14.0 -9.5 8.0 
0.00021215714514255524 -11.5 -12.5 10.5 
0.00018722802633419633 -11.0 -12.5 10.5 
0.00018722802633419633 -12.0 -12.5 10.5 
0.00012867982150055468 -10.5 -12.5 10.5 
0.00012867982150055468 -12.5 -12.5 10.5 
6.887734343763441e-05 -10.0 -12.5 10.5 
6.887734343763441e-05 -13.0 -12.5 10.5 
2.8712349376291968e-05 -9.5 -12.5 10.5 
2.8712349376291968e-05 -13.5 -12.5 10.5 
0.00011355954484315589 -14.0 -10.0 8.0 
0.00010021594061981887 -14.0 -10.5 8.0 
6.887734343763441e-05 -14.0 -11.0 8.0 
3.6867382732452825e-05 -14.0 -11.5 8.0 
2.8712349376291968e-05 -14.0 -8.0 10.5 
6.887734343763441e-05 -14.0 -8.5 10.5 
0.00012867982150055468 -14.0 -9.0 10.5 
0.00018722802633419633 -14.0 -9.5 10.5 
0.00021215714514255524 -11.5 -12.5 8.5 
0.00018722802633419633 -11.0 -12.5 8.5 
0.00018722802633419633 -12.0 -12.5 8.5 
0.00012867982150055468 -10.5 -12.5 8.5 
0.00012867982150055468 -12.5 -12.5 8.5 
6.887734343763441e-05 -10.0 -12.5 8.5 
6.887734343763441e-05 -13.0 -12.5 8.5 
2.8712349376291968e-05 -9.5 -12.5 8.5 
2.8712349376291968e-05 -13.5 -12.5 8.5 
0.00021215714514255524 -14.0 -10.0 10.5 
0.00018722802633419633 -14.0 -10.5 10.5 
0.00012867982150055468 -14.0 -11.0 10.5 
6.887734343763441e-05 -14.0 -11.5 10.5 
2.8712349376291968e-05 -14.0 -12.0 10.5 
2.8712349376291968e-05 -14.0 -8.0 8.5 
6.887734343763441e-05 -14.0 -8.5 8.5 
0.00012867982150055468 -14.0 -9.0 8.5 
0.00018722802633419633 -14.0 -9.5 8.5 
0.0003086868382524699 -11.5 -12.5 10.0 
0.00027241517091169953 -11.0 -12.5 10.0 
0.00027241517091169953 -12.0 -12.5 10.0 
0.00018722802633419633 -10.5 -12.5 10.0 
0.00018722802633419633 -12.5 -12.5 10.0 
0.00010021594061981887 -10.0 -12.5 10.0 
0.00010021594061981887 -13.0 -12.5 10.0 
4.177622031420469e-05 -9.5 -12.5 10.0 
4.177622031420469e-05 -13.5 -12.5 10.0 
0.00021215714514255524 -14.0 -10.0 8.5 
0.00018722802633419633 -14.0 -10.5 8.5 
0.00012867982150055468 -14.0 -11.0 8.5 
6.887734343763441e-05 -14.0 -11.5 8.5 
2.8712349376291968e-05 -14.0 -12.0 8.5 
4.177622031420469e-05 -14.0 -8.0 10.0 
0.00010021594061981887 -14.0 -8.5 10.0 
0.00018722802633419633 -14.0 -9.0 10.0 
0.00027241517091169953 -14.0 -9.5 10.0 
0.0003086868382524699 -11.5 -12.5 9.0 
0.00027241517091169953 -11.0 -12.5 9.0 
0.00027241517091169953 -12.0 -12.5 9.0 
0.00018722802633419633 -10.5 -12.5 9.0 
0.00018722802633419633 -12.5 -12.5 9.0 
0.00010021594061981887 -10.0 -12.5 9.0 
0.00010021594061981887 -13.0 -12.5 9.0 
4.177622031420469e-05 -9.5 -12.5 9.0 
4.177622031420469e-05 -13.5 -12.5 9.0 
0.0003086868382524699 -14.0 -10.0 10.0 
0.00027241517091169953 -14.0 -10.5 10.0 
0.00018722802633419633 -14.0 -11.0 10.0 
0.00010021594061981887 -14.0 -11.5 10.0 
4.177622031420469e-05 -14.0 -12.0 10.0 
4.177622031420469e-05 -14.0 -8.0 9.0 
0.00010021594061981887 -14.0 -8.5 9.0 
0.00018722802633419633 -14.0 -9.0 9.0 
0.00027241517091169953 -14.0 -9.5 9.0 
0.0003497880243230611 -11.5 -12.5 9.5 
0.0003086868382524699 -11.0 -12.5 9.5 
0.0003086868382524699 -12.0 -12.5 9.5 
0.00021215714514255524 -10.5 -12.5 9.5 
0.00021215714514255524 -12.5 -12.5 9.5 
0.00011355954484315589 -10.0 -12.5 9.5 
0.00011355954484315589 -13.0 -12.5 9.5 
4.7338660806417465e-05 -9.5 -12.5 9.5 
4.7338660806417465e-05 -13.5 -12.5 9.5 
0.0003086868382524699 -14.0 -10.0 9.0 
0.00027241517091169953 -14.0 -10.5 9.0 
0.00018722802633419633 -14.0 -11.0 9.0 
0.00010021594061981887 -14.0 -11.5 9.0 
4.177622031420469e-05 -14.0 -12.0 9.0 
4.7338660806417465e-05 -14.0 -8.0 9.5 
0.00011355954484315589 -14.0 -8.5 9.5 
0.00021215714514255524 -14.0 -9.0 9.5 
0.0003086868382524699 -14.0 -9.5 9.5 
0.0003497880243230611 -11.5 -10.0 12.0 
0.0003086868382524699 -11.5 -10.5 12.0 
0.0003086868382524699 -11.5 -9.5 12.0 
0.00027241517091169953 -11.0 -9.5 12.0 
0.0003086868382524699 -11.0 -10.0 12.0 
0.00027241517091169953 -11.0 -10.5 12.0 
0.00021215714514255524 -11.5 -11.0 12.0 
0.00027241517091169953 -12.0 -9.5 12.0 
0.0003086868382524699 -12.0 -10.0 12.0 
0.00027241517091169953 -12.0 -10.5 12.0 
0.00018722802633419633 -11.0 -11.0 12.0 
0.00018722802633419633 -12.0 -11.0 12.0 
0.00018722802633419633 -12.5 -9.5 12.0 
0.00021215714514255524 -11.5 -9.0 12.0 
0.00018722802633419633 -11.0 -9.0 12.0 
0.00018722802633419633 -12.0 -9.0 12.0 
0.00012867982150055468 -10.5 -9.0 12.0 
0.00018722802633419633 -10.5 -9.5 12.0 
0.00021215714514255524 -10.5 -10.0 12.0 
0.00018722802633419633 -10.5 -10.5 12.0 
0.00012867982150055468 -10.5 -11.0 12.0 
0.00011355954484315589 -11.5 -11.5 12.0 
0.00010021594061981887 -11.0 -11.5 12.0 
0.00010021594061981887 -12.0 -11.5 12.0 
0.00012867982150055468 -12.5 -9.0 12.0 
0.00021215714514255524 -12.5 -10.0 12.0 
0.00018722802633419633 -12.5 -10.5 12.0 
0.00012867982150055468 -12.5 -11.0 12.0 
6.887734343763441e-05 -10.5 -11.5 12.0 
6.887734343763441e-05 -12.5 -11.5 12.0 
6.887734343763441e-05 -13.0 -9.0 12.0 
0.00010021594061981887 -13.0 -9.5 12.0 
0.00011355954484315589 -11.5 -8.5 12.0 
0.00010021594061981887 -11.0 -8.5 12.0 
0.00010021594061981887 -12.0 -8.5 12.0 
6.887734343763441e-05 -10.5 -8.5 12.0 
6.887734343763441e-05 -12.5 -8.5 12.0 
3.6867382732452825e-05 -10.0 -8.5 12.0 
6.887734343763441e-05 -10.0 -9.0 12.0 
0.00010021594061981887 -10.0 -9.5 12.0 
0.00011355954484315589 -10.0 -10.0 12.0 
0.00010021594061981887 -10.0 -10.5 12.0 
6.887734343763441e-05 -10.0 -11.0 12.0 
3.6867382732452825e-05 -10.0 -11.5 12.0 
4.7338660806417465e-05 -11.5 -12.0 12.0 
4.177622031420469e-05 -11.0 -12.0 12.0 
4.177622031420469e-05 -12.0 -12.0 12.0 
2.8712349376291968e-05 -10.5 -12.0 12.0 
2.8712349376291968e-05 -12.5 -12.0 12.0 
3.6867382732452825e-05 -13.0 -8.5 12.0 
0.00011355954484315589 -13.0 -10.0 12.0 
0.00010021594061981887 -13.0 -10.5 12.0 
6.887734343763441e-05 -13.0 -11.0 12.0 
3.6867382732452825e-05 -13.0 -11.5 12.0 
2.8712349376291968e-05 -13.5 -9.0 12.0 
4.177622031420469e-05 -13.5 -9.5 12.0 
4.7338660806417465e-05 -11.5 -8.0 12.0 
4.177622031420469e-05 -11.0 -8.0 12.0 
4.177622031420469e-05 -12.0 -8.0 12.0 
2.8712349376291968e-05 -10.5 -8.0 12.0 
2.8712349376291968e-05 -12.5 -8.0 12.0 
2.8712349376291968e-05 -9.5 -9.0 12.0 
4.177622031420469e-05 -9.5 -9.5 12.0 
4.7338660806417465e-05 -9.5 -10.0 12.0 
4.177622031420469e-05 -9.5 -10.5 12.0 
2.8712349376291968e-05 -9.5 -11.0 12.0 
4.7338660806417465e-05 -13.5 -10.0 12.0 
4.177622031420469e-05 -13.5 -10.5 12.0 
2.8712349376291968e-05 -13.5 -11.0 12.0 
0.0003497880243230611 -14.0 -10.0 9.5 
0.0003086868382524699 -14.0 -10.5 9.5 
0.00021215714514255524 -14.0 -11.0 9.5 
0.00011355954484315589 -14.0 -11.5 9.5 
4.7338660806417465e-05 -14.0 -12.0 9.5 
4.7338660806417465e-05 -11.5 -7.5 11.5 
4.177622031420469e-05 -11.0 -7.5 11.5 
4.177622031420469e-05 -12.0 -7.5 11.5 
2.8712349376291968e-05 -10.5 -7.5 11.5 
2.8712349376291968e-05 -12.5 -7.5 11.5 
2.8712349376291968e-05 -9.0 -9.0 11.5 
4.177622031420469e-05 -9.0 -9.5 11.5 
4.7338660806417465e-05 -9.0 -10.0 11.5 
4.177622031420469e-05 -9.0 -10.5 11.5 
2.8712349376291968e-05 -9.0 -11.0 11.5 
4.7338660806417465e-05 -11.5 -7.5 7.5 
4.177622031420469e-05 -11.0 -7.5 7.5 
4.177622031420469e-05 -12.0 -7.5 7.5 
2.8712349376291968e-05 -10.5 -7.5 7.5 
2.8712349376291968e-05 -12.5 -7.5 7.5 
2.8712349376291968e-05 -9.0 -9.0 7.5 
4.177622031420469e-05 -9.0 -9.5 7.5 
4.7338660806417465e-05 -9.0 -10.0 7.5 
4.177622031420469e-05 -9.0 -10.5 7.5 
2.8712349376291968e-05 -9.0 -11.0 7.5 
0.00011355954484315589 -11.5 -7.5 11.0 
0.00010021594061981887 -11.0 -7.5 11.0 
0.00010021594061981887 -12.0 -7.5 11.0 
6.887734343763441e-05 -10.5 -7.5 11.0 
6.887734343763441e-05 -12.5 -7.5 11.0 
3.6867382732452825e-05 -10.0 -7.5 11.0 
3.6867382732452825e-05 -13.0 -7.5 11.0 
3.6867382732452825e-05 -9.0 -8.5 11.0 
6.887734343763441e-05 -9.0 -9.0 11.0 
0.00010021594061981887 -9.0 -9.5 11.0 
0.00011355954484315589 -9.0 -10.0 11.0 
0.00010021594061981887 -9.0 -10.5 11.0 
6.887734343763441e-05 -9.0 -11.0 11.0 
3.6867382732452825e-05 -9.0 -11.5 11.0 
0.00011355954484315589 -11.5 -7.5 8.0 
0.00010021594061981887 -11.0 -7.5 8.0 
0.00010021594061981887 -12.0 -7.5 8.0 
6.887734343763441e-05 -10.5 -7.5 8.0 
6.887734343763441e-05 -12.5 -7.5 8.0 
3.6867382732452825e-05 -10.0 -7.5 8.0 
3.6867382732452825e-05 -13.0 -7.5 8.0 
3.6867382732452825e-05 -9.0 -8.5 8.0 
6.887734343763441e-05 -9.0 -9.0 8.0 
0.00010021594061981887 -9.0 -9.5 8.0 
0.00011355954484315589 -9.0 -10.0 8.0 
0.00010021594061981887 -9.0 -10.5 8.0 
6.887734343763441e-05 -9.0 -11.0 8.0 
3.6867382732452825e-05 -9.0 -11.5 8.0 
0.00021215714514255524 -11.5 -7.5 10.5 
0.00018722802633419633 -11.0 -7.5 10.5 
0.00018722802633419633 -12.0 -7.5 10.5 
0.00012867982150055468 -10.5 -7.5 10.5 
0.00012867982150055468 -12.5 -7.5 10.5 
6.887734343763441e-05 -10.0 -7.5 10.5 
6.887734343763441e-05 -13.0 -7.5 10.5 
2.8712349376291968e-05 -9.5 -7.5 10.5 
2.8712349376291968e-05 -13.5 -7.5 10.5 
2.8712349376291968e-05 -9.0 -8.0 10.5 
6.887734343763441e-05 -9.0 -8.5 10.5 
0.00012867982150055468 -9.0 -9.0 10.5 
0.00018722802633419633 -9.0 -9.5 10.5 
0.00021215714514255524 -9.0 -10.0 10.5 
0.00018722802633419633 -9.0 -10.5 10.5 
0.00012867982150055468 -9.0 -11.0 10.5 
6.887734343763441e-05 -9.0 -11.5 10.5 
2.8712349376291968e-05 -9.0 -12.0 10.5 
0.00021215714514255524 -11.5 -7.5 8.5 
0.00018722802633419633 -11.0 -7.5 8.5 
0.00018722802633419633 -12.0 -7.5 8.5 
0.00012867982150055468 -10.5 -7.5 8.5 
0.00012867982150055468 -12.5 -7.5 8.5 
6.887734343763441e-05 -10.0 -7.5 8.5 
6.887734343763441e-05 -13.0 -7.5 8.5 
2.8712349376291968e-05 -9.5 -7.5 8.5 
2.8712349376291968e-05 -13.5 -7.5 8.5 
2.8712349376291968e-05 -9.0 -8.0 8.5 
6.887734343763441e-05 -9.0 -8.5 8.5 
0.00012867982150055468 -9.0 -9.0 8.5 
0.00018722802633419633 -9.0 -9.5 8.5 
0.00021215714514255524 -9.0 -10.0 8.5 
0.00018722802633419633 -9.0 -10.5 8.5 
0.00012867982150055468 -9.0 -11.0 8.5 
6.887734343763441e-05 -9.0 -11.5 8.5 
2.8712349376291968e-05 -9.0 -12.0 8.5 
0.0003086868382524699 -11.5 -7.5 10.0 
0.00027241517091169953 -11.0 -7.5 10.0 
0.00027241517091169953 -12.0 -7.5 10.0 
0.00018722802633419633 -10.5 -7.5 10.0 
0.00018722802633419633 -12.5 -7.5 10.0 
0.00010021594061981887 -10.0 -7.5 10.0 
0.00010021594061981887 -13.0 -7.5 10.0 
4.177622031420469e-05 -9.5 -7.5 10.0 
4.177622031420469e-05 -13.5 -7.5 10.0 
4.177622031420469e-05 -9.0 -8.0 10.0 
0.00010021594061981887 -9.0 -8.5 10.0 
0.00018722802633419633 -9.0 -9.0 10.0 
0.00027241517091169953 -9.0 -9.5 10.0 
0.0003086868382524699 -9.0 -10.0 10.0 
0.00027241517091169953 -9.0 -10.5 10.0 
0.00018722802633419633 -9.0 -11.0 10.0 
0.00010021594061981887 -9.0 -11.5 10.0 
4.177622031420469e-05 -9.0 -12.0 10.0 
0.0003086868382524699 -11.5 -7.5 9.0 
0.00027241517091169953 -11.0 -7.5 9.0 
0.00027241517091169953 -12.0 -7.5 9.0 
0.00018722802633419633 -10.5 -7.5 9.0 
0.00018722802633419633 -12.5 -7.5 9.0 
0.00010021594061981887 -10.0 -7.5 9.0 
0.00010021594061981887 -13.0 -7.5 9.0 
4.177622031420469e-05 -9.5 -7.5 9.0 
4.177622031420469e-05 -13.5 -7.5 9.0 
4.177622031420469e-05 -9.0 -8.0 9.0 
0.00010021594061981887 -9.0 -8.5 9.0 
0.00018722802633419633 -9.0 -9.0 9.0 
0.00027241517091169953 -9.0 -9.5 9.0 
0.0003086868382524699 -9.0 -10.0 9.0 
0.00027241517091169953 -9.0 -10.5 9.0 
0.00018722802633419633 -9.0 -11.0 9.0 
0.00010021594061981887 -9.0 -11.5 9.0 
4.177622031420469e-05 -9.0 -12.0 9.0 
0.0003497880243230611 -11.5 -7.5 9.5 
0.0003086868382524699 -11.0 -7.5 9.5 
0.0003086868382524699 -12.0 -7.5 9.5 
0.00021215714514255524 -10.5 -7.5 9.5 
0.00021215714514255524 -12.5 -7.5 9.5 
0.00011355954484315589 -10.0 -7.5 9.5 
0.00011355954484315589 -13.0 -7.5 9.5 
4.7338660806417465e-05 -9.5 -7.5 9.5 
4.7338660806417465e-05 -13.5 -7.5 9.5 
4.7338660806417465e-05 -9.0 -8.0 9.5 
0.00011355954484315589 -9.0 -8.5 9.5 
0.00021215714514255524 -9.0 -9.0 9.5 
0.0003086868382524699 -9.0 -9.5 9.5 
0.0003497880243230611 -9.0 -10.0 9.5 
0.0003086868382524699 -9.0 -10.5 9.5 
0.00021215714514255524 -9.0 -11.0 9.5 
0.00011355954484315589 -9.0 -11.5 9.5 
4.7338660806417465e-05 -9.0 -12.0 9.5 
8.844025433063507e-05 -11.5 -10.0 6.5 
7.804825145285577e-05 -11.5 -10.5 6.5 
7.804825145285577e-05 -11.5 -9.5 6.5 
6.887734343763441e-05 -11.0 -9.5 6.5 
7.804825145285577e-05 -11.0 -10.0 6.5 
6.887734343763441e-05 -11.0 -10.5 6.5 
5.364172830013558e-05 -11.5 -11.0 6.5 
6.887734343763441e-05 -12.0 -9.5 6.5 
7.804825145285577e-05 -12.0 -10.0 6.5 
6.887734343763441e-05 -12.0 -10.5 6.5 
4.7338660806417465e-05 -11.0 -11.0 6.5 
4.7338660806417465e-05 -12.0 -11.0 6.5 
4.7338660806417465e-05 -12.5 -9.5 6.5 
5.364172830013558e-05 -11.5 -9.0 6.5 
4.7338660806417465e-05 -11.0 -9.0 6.5 
4.7338660806417465e-05 -12.0 -9.0 6.5 
3.253535396652296e-05 -10.5 -9.0 6.5 
4.7338660806417465e-05 -10.5 -9.5 6.5 
5.364172830013558e-05 -10.5 -10.0 6.5 
4.7338660806417465e-05 -10.5 -10.5 6.5 
3.253535396652296e-05 -10.5 -11.0 6.5 
2.8712349376291968e-05 -11.5 -11.5 6.5 
2.5338556952192448e-05 -11.0 -11.5 6.5 
2.5338556952192448e-05 -12.0 -11.5 6.5 
3.253535396652296e-05 -12.5 -9.0 6.5 
5.364172830013558e-05 -12.5 -10.0 6.5 
4.7338660806417465e-05 -12.5 -10.5 6.5 
3.253535396652296e-05 -12.5 -11.0 6.5 
2.5338556952192448e-05 -13.0 -9.5 6.5 
2.8712349376291968e-05 -11.5 -8.5 6.5 
2.5338556952192448e-05 -11.0 -8.5 6.5 
2.5338556952192448e-05 -12.0 -8.5 6.5 
2.5338556952192448e-05 -10.0 -9.5 6.5 
2.8712349376291968e-05 -10.0 -10.0 6.5 
2.5338556952192448e-05 -10.0 -10.5 6.5 
2.8712349376291968e-05 -13.0 -10.0 6.5 
2.5338556952192448e-05 -13.0 -10.5 6.5 
2.8712349376291968e-05 -11.5 -13.0 11.0 
2.5338556952192448e-05 -11.0 -13.0 11.0 
2.5338556952192448e-05 -12.0 -13.0 11.0 
2.5338556952192448e-05 -14.5 -9.5 11.0 
2.8712349376291968e-05 -11.5 -13.0 8.0 
2.5338556952192448e-05 -11.0 -13.0 8.0 
2.5338556952192448e-05 -12.0 -13.0 8.0 
2.8712349376291968e-05 -14.5 -10.0 11.0 
2.5338556952192448e-05 -14.5 -10.5 11.0 
2.5338556952192448e-05 -14.5 -9.5 8.0 
5.364172830013558e-05 -11.5 -13.0 10.5 
4.7338660806417465e-05 -11.0 -13.0 10.5 
4.7338660806417465e-05 -12.0 -13.0 10.5 
3.253535396652296e-05 -10.5 -13.0 10.5 
3.253535396652296e-05 -12.5 -13.0 10.5 
2.8712349376291968e-05 -14.5 -10.0 8.0 
2.5338556952192448e-05 -14.5 -10.5 8.0 
3.253535396652296e-05 -14.5 -9.0 10.5 
4.7338660806417465e-05 -14.5 -9.5 10.5 
5.364172830013558e-05 -11.5 -13.0 8.5 
4.7338660806417465e-05 -11.0 -13.0 8.5 
4.7338660806417465e-05 -12.0 -13.0 8.5 
3.253535396652296e-05 -10.5 -13.0 8.5 
3.253535396652296e-05 -12.5 -13.0 8.5 
5.364172830013558e-05 -14.5 -10.0 10.5 
4.7338660806417465e-05 -14.5 -10.5 10.5 
3.253535396652296e-05 -14.5 -11.0 10.5 
3.253535396652296e-05 -14.5 -9.0 8.5 
4.7338660806417465e-05 -14.5 -9.5 8.5 
7.804825145285577e-05 -11.5 -13.0 10.0 
6.887734343763441e-05 -11.0 -13.0 10.0 
6.887734343763441e-05 -12.0 -13.0 10.0 
4.7338660806417465e-05 -10.5 -13.0 10.0 
4.7338660806417465e-05 -12.5 -13.0 10.0 
2.5338556952192448e-05 -10.0 -13.0 10.0 
2.5338556952192448e-05 -13.0 -13.0 10.0 
5.364172830013558e-05 -14.5 -10.0 8.5 
4.7338660806417465e-05 -14.5 -10.5 8.5 
3.253535396652296e-05 -14.5 -11.0 8.5 
2.5338556952192448e-05 -14.5 -8.5 10.0 
4.7338660806417465e-05 -14.5 -9.0 10.0 
6.887734343763441e-05 -14.5 -9.5 10.0 
7.804825145285577e-05 -11.5 -13.0 9.0 
6.887734343763441e-05 -11.0 -13.0 9.0 
6.887734343763441e-05 -12.0 -13.0 9.0 
4.7338660806417465e-05 -10.5 -13.0 9.0 
4.7338660806417465e-05 -12.5 -13.0 9.0 
2.5338556952192448e-05 -10.0 -13.0 9.0 
2.5338556952192448e-05 -13.0 -13.0 9.0 
7.804825145285577e-05 -14.5 -10.0 10.0 
6.887734343763441e-05 -14.5 -10.5 10.0 
4.7338660806417465e-05 -14.5 -11.0 10.0 
2.5338556952192448e-05 -14.5 -11.5 10.0 
2.5338556952192448e-05 -14.5 -8.5 9.0 
4.7338660806417465e-05 -14.5 -9.0 9.0 
6.887734343763441e-05 -14.5 -9.5 9.0 
8.844025433063507e-05 -11.5 -13.0 9.5 
7.804825145285577e-05 -11.0 -13.0 9.5 
7.804825145285577e-05 -12.0 -13.0 9.5 
5.364172830013558e-05 -10.5 -13.0 9.5 
5.364172830013558e-05 -12.5 -13.0 9.5 
2.8712349376291968e-05 -10.0 -13.0 9.5 
2.8712349376291968e-05 -13.0 -13.0 9.5 
7.804825145285577e-05 -14.5 -10.0 9.0 
6.887734343763441e-05 -14.5 -10.5 9.0 
4.7338660806417465e-05 -14.5 -11.0 9.0 
2.5338556952192448e-05 -14.5 -11.5 9.0 
2.8712349376291968e-05 -14.5 -8.5 9.5 
5.364172830013558e-05 -14.5 -9.0 9.5 
7.804825145285577e-05 -14.5 -9.5 9.5 
8.844025433063507e-05 -11.5 -10.0 12.5 
7.804825145285577e-05 -11.5 -10.5 12.5 
7.804825145285577e-05 -11.5 -9.5 12.5 
6.887734343763441e-05 -11.0 -9.5 12.5 
7.804825145285577e-05 -11.0 -10.0 12.5 
6.887734343763441e-05 -11.0 -10.5 12.5 
5.364172830013558e-05 -11.5 -11.0 12.5 
6.887734343763441e-05 -12.0 -9.5 12.5 
7.804825145285577e-05 -12.0 -10.0 12.5 
6.887734343763441e-05 -12.0 -10.5 12.5 
4.7338660806417465e-05 -11.0 -11.0 12.5 
4.7338660806417465e-05 -12.0 -11.0 12.5 
4.7338660806417465e-05 -12.5 -9.5 12.5 
5.364172830013558e-05 -11.5 -9.0 12.5 
4.7338660806417465e-05 -11.0 -9.0 12.5 
4.7338660806417465e-05 -12.0 -9.0 12.5 
3.253535396652296e-05 -10.5 -9.0 12.5 
4.7338660806417465e-05 -10.5 -9.5 12.5 
5.364172830013558e-05 -10.5 -10.0 12.5 
4.7338660806417465e-05 -10.5 -10.5 12.5 
3.253535396652296e-05 -10.5 -11.0 12.5 
2.8712349376291968e-05 -11.5 -11.5 12.5 
2.5338556952192448e-05 -11.0 -11.5 12.5 
2.5338556952192448e-05 -12.0 -11.5 12.5 
3.253535396652296e-05 -12.5 -9.0 12.5 
5.364172830013558e-05 -12.5 -10.0 12.5 
4.7338660806417465e-05 -12.5 -10.5 12.5 
3.253535396652296e-05 -12.5 -11.0 12.5 
2.5338556952192448e-05 -13.0 -9.5 12.5 
2.8712349376291968e-05 -11.5 -8.5 12.5 
2.5338556952192448e-05 -11.0 -8.5 12.5 
2.5338556952192448e-05 -12.0 -8.5 12.5 
2.5338556952192448e-05 -10.0 -9.5 12.5 
2.8712349376291968e-05 -10.0 -10.0 12.5 
2.5338556952192448e-05 -10.0 -10.5 12.5 
2.8712349376291968e-05 -13.0 -10.0 12.5 
2.5338556952192448e-05 -13.0 -10.5 12.5 
8.844025433063507e-05 -14.5 -10.0 9.5 
7.804825145285577e-05 -14.5 -10.5 9.5 
5.364172830013558e-05 -14.5 -11.0 9.5 
2.8712349376291968e-05 -14.5 -11.5 9.5 
2.8712349376291968e-05 -11.5 -7.0 11.0 
2.5338556952192448e-05 -11.0 -7.0 11.0 
2.5338556952192448e-05 -12.0 -7.0 11.0 
2.5338556952192448e-05 -8.5 -9.5 11.0 
2.8712349376291968e-05 -8.5 -10.0 11.0 
2.5338556952192448e-05 -8.5 -10.5 11.0 
2.8712349376291968e-05 -11.5 -7.0 8.0 
2.5338556952192448e-05 -11.0 -7.0 8.0 
2.5338556952192448e-05 -12.0 -7.0 8.0 
2.5338556952192448e-05 -8.5 -9.5 8.0 
2.8712349376291968e-05 -8.5 -10.0 8.0 
2.5338556952192448e-05 -8.5 -10.5 8.0 
5.364172830013558e-05 -11.5 -7.0 10.5 
4.7338660806417465e-05 -11.0 -7.0 10.5 
4.7338660806417465e-05 -12.0 -7.0 10.5 
3.253535396652296e-05 -10.5 -7.0 10.5 
3.253535396652296e-05 -12.5 -7.0 10.5 
3.253535396652296e-05 -8.5 -9.0 10.5 
4.7338660806417465e-05 -8.5 -9.5 10.5 
5.364172830013558e-05 -8.5 -10.0 10.5 
4.7338660806417465e-05 -8.5 -10.5 10.5 
3.253535396652296e-05 -8.5 -11.0 10.5 
5.364172830013558e-05 -11.5 -7.0 8.5 
4.7338660806417465e-05 -11.0 -7.0 8.5 
4.7338660806417465e-05 -12.0 -7.0 8.5 
3.253535396652296e-05 -10.5 -7.0 8.5 
3.253535396652296e-05 -12.5 -7.0 8.5 
3.253535396652296e-05 -8.5 -9.0 8.5 
4.7338660806417465e-05 -8.5 -9.5 8.5 
5.364172830013558e-05 -8.5 -10.0 8.5 
4.7338660806417465e-05 -8.5 -10.5 8.5 
3.253535396652296e-05 -8.5 -11.0 8.5 
7.804825145285577e-05 -11.5 -7.0 10.0 
6.887734343763441e-05 -11.0 -7.0 10.0 
6.887734343763441e-05 -12.0 -7.0 10.0 
4.7338660806417465e-05 -10.5 -7.0 10.0 
4.7338660806417465e-05 -12.5 -7.0 10.0 
2.5338556952192448e-05 -10.0 -7.0 10.0 
2.5338556952192448e-05 -13.0 -7.0 10.0 
2.5338556952192448e-05 -8.5 -8.5 10.0 
4.7338660806417465e-05 -8.5 -9.0 10.0 
6.887734343763441e-05 -8.5 -9.5 10.0 
7.804825145285577e-05 -8.5 -10.0 10.0 
6.887734343763441e-05 -8.5 -10.5 10.0 
4.7338660806417465e-05 -8.5 -11.0 10.0 
2.5338556952192448e-05 -8.5 -11.5 10.0 
7.804825145285577e-05 -11.5 -7.0 9.0 
6.887734343763441e-05 -11.0 -7.0 9.0 
6.887734343763441e-05 -12.0 -7.0 9.0 
4.7338660806417465e-05 -10.5 -7.0 9.0 
4.7338660806417465e-05 -12.5 -7.0 9.0 
2.5338556952192448e-05 -10.0 -7.0 9.0 
2.5338556952192448e-05 -13.0 -7.0 9.0 
2.5338556952192448e-05 -8.5 -8.5 9.0 
4.7338660806417465e-05 -8.5 -9.0 9.0 
6.887734343763441e-05 -8.5 -9.5 9.0 
7.804825145285577e-05 -8.5 -10.0 9.0 
6.887734343763441e-05 -8.5 -10.5 9.0 
4.7338660806417465e-05 -8.5 -11.0 9.0 
2.5338556952192448e-05 -8.5 -11.5 9.0 
8.844025433063507e-05 -11.5 -7.0 9.5 
7.804825145285577e-05 -11.0 -7.0 9.5 
7.804825145285577e-05 -12.0 -7.0 9.5 
5.364172830013558e-05 -10.5 -7.0 9.5 
5.364172830013558e-05 -12.5 -7.0 9.5 
2.8712349376291968e-05 -10.0 -7.0 9.5 
2.8712349376291968e-05 -13.0 -7.0 9.5 
2.8712349376291968e-05 -8.5 -8.5 9.5 
5.364172830013558e-05 -8.5 -9.0 9.5 
7.804825145285577e-05 -8.5 -9.5 9.5 
8.844025433063507e-05 -8.5 -10.0 9.5 
7.804825145285577e-05 -8.5 -10.5 9.5 
5.364172830013558e-05 -8.5 -11.0 9.5 
2.8712349376291968e-05 -8.5 -11.5 9.5 
