0.400000
0.000033 -1.000000 1.000000 -6.000000
0.000047 -0.500000 1.500000 -6.000000
0.000034 -1.000000 1.500000 -6.000000
0.000052 0.000000 2.000000 -6.000000
0.000063 -0.500000 2.000000 -6.000000
0.000036 0.500000 2.500000 -6.000000
0.000088 0.000000 2.500000 -6.000000
0.000030 -0.500000 2.500000 -6.000000
0.000093 0.500000 3.000000 -6.000000
0.000071 0.000000 3.000000 -6.000000
0.000065 1.000000 3.500000 -6.000000
0.000105 0.500000 3.500000 -6.000000
0.000024 1.500000 4.000000 -6.000000
0.000113 1.000000 4.000000 -6.000000
0.000056 0.500000 4.000000 -6.000000
0.000080 1.500000 4.500000 -6.000000
0.000097 1.000000 4.500000 -6.000000
0.000030 2.000000 5.000000 -6.000000
0.000085 1.500000 5.000000 -6.000000
0.000038 1.000000 5.000000 -6.000000
0.000034 2.000000 5.500000 -6.000000
0.000036 1.500000 5.500000 -6.000000
0.000034 -1.500000 0.000000 -6.500000
0.000058 -2.000000 0.000000 -6.500000
0.000050 -1.000000 0.500000 -6.500000
0.000134 -1.500000 0.500000 -6.500000
0.000028 -2.000000 0.500000 -6.500000
0.000042 -0.500000 1.000000 -6.500000
0.000220 -1.000000 1.000000 -6.500000
0.000126 -1.500000 1.000000 -6.500000
0.000268 -0.500000 1.500000 -6.500000
0.000284 -1.000000 1.500000 -6.500000
0.000207 0.000000 2.000000 -6.500000
0.000424 -0.500000 2.000000 -6.500000
0.000144 -1.000000 2.000000 -6.500000
0.000083 0.500000 2.500000 -6.500000
0.000470 0.000000 2.500000 -6.500000
0.000347 -0.500000 2.500000 -6.500000
0.000355 0.500000 3.000000 -6.500000
0.000500 0.000000 3.000000 -6.500000
0.000066 -0.500000 3.000000 -6.500000
0.000157 1.000000 3.500000 -6.500000
0.000511 0.500000 3.500000 -6.500000
0.000245 0.000000 3.500000 -6.500000
0.000038 1.500000 4.000000 -6.500000
0.000377 1.000000 4.000000 -6.500000
0.000395 0.500000 4.000000 -6.500000
0.000189 1.500000 4.500000 -6.500000
0.000380 1.000000 4.500000 -6.500000
0.000130 0.500000 4.500000 -6.500000
0.000055 2.000000 5.000000 -6.500000
0.000239 1.500000 5.000000 -6.500000
0.000210 1.000000 5.000000 -6.500000
0.000090 2.000000 5.500000 -6.500000
0.000130 1.500000 5.500000 -6.500000
0.000032 1.000000 5.500000 -6.500000
0.000038 2.000000 6.000000 -6.500000
0.000040 -2.500000 -1.000000 -7.000000
0.000020 -3.000000 -1.000000 -7.000000
0.000083 -2.000000 -0.500000 -7.000000
0.000113 -2.500000 -0.500000 -7.000000
0.000169 -1.500000 0.000000 -7.000000
0.000366 -2.000000 0.000000 -7.000000
0.000056 -2.500000 0.000000 -7.000000
0.000217 -1.000000 0.500000 -7.000000
0.000707 -1.500000 0.500000 -7.000000
0.000341 -2.000000 0.500000 -7.000000
0.000137 -0.500000 1.000000 -7.000000
0.000962 -1.000000 1.000000 -7.000000
0.000876 -1.500000 1.000000 -7.000000
0.000034 0.000000 1.500000 -7.000000
0.000919 -0.500000 1.500000 -7.000000
0.001426 -1.000000 1.500000 -7.000000
0.000392 -1.500000 1.500000 -7.000000
0.000531 0.000000 2.000000 -7.000000
0.001666 -0.500000 2.000000 -7.000000
0.001196 -1.000000 2.000000 -7.000000
0.000147 0.500000 2.500000 -7.000000
0.001462 0.000000 2.500000 -7.000000
0.001716 -0.500000 2.500000 -7.000000
0.000207 -1.000000 2.500000 -7.000000
0.000846 0.500000 3.000000 -7.000000
0.001767 0.000000 3.000000 -7.000000
0.000869 -0.500000 3.000000 -7.000000
0.000276 1.000000 3.500000 -7.000000
0.001427 0.500000 3.500000 -7.000000
0.001323 0.000000 3.500000 -7.000000
0.000034 -0.500000 3.500000 -7.000000
0.000050 1.500000 4.000000 -7.000000
0.000835 1.000000 4.000000 -7.000000
0.001262 0.500000 4.000000 -7.000000
0.000330 0.000000 4.000000 -7.000000
0.000331 1.500000 4.500000 -7.000000
0.000884 1.000000 4.500000 -7.000000
0.000615 0.500000 4.500000 -7.000000
0.000076 2.000000 5.000000 -7.000000
0.000454 1.500000 5.000000 -7.000000
0.000513 1.000000 5.000000 -7.000000
0.000088 0.500000 5.000000 -7.000000
0.000145 2.000000 5.500000 -7.000000
0.000248 1.500000 5.500000 -7.000000
0.000114 1.000000 5.500000 -7.000000
0.000067 2.000000 6.000000 -7.000000
0.000048 1.500000 6.000000 -7.000000
0.000060 -3.000000 -1.500000 -7.500000
0.000160 -2.500000 -1.000000 -7.500000
0.000104 -3.000000 -1.000000 -7.500000
0.000342 -2.000000 -0.500000 -7.500000
0.000473 -2.500000 -0.500000 -7.500000
0.000038 -3.000000 -0.500000 -7.500000
0.000632 -1.500000 0.000000 -7.500000
0.001236 -2.000000 0.000000 -7.500000
0.000387 -2.500000 0.000000 -7.500000
0.000035 -1.000000 0.000000 -7.500000
0.000676 -1.000000 0.500000 -7.500000
0.002044 -1.500000 0.500000 -7.500000
0.001412 -2.000000 0.500000 -7.500000
0.000020 -0.500000 0.500000 -7.500000
0.000352 -0.500000 1.000000 -7.500000
0.002501 -1.000000 1.000000 -7.500000
0.002783 -1.500000 1.000000 -7.500000
0.000507 -2.000000 1.000000 -7.500000
0.000077 0.000000 1.500000 -7.500000
0.002123 -0.500000 1.500000 -7.500000
0.003768 -1.000000 1.500000 -7.500000
0.002101 -1.500000 1.500000 -7.500000
0.001071 0.000000 2.000000 -7.500000
0.003922 -0.500000 2.000000 -7.500000
0.003704 -1.000000 2.000000 -7.500000
0.000331 -1.500000 2.000000 -7.500000
0.000268 0.500000 2.500000 -7.500000
0.003054 0.000000 2.500000 -7.500000
0.004257 -0.500000 2.500000 -7.500000
0.001729 -1.000000 2.500000 -7.500000
0.001537 0.500000 3.000000 -7.500000
0.003909 0.000000 3.000000 -7.500000
0.003054 -0.500000 3.000000 -7.500000
0.000040 -1.000000 3.000000 -7.500000
0.000434 1.000000 3.500000 -7.500000
0.002813 0.500000 3.500000 -7.500000
0.003241 0.000000 3.500000 -7.500000
0.000616 -0.500000 3.500000 -7.500000
0.000069 1.500000 4.000000 -7.500000
0.001425 1.000000 4.000000 -7.500000
0.002512 0.500000 4.000000 -7.500000
0.001297 0.000000 4.000000 -7.500000
0.000486 1.500000 4.500000 -7.500000
0.001499 1.000000 4.500000 -7.500000
0.001338 0.500000 4.500000 -7.500000
0.000126 0.000000 4.500000 -7.500000
0.000100 2.000000 5.000000 -7.500000
0.000650 1.500000 5.000000 -7.500000
0.000831 1.000000 5.000000 -7.500000
0.000180 2.000000 5.500000 -7.500000
0.000023 2.500000 6.000000 -7.500000
0.000086 2.000000 6.000000 -7.500000
0.000036 -3.500000 -2.000000 -8.000000
0.000174 -3.000000 -1.500000 -8.000000
0.000034 -3.500000 -1.500000 -8.000000
0.000071 1.500000 6.000000 -7.500000
0.000338 1.500000 5.500000 -7.500000
0.000024 -2.500000 -1.500000 -8.000000
0.000478 -2.500000 -1.000000 -8.000000
0.000268 -3.000000 -1.000000 -8.000000
0.000195 1.000000 5.500000 -7.500000
0.000047 -2.000000 -1.000000 -8.000000
0.000976 -2.000000 -0.500000 -8.000000
0.001101 -2.500000 -0.500000 -8.000000
0.000148 -3.000000 -0.500000 -8.000000
0.000091 -1.500000 -0.500000 -8.000000
0.001516 -1.500000 0.000000 -8.000000
0.002596 -2.000000 0.000000 -8.000000
0.000992 -2.500000 0.000000 -8.000000
0.000260 0.500000 5.000000 -7.500000
0.000095 -1.000000 0.000000 -8.000000
0.001494 -1.000000 0.500000 -8.000000
0.003984 -1.500000 0.500000 -8.000000
0.003015 -2.000000 0.500000 -8.000000
0.000239 -2.500000 0.500000 -8.000000
0.000040 -0.500000 0.500000 -8.000000
0.000757 -0.500000 1.000000 -8.000000
0.004620 -1.000000 1.000000 -8.000000
0.005382 -1.500000 1.000000 -8.000000
0.001722 -2.000000 1.000000 -8.000000
0.000177 0.000000 1.500000 -8.000000
0.003737 -0.500000 1.500000 -8.000000
0.006766 -1.000000 1.500000 -8.000000
0.004609 -1.500000 1.500000 -8.000000
0.000165 -2.000000 1.500000 -8.000000
0.001820 0.000000 2.000000 -8.000000
0.006707 -0.500000 2.000000 -8.000000
0.006891 -1.000000 2.000000 -8.000000
0.001609 -1.500000 2.000000 -8.000000
0.000467 0.500000 2.500000 -8.000000
0.004908 0.000000 2.500000 -8.000000
0.007345 -0.500000 2.500000 -8.000000
0.003994 -1.000000 2.500000 -8.000000
0.000046 -1.500000 2.500000 -8.000000
0.002343 0.500000 3.000000 -8.000000
0.006287 0.000000 3.000000 -8.000000
0.005622 -0.500000 3.000000 -8.000000
0.000633 -1.000000 3.000000 -8.000000
0.000658 1.000000 3.500000 -8.000000
0.004176 0.500000 3.500000 -8.000000
0.005223 0.000000 3.500000 -8.000000
0.001723 -0.500000 3.500000 -8.000000
0.000105 -0.500000 4.000000 -8.000000
0.000103 1.500000 4.000000 -8.000000
0.001964 1.000000 4.000000 -8.000000
0.003644 0.500000 4.000000 -8.000000
0.002309 0.000000 4.000000 -8.000000
0.000606 1.500000 4.500000 -8.000000
0.001930 1.000000 4.500000 -8.000000
0.001873 0.500000 4.500000 -8.000000
0.000116 2.000000 5.000000 -8.000000
0.000735 1.500000 5.000000 -8.000000
0.001000 1.000000 5.000000 -8.000000
0.000187 2.000000 5.500000 -8.000000
0.000023 2.500000 6.000000 -8.000000
0.000091 2.000000 6.000000 -8.000000
0.000028 -3.500000 -2.500000 -8.500000
0.000070 -3.500000 -2.000000 -8.500000
0.000083 1.500000 6.000000 -8.000000
0.000068 -3.000000 -2.000000 -8.500000
0.000350 -3.000000 -1.500000 -8.500000
0.000064 -3.500000 -1.500000 -8.500000
0.000371 1.500000 5.500000 -8.000000
0.000109 -2.500000 -1.500000 -8.500000
0.000965 -2.500000 -1.000000 -8.500000
0.000460 -3.000000 -1.000000 -8.500000
0.000232 1.000000 5.500000 -8.000000
0.000020 0.500000 5.500000 -8.000000
0.000208 -2.000000 -1.000000 -8.500000
0.001808 -2.000000 -0.500000 -8.500000
0.001756 -2.500000 -0.500000 -8.500000
0.000266 -3.000000 -0.500000 -8.500000
0.000305 -1.500000 -0.500000 -8.500000
0.002584 -1.500000 0.000000 -8.500000
0.003960 -2.000000 0.000000 -8.500000
0.001545 -2.500000 0.000000 -8.500000
0.000040 -3.000000 0.000000 -8.500000
0.000376 0.500000 5.000000 -8.000000
0.000020 -1.000000 -0.500000 -8.500000
0.000230 -1.000000 0.000000 -8.500000
0.002469 -1.000000 0.500000 -8.500000
0.005896 -1.500000 0.500000 -8.500000
0.004407 -2.000000 0.500000 -8.500000
0.000490 -2.500000 0.500000 -8.500000
0.000087 -0.500000 0.500000 -8.500000
0.001309 -0.500000 1.000000 -8.500000
0.006608 -1.000000 1.000000 -8.500000
0.007518 -1.500000 1.000000 -8.500000
0.002506 -2.000000 1.000000 -8.500000
0.000032 -2.500000 1.000000 -8.500000
0.000354 0.000000 1.500000 -8.500000
0.005252 -0.500000 1.500000 -8.500000
0.009142 -1.000000 1.500000 -8.500000
0.006270 -1.500000 1.500000 -8.500000
0.000485 -2.000000 1.500000 -8.500000
0.000341 0.000000 4.500000 -8.000000
0.002598 0.000000 2.000000 -8.500000
0.008756 -0.500000 2.000000 -8.500000
0.009045 -1.000000 2.000000 -8.500000
0.002311 -1.500000 2.000000 -8.500000
0.000711 0.500000 2.500000 -8.500000
0.006266 0.000000 2.500000 -8.500000
0.009326 -0.500000 2.500000 -8.500000
0.005131 -1.000000 2.500000 -8.500000
0.000256 -1.500000 2.500000 -8.500000
0.000033 1.000000 3.000000 -8.500000
0.002972 0.500000 3.000000 -8.500000
0.007613 0.000000 3.000000 -8.500000
0.006813 -0.500000 3.000000 -8.500000
0.001059 -1.000000 3.000000 -8.500000
0.000838 1.000000 3.500000 -8.500000
0.004807 0.500000 3.500000 -8.500000
0.006005 0.000000 3.500000 -8.500000
0.002181 -0.500000 3.500000 -8.500000
0.000064 -1.000000 3.500000 -8.500000
0.000234 -0.500000 4.000000 -8.500000
0.002616 0.000000 4.000000 -8.500000
0.000139 1.500000 4.000000 -8.500000
0.002160 1.000000 4.000000 -8.500000
0.003989 0.500000 4.000000 -8.500000
0.000418 0.000000 4.500000 -8.500000
0.000630 1.500000 4.500000 -8.500000
0.001992 1.000000 4.500000 -8.500000
0.000115 2.000000 5.000000 -8.500000
0.000732 1.500000 5.000000 -8.500000
0.000026 0.500000 5.500000 -8.500000
0.000178 2.000000 5.500000 -8.500000
0.000020 2.500000 6.000000 -8.500000
0.000087 2.000000 6.000000 -8.500000
0.000057 -3.500000 -2.500000 -9.000000
0.000102 -3.500000 -2.000000 -9.000000
0.000084 1.500000 6.000000 -8.500000
0.000367 1.500000 5.500000 -8.500000
0.000156 -3.000000 -2.000000 -9.000000
0.000499 -3.000000 -1.500000 -9.000000
0.000081 -3.500000 -1.500000 -9.000000
0.000239 1.000000 5.500000 -8.500000
0.000293 -2.500000 -1.500000 -9.000000
0.001389 -2.500000 -1.000000 -9.000000
0.000562 -3.000000 -1.000000 -9.000000
0.000020 -3.500000 -1.000000 -9.000000
0.001014 1.000000 5.000000 -8.500000
0.000500 -2.000000 -1.000000 -9.000000
0.002487 -2.000000 -0.500000 -9.000000
0.002081 -2.500000 -0.500000 -9.000000
0.000274 -3.000000 -0.500000 -9.000000
0.000402 0.500000 5.000000 -8.500000
0.000029 -1.500000 -1.000000 -9.000000
0.000604 -1.500000 -0.500000 -9.000000
0.003370 -1.500000 0.000000 -9.000000
0.004549 -2.000000 0.000000 -9.000000
0.001618 -2.500000 0.000000 -9.000000
0.000046 -3.000000 0.000000 -9.000000
0.000023 0.000000 5.000000 -8.500000
0.000030 -1.000000 -0.500000 -9.000000
0.000416 -1.000000 0.000000 -9.000000
0.003185 -1.000000 0.500000 -9.000000
0.006706 -1.500000 0.500000 -9.000000
0.004669 -2.000000 0.500000 -9.000000
0.000499 -2.500000 0.500000 -9.000000
0.000156 -0.500000 0.500000 -9.000000
0.001769 -0.500000 1.000000 -9.000000
0.007411 -1.000000 1.000000 -9.000000
0.007993 -1.500000 1.000000 -9.000000
0.002528 -2.000000 1.000000 -9.000000
0.000056 -2.500000 1.000000 -9.000000
0.000498 -2.000000 1.500000 -9.000000
0.000021 0.000000 1.000000 -9.000000
0.000519 0.000000 1.500000 -9.000000
0.005915 -0.500000 1.500000 -9.000000
0.009643 -1.000000 1.500000 -9.000000
0.006380 -1.500000 1.500000 -9.000000
0.001963 0.500000 4.500000 -8.500000
0.002309 -1.500000 2.000000 -9.000000
0.000026 0.500000 2.000000 -9.000000
0.003018 0.000000 2.000000 -9.000000
0.009160 -0.500000 2.000000 -9.000000
0.009275 -1.000000 2.000000 -9.000000
0.000043 -2.000000 2.000000 -9.000000
0.005141 -1.000000 2.500000 -9.000000
0.000285 -1.500000 2.500000 -9.000000
0.000860 0.500000 2.500000 -9.000000
0.006510 0.000000 2.500000 -9.000000
0.001073 -1.000000 3.000000 -9.000000
0.006820 -0.500000 3.000000 -9.000000
0.009531 -0.500000 2.500000 -9.000000
0.000071 1.000000 3.000000 -9.000000
0.003083 0.500000 3.000000 -9.000000
0.000089 -1.000000 3.500000 -9.000000
0.002202 -0.500000 3.500000 -9.000000
0.007679 0.000000 3.000000 -9.000000
0.005989 0.000000 3.500000 -9.000000
0.000882 1.000000 3.500000 -9.000000
0.000257 -0.500000 4.000000 -9.000000
0.002615 0.000000 4.000000 -9.000000
0.004785 0.500000 3.500000 -9.000000
0.000150 1.500000 4.000000 -9.000000
0.002116 1.000000 4.000000 -9.000000
0.000433 0.000000 4.500000 -9.000000
0.003932 0.500000 4.000000 -9.000000
0.000596 1.500000 4.500000 -9.000000
0.000397 0.500000 5.000000 -9.000000
0.000104 2.000000 5.000000 -9.000000
0.000027 0.500000 5.500000 -9.000000
0.000143 2.000000 5.500000 -9.000000
0.000066 2.000000 6.000000 -9.000000
0.000067 1.500000 6.000000 -9.000000
0.000081 -3.500000 -2.500000 -9.500000
0.000115 -3.500000 -2.000000 -9.500000
0.000311 1.500000 5.500000 -9.000000
0.000218 1.000000 5.500000 -9.000000
0.000644 1.500000 5.000000 -9.000000
0.000020 -3.000000 -2.500000 -9.500000
0.000239 -3.000000 -2.000000 -9.500000
0.000551 -3.000000 -1.500000 -9.500000
0.000078 -3.500000 -1.500000 -9.500000
0.000936 1.000000 5.000000 -9.000000
0.000025 -2.500000 -2.000000 -9.500000
0.000459 -2.500000 -1.500000 -9.500000
0.001506 -2.500000 -1.000000 -9.500000
0.000556 -3.000000 -1.000000 -9.500000
0.000026 0.000000 5.000000 -9.000000
0.000038 -2.000000 -1.500000 -9.500000
0.000733 -2.000000 -1.000000 -9.500000
0.002622 -2.000000 -0.500000 -9.500000
0.002056 -2.500000 -0.500000 -9.500000
0.000266 -3.000000 -0.500000 -9.500000
0.001904 1.000000 4.500000 -9.000000
0.000050 -1.500000 -1.000000 -9.500000
0.000822 -1.500000 -0.500000 -9.500000
0.003494 -1.500000 0.000000 -9.500000
0.004505 -2.000000 0.000000 -9.500000
0.001585 -2.500000 0.000000 -9.500000
0.000043 -3.000000 0.000000 -9.500000
0.000040 -1.000000 -0.500000 -9.500000
0.000550 -1.000000 0.000000 -9.500000
0.003297 -1.000000 0.500000 -9.500000
0.006643 -1.500000 0.500000 -9.500000
0.004587 -2.000000 0.500000 -9.500000
0.000475 -2.500000 0.500000 -9.500000
0.002468 -2.000000 1.000000 -9.500000
0.000210 -0.500000 0.500000 -9.500000
0.001905 -0.500000 1.000000 -9.500000
0.007324 -1.000000 1.000000 -9.500000
0.007862 -1.500000 1.000000 -9.500000
0.000053 -2.500000 1.000000 -9.500000
0.000034 0.000000 1.000000 -9.500000
0.000611 0.000000 1.500000 -9.500000
0.005832 -0.500000 1.500000 -9.500000
0.009427 -1.000000 1.500000 -9.500000
0.006223 -1.500000 1.500000 -9.500000
0.000042 -2.000000 2.000000 -9.500000
0.000479 -2.000000 1.500000 -9.500000
0.000050 0.500000 2.000000 -9.500000
0.002980 0.000000 2.000000 -9.500000
0.008881 -0.500000 2.000000 -9.500000
0.009009 -1.000000 2.000000 -9.500000
0.000277 -1.500000 2.500000 -9.500000
0.002261 -1.500000 2.000000 -9.500000
0.001911 0.500000 4.500000 -9.000000
0.004985 -1.000000 2.500000 -9.500000
0.000883 0.500000 2.500000 -9.500000
0.006228 0.000000 2.500000 -9.500000
0.009157 -0.500000 2.500000 -9.500000
0.001069 -1.000000 3.000000 -9.500000
0.006443 -0.500000 3.000000 -9.500000
0.000097 1.000000 3.000000 -9.500000
0.002913 0.500000 3.000000 -9.500000
0.000089 -1.000000 3.500000 -9.500000
0.007184 0.000000 3.000000 -9.500000
0.002140 -0.500000 3.500000 -9.500000
0.000841 1.000000 3.500000 -9.500000
0.004293 0.500000 3.500000 -9.500000
0.000259 -0.500000 4.000000 -9.500000
0.000152 1.500000 4.000000 -9.500000
0.000418 0.000000 4.500000 -9.500000
0.000030 0.000000 5.000000 -9.500000
0.000497 1.500000 4.500000 -9.500000
0.000318 0.500000 5.000000 -9.500000
0.000085 2.000000 5.000000 -9.500000
0.000027 0.500000 5.500000 -9.500000
0.000097 2.000000 5.500000 -9.500000
0.000039 2.000000 6.000000 -9.500000
0.000036 1.500000 6.000000 -9.500000
0.000212 1.500000 5.500000 -9.500000
0.000027 -3.500000 -3.000000 -10.000000
0.000090 -3.500000 -2.500000 -10.000000
0.000108 -3.500000 -2.000000 -10.000000
0.000072 -3.500000 -1.500000 -10.000000
0.000045 -3.000000 -2.500000 -10.000000
0.000279 -3.000000 -2.000000 -10.000000
0.000510 -3.000000 -1.500000 -10.000000
0.000147 1.000000 5.500000 -9.500000
0.000460 1.500000 5.000000 -9.500000
0.000679 1.000000 5.000000 -9.500000
0.000061 -2.500000 -2.000000 -10.000000
0.000544 -2.500000 -1.500000 -10.000000
0.001399 -2.500000 -1.000000 -10.000000
0.000241 -3.000000 -0.500000 -10.000000
0.000498 -3.000000 -1.000000 -10.000000
0.000076 -2.000000 -1.500000 -10.000000
0.000829 -2.000000 -1.000000 -10.000000
0.002440 -2.000000 -0.500000 -10.000000
0.000040 -3.000000 0.000000 -10.000000
0.001806 -2.500000 -0.500000 -10.000000
0.001492 1.000000 4.500000 -9.500000
0.000068 -1.500000 -1.000000 -10.000000
0.000908 -1.500000 -0.500000 -10.000000
0.003206 -1.500000 0.000000 -10.000000
0.003925 -2.000000 0.000000 -10.000000
0.000452 -2.500000 0.500000 -10.000000
0.001389 -2.500000 0.000000 -10.000000
0.000045 -1.000000 -0.500000 -10.000000
0.000609 -1.000000 0.000000 -10.000000
0.003031 -1.000000 0.500000 -10.000000
0.005759 -1.500000 0.500000 -10.000000
0.000045 -2.500000 1.000000 -10.000000
0.002199 -2.000000 1.000000 -10.000000
0.000244 -0.500000 0.500000 -10.000000
0.001802 -0.500000 1.000000 -10.000000
0.006286 -1.000000 1.000000 -10.000000
0.000461 -2.000000 1.500000 -10.000000
0.006682 -1.500000 1.000000 -10.000000
0.003940 -2.000000 0.500000 -10.000000
0.001545 0.500000 4.500000 -9.500000
0.001809 1.000000 4.000000 -9.500000
0.000039 0.000000 1.000000 -10.000000
0.000610 0.000000 1.500000 -10.000000
0.005010 -0.500000 1.500000 -10.000000
0.000037 -2.000000 2.000000 -10.000000
0.007886 -1.000000 1.500000 -10.000000
0.002026 -1.500000 2.000000 -10.000000
0.005247 -1.500000 1.500000 -10.000000
0.000078 0.500000 2.000000 -10.000000
0.002597 0.000000 2.000000 -10.000000
0.000272 -1.500000 2.500000 -10.000000
0.007274 -0.500000 2.500000 -10.000000
0.000814 0.500000 2.500000 -10.000000
0.000981 -1.000000 3.000000 -10.000000
0.004951 0.000000 2.500000 -10.000000
0.004877 -0.500000 3.000000 -10.000000
0.000121 1.000000 3.000000 -10.000000
0.000086 -1.000000 3.500000 -10.000000
0.002321 0.500000 3.000000 -10.000000
0.001653 -0.500000 3.500000 -10.000000
0.003884 0.000000 3.500000 -10.000000
0.005423 0.000000 3.000000 -10.000000
0.000241 -0.500000 4.000000 -10.000000
0.000708 1.000000 3.500000 -10.000000
0.001579 0.000000 4.000000 -10.000000
0.002245 0.500000 4.000000 -10.000000
0.000144 1.500000 4.000000 -10.000000
0.000285 0.000000 4.500000 -10.000000
0.000024 0.000000 5.000000 -10.000000
0.000173 0.500000 5.000000 -10.000000
0.000061 2.000000 5.000000 -10.000000
0.000023 -4.000000 -3.000000 -10.500000
0.000053 2.000000 5.500000 -10.000000
0.000107 1.500000 5.500000 -10.000000
0.000068 1.000000 5.500000 -10.000000
0.000273 1.500000 5.000000 -10.000000
0.000032 -3.500000 -3.000000 -10.500000
0.000075 -3.500000 -2.500000 -10.500000
0.000048 -3.500000 -1.500000 -10.500000
0.000079 -3.500000 -2.000000 -10.500000
0.000071 -3.000000 -2.500000 -10.500000
0.000242 -3.000000 -2.000000 -10.500000
0.000358 -3.000000 -1.500000 -10.500000
0.000379 1.000000 5.000000 -10.000000
0.000351 1.500000 4.500000 -10.000000
0.000107 -2.500000 -2.000000 -10.500000
0.000482 -2.500000 -1.500000 -10.500000
0.001000 -2.500000 -1.000000 -10.500000
0.000172 -3.000000 -0.500000 -10.500000
0.000331 -3.000000 -1.000000 -10.500000
0.000127 -2.000000 -1.500000 -10.500000
0.000722 -2.000000 -1.000000 -10.500000
0.001743 -2.000000 -0.500000 -10.500000
0.000041 -3.000000 0.000000 -10.500000
0.000893 -2.500000 0.000000 -10.500000
0.001177 -2.500000 -0.500000 -10.500000
0.000932 1.000000 4.500000 -10.000000
0.000093 -1.500000 -1.000000 -10.500000
0.000795 -1.500000 -0.500000 -10.500000
0.000359 -2.500000 0.500000 -10.500000
0.002259 -1.500000 0.000000 -10.500000
0.002556 -2.000000 0.000000 -10.500000
0.000047 -1.000000 -0.500000 -10.500000
0.000560 -1.000000 0.000000 -10.500000
0.000051 -2.500000 1.000000 -10.500000
0.002166 -1.000000 0.500000 -10.500000
0.003759 -1.500000 0.500000 -10.500000
0.001463 -2.000000 1.000000 -10.500000
0.002512 -2.000000 0.500000 -10.500000
0.000237 -0.500000 0.500000 -10.500000
0.001379 -0.500000 1.000000 -10.500000
0.004105 -1.000000 1.000000 -10.500000
0.000407 -2.000000 1.500000 -10.500000
0.005006 -1.000000 1.500000 -10.500000
0.000049 0.000000 1.000000 -10.500000
0.000033 -2.000000 2.000000 -10.500000
0.000531 0.000000 1.500000 -10.500000
0.001352 -1.500000 2.000000 -10.500000
0.000102 0.500000 2.000000 -10.500000
0.000244 -1.500000 2.500000 -10.500000
0.001816 0.000000 2.000000 -10.500000
0.002424 -1.000000 2.500000 -10.500000
0.004404 -0.500000 2.500000 -10.500000
0.004534 -0.500000 2.000000 -10.500000
0.000634 0.500000 2.500000 -10.500000
0.000619 -1.000000 3.000000 -10.500000
0.002725 -0.500000 3.000000 -10.500000
0.000084 -1.000000 3.500000 -10.500000
0.000132 1.000000 3.000000 -10.500000
0.000846 -0.500000 3.500000 -10.500000
0.000139 -0.500000 4.000000 -10.500000
0.000708 0.000000 4.000000 -10.500000
0.000110 0.000000 4.500000 -10.500000
0.000117 1.500000 4.000000 -10.500000
0.000047 0.500000 5.000000 -10.500000
0.000120 1.500000 5.000000 -10.500000
0.000021 2.000000 5.500000 -10.500000
0.000026 -3.500000 -3.000000 -11.000000
0.000039 -3.500000 -2.500000 -11.000000
0.000022 -3.500000 -1.500000 -11.000000
0.000034 -3.500000 -2.000000 -11.000000
0.000034 1.500000 5.500000 -10.500000
0.000035 2.000000 5.000000 -10.500000
0.000171 -3.000000 -1.500000 -11.000000
0.000062 -3.000000 -2.500000 -11.000000
0.000133 -3.000000 -1.000000 -11.000000
0.000142 -3.000000 -2.000000 -11.000000
0.000140 1.000000 5.000000 -10.500000
0.000198 1.500000 4.500000 -10.500000
0.000482 -2.500000 -1.000000 -11.000000
0.000103 -2.500000 -2.000000 -11.000000
0.000071 -3.000000 -0.500000 -11.000000
0.000503 -2.500000 -0.500000 -11.000000
0.000886 -2.000000 -0.500000 -11.000000
0.000305 -2.500000 -1.500000 -11.000000
0.000123 -2.000000 -1.500000 -11.000000
0.000030 -3.000000 0.000000 -11.000000
0.000345 -2.500000 0.000000 -11.000000
0.000451 -2.000000 -1.000000 -11.000000
0.000442 1.000000 4.500000 -10.500000
0.001140 -2.000000 0.000000 -11.000000
0.000098 -1.500000 -1.000000 -11.000000
0.000158 -2.500000 0.500000 -11.000000
0.000504 -1.500000 -0.500000 -11.000000
0.001007 -2.000000 0.500000 -11.000000
0.001702 -1.500000 0.500000 -11.000000
0.001144 -1.500000 0.000000 -11.000000
0.000049 -1.000000 -0.500000 -11.000000
0.000049 -2.500000 1.000000 -11.000000
0.000564 -2.000000 1.000000 -11.000000
0.000385 -1.000000 0.000000 -11.000000
0.001818 -1.500000 1.000000 -11.000000
0.001887 -1.000000 1.000000 -11.000000
0.000202 -2.000000 1.500000 -11.000000
0.000186 -0.500000 0.500000 -11.000000
0.001263 -1.500000 1.500000 -11.000000
0.002209 -1.000000 1.500000 -11.000000
0.000040 -2.000000 2.000000 -11.000000
0.000050 0.000000 1.000000 -11.000000
0.000351 0.000000 1.500000 -11.000000
0.000503 -1.500000 2.000000 -11.000000
0.001785 -1.000000 2.000000 -11.000000
0.000119 -1.500000 2.500000 -11.000000
0.000792 -1.000000 2.500000 -11.000000
0.000095 0.500000 2.000000 -11.000000
0.000959 0.000000 2.000000 -11.000000
0.001755 -0.500000 2.500000 -11.000000
0.002013 -0.500000 2.000000 -11.000000
0.000193 -1.000000 3.000000 -11.000000
0.000847 -0.500000 3.000000 -11.000000
0.000730 0.500000 3.000000 -11.000000
0.000036 -1.000000 3.500000 -11.000000
0.000186 -0.500000 3.500000 -11.000000
0.000111 1.000000 3.000000 -11.000000
0.000628 0.000000 3.500000 -11.000000
0.000682 0.500000 3.500000 -11.000000
0.000024 -0.500000 4.000000 -11.000000
0.000128 0.000000 4.000000 -11.000000
0.000264 1.000000 4.000000 -11.000000
0.000059 0.500000 4.500000 -11.000000
0.000030 1.500000 5.000000 -11.000000
0.000031 -3.000000 -1.500000 -11.500000
0.000034 -3.000000 -2.500000 -11.500000
0.000046 -3.000000 -2.000000 -11.500000
0.000023 1.000000 5.000000 -11.000000
0.000075 1.500000 4.500000 -11.000000
0.000114 -2.500000 -1.000000 -11.500000
0.000065 -2.500000 -2.000000 -11.500000
0.000074 -2.500000 -0.500000 -11.500000
0.000251 -2.000000 -0.500000 -11.500000
0.000110 -2.500000 -1.500000 -11.500000
0.000032 -2.500000 0.000000 -11.500000
0.000077 -2.000000 -1.500000 -11.500000
0.000217 -2.000000 0.000000 -11.500000
0.000340 -1.500000 0.000000 -11.500000
0.000068 -1.500000 -1.000000 -11.500000
0.000122 -2.000000 0.500000 -11.500000
0.000050 -2.000000 1.000000 -11.500000
0.000037 -1.000000 -0.500000 -11.500000
0.000293 -1.500000 1.000000 -11.500000
0.000023 -2.000000 1.500000 -11.500000
0.000097 -0.500000 0.500000 -11.500000
0.000128 -1.500000 1.500000 -11.500000
0.000033 -1.500000 2.000000 -11.500000
0.000036 0.000000 1.000000 -11.500000
0.000157 0.000000 1.500000 -11.500000
0.000220 -1.000000 2.000000 -11.500000
0.000311 0.000000 2.000000 -11.500000
0.000049 -1.000000 2.500000 -11.500000
0.000249 -0.500000 2.500000 -11.500000
0.000059 -0.500000 3.000000 -11.500000
0.000162 0.500000 2.500000 -11.500000
0.000199 0.000000 3.000000 -11.500000
0.000201 0.500000 3.000000 -11.500000
0.000049 0.000000 3.500000 -11.500000
0.000024 -2.000000 -1.000000 -12.000000
0.000021 -2.000000 -1.500000 -12.000000
0.000031 -1.500000 0.000000 -12.000000
0.000022 -1.500000 -1.000000 -12.000000
0.000039 -1.000000 0.500000 -12.000000
0.000024 -1.500000 0.500000 -12.000000
0.000034 -1.500000 -0.500000 -12.000000
0.000025 -0.500000 0.500000 -12.000000
0.000023 -1.000000 1.500000 -12.000000
0.000040 -0.500000 1.000000 -12.000000
0.000041 -0.500000 1.500000 -12.000000
0.000029 -0.500000 2.000000 -12.000000
0.000036 0.000000 2.000000 -12.000000
0.000031 0.000000 1.500000 -12.000000
0.000026 0.000000 2.500000 -12.000000
0.000026 0.500000 2.500000 -12.000000
0.000038 -1.000000 1.000000 -12.000000
0.000035 -1.000000 0.000000 -12.000000
0.000025 1.500000 4.000000 -11.500000
0.000046 1.000000 4.000000 -11.500000
0.000029 0.500000 4.000000 -11.500000
0.000086 1.000000 3.500000 -11.500000
0.000117 0.500000 3.500000 -11.500000
0.000062 1.000000 3.000000 -11.500000
0.000338 0.000000 2.500000 -11.500000
0.000061 0.500000 2.000000 -11.500000
0.000435 -0.500000 2.000000 -11.500000
0.000434 -0.500000 1.500000 -11.500000
0.000427 -1.000000 1.500000 -11.500000
0.000285 -0.500000 1.000000 -11.500000
0.000462 -1.000000 1.000000 -11.500000
0.000170 -1.000000 0.000000 -11.500000
0.000358 -1.000000 0.500000 -11.500000
0.000383 -1.500000 0.500000 -11.500000
0.000205 -1.500000 -0.500000 -11.500000
0.000179 -2.000000 -1.000000 -11.500000
0.000123 1.000000 4.500000 -11.000000
0.000075 1.500000 4.000000 -11.000000
0.000335 0.500000 4.000000 -11.000000
0.000277 1.000000 3.500000 -11.000000
0.001251 0.000000 3.000000 -11.000000
0.000394 0.500000 2.500000 -11.000000
0.001406 0.000000 2.500000 -11.000000
0.001603 -0.500000 1.500000 -11.000000
0.000786 -0.500000 1.000000 -11.000000
0.001127 -1.000000 0.500000 -11.000000
0.000384 0.500000 4.500000 -10.500000
0.000705 1.000000 4.000000 -10.500000
0.001129 0.500000 4.000000 -10.500000
0.000504 1.000000 3.500000 -10.500000
0.001760 0.500000 3.500000 -10.500000
0.002064 0.000000 3.500000 -10.500000
0.001513 0.500000 3.000000 -10.500000
0.003153 0.000000 3.000000 -10.500000
0.003106 0.000000 2.500000 -10.500000
0.004573 -1.000000 2.000000 -10.500000
0.003332 -0.500000 1.500000 -10.500000
0.003294 -1.500000 1.500000 -10.500000
0.004254 -1.500000 1.000000 -10.500000
0.000943 0.500000 4.500000 -10.000000
0.001272 1.000000 4.000000 -10.000000
0.003111 0.500000 3.500000 -10.000000
0.004081 -1.000000 2.500000 -10.000000
0.007251 -0.500000 2.000000 -10.000000
0.007399 -1.000000 2.000000 -10.000000
0.003355 0.500000 4.000000 -9.500000
0.002356 0.000000 4.000000 -9.500000
0.005443 0.000000 3.500000 -9.500000
