0.000000
0.007961 -11.500000 -10.000000 9.500000
0.007026 -11.500000 -10.000000 9.000000
0.006200 -11.500000 -10.500000 9.000000
0.007026 -11.500000 -10.500000 9.500000
0.006200 -12.000000 -10.000000 9.000000
0.007026 -11.500000 -10.000000 10.000000
0.006200 -11.500000 -10.500000 10.000000
0.007026 -12.000000 -10.000000 9.500000
0.006200 -11.500000 -9.500000 10.000000
0.005472 -11.000000 -9.500000 10.000000
0.006200 -11.000000 -10.000000 10.000000
0.005472 -11.000000 -10.500000 10.000000
0.006200 -11.500000 -9.500000 9.000000
0.005472 -12.000000 -9.500000 10.000000
0.005472 -11.000000 -9.500000 9.000000
0.006200 -11.000000 -10.000000 9.000000
0.005472 -11.000000 -10.500000 9.000000
0.007026 -11.500000 -9.500000 9.500000
0.006200 -11.000000 -9.500000 9.500000
0.007026 -11.000000 -10.000000 9.500000
0.006200 -11.000000 -10.500000 9.500000
0.004829 -11.500000 -10.000000 8.500000
0.004261 -11.500000 -10.500000 8.500000
0.006200 -12.000000 -9.500000 9.500000
0.005472 -12.000000 -9.500000 9.000000
0.006200 -12.000000 -10.000000 10.000000
0.005472 -12.000000 -10.500000 10.000000
0.006200 -12.000000 -10.500000 9.500000
0.005472 -12.000000 -10.500000 9.000000
0.004261 -11.500000 -9.500000 8.500000
0.003761 -11.000000 -9.500000 8.500000
0.004261 -11.000000 -10.000000 8.500000
0.003761 -11.000000 -10.500000 8.500000
0.002929 -11.500000 -11.000000 8.500000
0.003761 -12.000000 -9.500000 8.500000
0.004261 -12.000000 -10.000000 8.500000
0.003761 -12.000000 -10.500000 8.500000
0.002585 -11.000000 -11.000000 8.500000
0.002585 -12.000000 -11.000000 8.500000
0.002585 -12.500000 -9.500000 8.500000
0.004261 -11.500000 -11.000000 10.000000
0.003761 -11.000000 -11.000000 10.000000
0.003761 -12.000000 -11.000000 10.000000
0.002929 -12.500000 -10.000000 8.500000
0.002585 -12.500000 -10.500000 8.500000
0.003761 -12.500000 -9.500000 10.000000
0.004261 -11.500000 -11.000000 9.000000
0.003761 -11.000000 -11.000000 9.000000
0.003761 -12.000000 -11.000000 9.000000
0.004261 -12.500000 -10.000000 10.000000
0.003761 -12.500000 -10.500000 10.000000
0.002585 -12.500000 -11.000000 10.000000
0.003761 -12.500000 -9.500000 9.000000
0.004829 -11.500000 -11.000000 9.500000
0.004261 -11.000000 -11.000000 9.500000
0.004261 -12.000000 -11.000000 9.500000
0.004261 -12.500000 -10.000000 9.000000
0.003761 -12.500000 -10.500000 9.000000
0.004261 -12.500000 -9.500000 9.500000
0.004829 -11.500000 -10.000000 10.500000
0.004261 -11.500000 -10.500000 10.500000
0.004261 -11.500000 -9.500000 10.500000
0.003761 -11.000000 -9.500000 10.500000
0.004261 -11.000000 -10.000000 10.500000
0.003761 -11.000000 -10.500000 10.500000
0.002929 -11.500000 -11.000000 10.500000
0.003761 -12.000000 -9.500000 10.500000
0.004261 -12.000000 -10.000000 10.500000
0.003761 -12.000000 -10.500000 10.500000
0.002585 -11.000000 -11.000000 10.500000
0.002585 -12.000000 -11.000000 10.500000
0.004829 -12.500000 -10.000000 9.500000
0.004261 -12.500000 -10.500000 9.500000
0.002585 -12.500000 -9.500000 10.500000
0.002929 -11.500000 -9.000000 10.500000
0.002585 -11.000000 -9.000000 10.500000
0.002585 -12.000000 -9.000000 10.500000
0.001776 -10.500000 -9.000000 10.500000
0.002585 -10.500000 -9.500000 10.500000
0.002929 -10.500000 -10.000000 10.500000
0.002585 -10.500000 -10.500000 10.500000
0.001776 -10.500000 -11.000000 10.500000
0.002929 -11.500000 -9.000000 8.500000
0.002585 -11.000000 -9.000000 8.500000
0.002585 -12.000000 -9.000000 8.500000
0.001776 -12.500000 -9.000000 10.500000
0.001776 -10.500000 -9.000000 8.500000
0.002585 -10.500000 -9.500000 8.500000
0.002929 -10.500000 -10.000000 8.500000
0.002585 -10.500000 -10.500000 8.500000
0.001776 -10.500000 -11.000000 8.500000
0.004261 -11.500000 -9.000000 10.000000
0.003761 -11.000000 -9.000000 10.000000
0.003761 -12.000000 -9.000000 10.000000
0.002585 -10.500000 -9.000000 10.000000
0.003761 -10.500000 -9.500000 10.000000
0.004261 -10.500000 -10.000000 10.000000
0.003761 -10.500000 -10.500000 10.000000
0.002585 -10.500000 -11.000000 10.000000
0.004261 -11.500000 -9.000000 9.000000
0.003761 -11.000000 -9.000000 9.000000
0.003761 -12.000000 -9.000000 9.000000
0.002585 -12.500000 -9.000000 10.000000
0.002585 -10.500000 -9.000000 9.000000
0.003761 -10.500000 -9.500000 9.000000
0.004261 -10.500000 -10.000000 9.000000
0.003761 -10.500000 -10.500000 9.000000
0.002585 -10.500000 -11.000000 9.000000
0.004829 -11.500000 -9.000000 9.500000
0.004261 -11.000000 -9.000000 9.500000
0.004261 -12.000000 -9.000000 9.500000
0.002929 -10.500000 -9.000000 9.500000
0.004261 -10.500000 -9.500000 9.500000
0.004829 -10.500000 -10.000000 9.500000
0.004261 -10.500000 -10.500000 9.500000
0.002929 -10.500000 -11.000000 9.500000
0.002585 -11.500000 -10.000000 8.000000
0.002281 -11.500000 -10.500000 8.000000
0.002281 -11.500000 -9.500000 8.000000
0.002013 -11.000000 -9.500000 8.000000
0.002281 -11.000000 -10.000000 8.000000
0.002013 -11.000000 -10.500000 8.000000
0.001568 -11.500000 -11.000000 8.000000
0.002013 -12.000000 -9.500000 8.000000
0.002281 -12.000000 -10.000000 8.000000
0.002013 -12.000000 -10.500000 8.000000
0.001383 -11.000000 -11.000000 8.000000
0.001383 -12.000000 -11.000000 8.000000
0.002929 -12.500000 -9.000000 9.500000
0.002585 -12.500000 -9.000000 9.000000
0.001776 -12.500000 -9.000000 8.500000
0.002929 -12.500000 -10.000000 10.500000
0.002585 -12.500000 -10.500000 10.500000
0.001776 -12.500000 -11.000000 10.500000
0.002929 -12.500000 -11.000000 9.500000
0.002585 -12.500000 -11.000000 9.000000
0.001776 -12.500000 -11.000000 8.500000
0.001383 -12.500000 -9.500000 8.000000
0.001568 -11.500000 -9.000000 8.000000
0.001383 -11.000000 -9.000000 8.000000
0.001383 -12.000000 -9.000000 8.000000
0.000951 -10.500000 -9.000000 8.000000
0.001383 -10.500000 -9.500000 8.000000
0.001568 -10.500000 -10.000000 8.000000
0.001383 -10.500000 -10.500000 8.000000
0.000951 -10.500000 -11.000000 8.000000
0.000839 -11.500000 -11.500000 8.000000
0.000741 -11.000000 -11.500000 8.000000
0.000741 -12.000000 -11.500000 8.000000
0.000951 -12.500000 -9.000000 8.000000
0.001568 -12.500000 -10.000000 8.000000
0.001383 -12.500000 -10.500000 8.000000
0.000951 -12.500000 -11.000000 8.000000
0.000509 -10.500000 -11.500000 8.000000
0.000509 -12.500000 -11.500000 8.000000
0.000509 -13.000000 -9.000000 8.000000
0.000741 -13.000000 -9.500000 8.000000
0.001568 -11.500000 -11.500000 10.500000
0.001383 -11.000000 -11.500000 10.500000
0.001383 -12.000000 -11.500000 10.500000
0.000951 -10.500000 -11.500000 10.500000
0.000951 -12.500000 -11.500000 10.500000
0.000839 -13.000000 -10.000000 8.000000
0.000741 -13.000000 -10.500000 8.000000
0.000509 -13.000000 -11.000000 8.000000
0.000951 -13.000000 -9.000000 10.500000
0.001383 -13.000000 -9.500000 10.500000
0.001568 -11.500000 -11.500000 8.500000
0.001383 -11.000000 -11.500000 8.500000
0.001383 -12.000000 -11.500000 8.500000
0.000951 -10.500000 -11.500000 8.500000
0.000951 -12.500000 -11.500000 8.500000
0.001568 -13.000000 -10.000000 10.500000
0.001383 -13.000000 -10.500000 10.500000
0.000951 -13.000000 -11.000000 10.500000
0.000509 -13.000000 -11.500000 10.500000
0.000951 -13.000000 -9.000000 8.500000
0.001383 -13.000000 -9.500000 8.500000
0.002281 -11.500000 -11.500000 10.000000
0.002013 -11.000000 -11.500000 10.000000
0.002013 -12.000000 -11.500000 10.000000
0.001383 -10.500000 -11.500000 10.000000
0.001383 -12.500000 -11.500000 10.000000
0.001568 -13.000000 -10.000000 8.500000
0.001383 -13.000000 -10.500000 8.500000
0.000951 -13.000000 -11.000000 8.500000
0.001383 -13.000000 -9.000000 10.000000
0.002013 -13.000000 -9.500000 10.000000
0.002281 -11.500000 -11.500000 9.000000
0.002013 -11.000000 -11.500000 9.000000
0.002013 -12.000000 -11.500000 9.000000
0.001383 -10.500000 -11.500000 9.000000
0.001383 -12.500000 -11.500000 9.000000
0.002281 -13.000000 -10.000000 10.000000
0.002013 -13.000000 -10.500000 10.000000
0.001383 -13.000000 -11.000000 10.000000
0.000741 -13.000000 -11.500000 10.000000
0.001383 -13.000000 -9.000000 9.000000
0.002013 -13.000000 -9.500000 9.000000
0.002585 -11.500000 -11.500000 9.500000
0.002281 -11.000000 -11.500000 9.500000
0.002281 -12.000000 -11.500000 9.500000
0.001568 -10.500000 -11.500000 9.500000
0.001568 -12.500000 -11.500000 9.500000
0.002281 -13.000000 -10.000000 9.000000
0.002013 -13.000000 -10.500000 9.000000
0.001383 -13.000000 -11.000000 9.000000
0.001568 -13.000000 -9.000000 9.500000
0.002281 -13.000000 -9.500000 9.500000
0.002585 -11.500000 -10.000000 11.000000
0.002281 -11.500000 -10.500000 11.000000
0.002281 -11.500000 -9.500000 11.000000
0.002013 -11.000000 -9.500000 11.000000
0.002281 -11.000000 -10.000000 11.000000
0.002013 -11.000000 -10.500000 11.000000
0.001568 -11.500000 -11.000000 11.000000
0.002013 -12.000000 -9.500000 11.000000
0.002281 -12.000000 -10.000000 11.000000
0.002013 -12.000000 -10.500000 11.000000
0.001383 -11.000000 -11.000000 11.000000
0.001383 -12.000000 -11.000000 11.000000
0.001383 -12.500000 -9.500000 11.000000
0.001568 -11.500000 -9.000000 11.000000
0.001383 -11.000000 -9.000000 11.000000
0.001383 -12.000000 -9.000000 11.000000
0.000951 -10.500000 -9.000000 11.000000
0.001383 -10.500000 -9.500000 11.000000
0.001568 -10.500000 -10.000000 11.000000
0.001383 -10.500000 -10.500000 11.000000
0.000951 -10.500000 -11.000000 11.000000
0.000839 -11.500000 -11.500000 11.000000
0.000741 -11.000000 -11.500000 11.000000
0.000741 -12.000000 -11.500000 11.000000
0.000951 -12.500000 -9.000000 11.000000
0.001568 -12.500000 -10.000000 11.000000
0.001383 -12.500000 -10.500000 11.000000
0.000951 -12.500000 -11.000000 11.000000
0.000509 -10.500000 -11.500000 11.000000
0.000509 -12.500000 -11.500000 11.000000
0.002585 -13.000000 -10.000000 9.500000
0.002281 -13.000000 -10.500000 9.500000
0.001568 -13.000000 -11.000000 9.500000
0.000509 -13.000000 -9.000000 11.000000
0.000741 -13.000000 -9.500000 11.000000
0.000839 -11.500000 -8.500000 11.000000
0.000741 -11.000000 -8.500000 11.000000
0.000741 -12.000000 -8.500000 11.000000
0.000509 -10.500000 -8.500000 11.000000
0.000509 -12.500000 -8.500000 11.000000
0.000272 -10.000000 -8.500000 11.000000
0.000509 -10.000000 -9.000000 11.000000
0.000741 -10.000000 -9.500000 11.000000
0.000839 -10.000000 -10.000000 11.000000
0.000741 -10.000000 -10.500000 11.000000
0.000509 -10.000000 -11.000000 11.000000
0.000272 -10.000000 -11.500000 11.000000
0.000839 -11.500000 -8.500000 8.000000
0.000741 -11.000000 -8.500000 8.000000
0.000741 -12.000000 -8.500000 8.000000
0.000509 -10.500000 -8.500000 8.000000
0.000509 -12.500000 -8.500000 8.000000
0.000272 -13.000000 -8.500000 11.000000
0.000272 -10.000000 -8.500000 8.000000
0.000509 -10.000000 -9.000000 8.000000
0.000741 -10.000000 -9.500000 8.000000
0.000839 -10.000000 -10.000000 8.000000
0.000741 -10.000000 -10.500000 8.000000
0.000509 -10.000000 -11.000000 8.000000
0.000272 -10.000000 -11.500000 8.000000
0.001568 -11.500000 -8.500000 10.500000
0.001383 -11.000000 -8.500000 10.500000
0.001383 -12.000000 -8.500000 10.500000
0.000951 -10.500000 -8.500000 10.500000
0.000951 -12.500000 -8.500000 10.500000
0.000509 -10.000000 -8.500000 10.500000
0.000951 -10.000000 -9.000000 10.500000
0.001383 -10.000000 -9.500000 10.500000
0.001568 -10.000000 -10.000000 10.500000
0.001383 -10.000000 -10.500000 10.500000
0.000951 -10.000000 -11.000000 10.500000
0.000509 -10.000000 -11.500000 10.500000
0.001568 -11.500000 -8.500000 8.500000
0.001383 -11.000000 -8.500000 8.500000
0.001383 -12.000000 -8.500000 8.500000
0.000951 -10.500000 -8.500000 8.500000
0.000951 -12.500000 -8.500000 8.500000
0.000509 -13.000000 -8.500000 10.500000
0.000509 -10.000000 -8.500000 8.500000
0.000951 -10.000000 -9.000000 8.500000
0.001383 -10.000000 -9.500000 8.500000
0.001568 -10.000000 -10.000000 8.500000
0.001383 -10.000000 -10.500000 8.500000
0.000951 -10.000000 -11.000000 8.500000
0.000509 -10.000000 -11.500000 8.500000
0.002281 -11.500000 -8.500000 10.000000
0.002013 -11.000000 -8.500000 10.000000
0.002013 -12.000000 -8.500000 10.000000
0.001383 -10.500000 -8.500000 10.000000
0.001383 -12.500000 -8.500000 10.000000
0.000741 -10.000000 -8.500000 10.000000
0.001383 -10.000000 -9.000000 10.000000
0.002013 -10.000000 -9.500000 10.000000
0.002281 -10.000000 -10.000000 10.000000
0.002013 -10.000000 -10.500000 10.000000
0.001383 -10.000000 -11.000000 10.000000
0.000741 -10.000000 -11.500000 10.000000
0.002281 -11.500000 -8.500000 9.000000
0.002013 -11.000000 -8.500000 9.000000
0.002013 -12.000000 -8.500000 9.000000
0.001383 -10.500000 -8.500000 9.000000
0.001383 -12.500000 -8.500000 9.000000
0.000741 -13.000000 -8.500000 10.000000
0.000741 -10.000000 -8.500000 9.000000
0.001383 -10.000000 -9.000000 9.000000
0.002013 -10.000000 -9.500000 9.000000
0.002281 -10.000000 -10.000000 9.000000
0.002013 -10.000000 -10.500000 9.000000
0.001383 -10.000000 -11.000000 9.000000
0.000741 -10.000000 -11.500000 9.000000
0.002585 -11.500000 -8.500000 9.500000
0.002281 -11.000000 -8.500000 9.500000
0.002281 -12.000000 -8.500000 9.500000
0.001568 -10.500000 -8.500000 9.500000
0.001568 -12.500000 -8.500000 9.500000
0.000839 -10.000000 -8.500000 9.500000
0.001568 -10.000000 -9.000000 9.500000
0.002281 -10.000000 -9.500000 9.500000
0.002585 -10.000000 -10.000000 9.500000
0.002281 -10.000000 -10.500000 9.500000
0.001568 -10.000000 -11.000000 9.500000
0.000839 -10.000000 -11.500000 9.500000
0.001077 -11.500000 -10.000000 7.500000
0.000951 -11.500000 -10.500000 7.500000
0.000951 -11.500000 -9.500000 7.500000
0.000839 -11.000000 -9.500000 7.500000
0.000951 -11.000000 -10.000000 7.500000
0.000839 -11.000000 -10.500000 7.500000
0.000653 -11.500000 -11.000000 7.500000
0.000839 -12.000000 -9.500000 7.500000
0.000951 -12.000000 -10.000000 7.500000
0.000839 -12.000000 -10.500000 7.500000
0.000577 -11.000000 -11.000000 7.500000
0.000577 -12.000000 -11.000000 7.500000
0.000577 -12.500000 -9.500000 7.500000
0.000653 -11.500000 -9.000000 7.500000
0.000577 -11.000000 -9.000000 7.500000
0.000577 -12.000000 -9.000000 7.500000
0.000396 -10.500000 -9.000000 7.500000
0.000577 -10.500000 -9.500000 7.500000
0.000653 -10.500000 -10.000000 7.500000
0.000577 -10.500000 -10.500000 7.500000
0.000396 -10.500000 -11.000000 7.500000
0.000350 -11.500000 -11.500000 7.500000
0.000309 -11.000000 -11.500000 7.500000
0.000309 -12.000000 -11.500000 7.500000
0.000396 -12.500000 -9.000000 7.500000
0.000653 -12.500000 -10.000000 7.500000
0.000577 -12.500000 -10.500000 7.500000
0.000396 -12.500000 -11.000000 7.500000
0.000212 -10.500000 -11.500000 7.500000
0.000212 -12.500000 -11.500000 7.500000
0.000839 -13.000000 -8.500000 9.500000
0.000741 -13.000000 -8.500000 9.000000
0.000509 -13.000000 -8.500000 8.500000
0.000272 -13.000000 -8.500000 8.000000
0.000839 -13.000000 -10.000000 11.000000
0.000741 -13.000000 -10.500000 11.000000
0.000509 -13.000000 -11.000000 11.000000
0.000272 -13.000000 -11.500000 11.000000
0.000839 -13.000000 -11.500000 9.500000
0.000741 -13.000000 -11.500000 9.000000
0.000509 -13.000000 -11.500000 8.500000
0.000272 -13.000000 -11.500000 8.000000
0.000212 -13.000000 -9.000000 7.500000
0.000309 -13.000000 -9.500000 7.500000
0.000350 -11.500000 -8.500000 7.500000
0.000309 -11.000000 -8.500000 7.500000
0.000309 -12.000000 -8.500000 7.500000
0.000212 -10.500000 -8.500000 7.500000
0.000212 -12.500000 -8.500000 7.500000
0.000114 -10.000000 -8.500000 7.500000
0.000212 -10.000000 -9.000000 7.500000
0.000309 -10.000000 -9.500000 7.500000
0.000350 -10.000000 -10.000000 7.500000
0.000309 -10.000000 -10.500000 7.500000
0.000212 -10.000000 -11.000000 7.500000
0.000114 -10.000000 -11.500000 7.500000
0.000146 -11.500000 -12.000000 7.500000
0.000129 -11.000000 -12.000000 7.500000
0.000129 -12.000000 -12.000000 7.500000
0.000088 -10.500000 -12.000000 7.500000
0.000088 -12.500000 -12.000000 7.500000
0.000114 -13.000000 -8.500000 7.500000
0.000350 -13.000000 -10.000000 7.500000
0.000309 -13.000000 -10.500000 7.500000
0.000212 -13.000000 -11.000000 7.500000
0.000114 -13.000000 -11.500000 7.500000
0.000047 -10.000000 -12.000000 7.500000
0.000047 -13.000000 -12.000000 7.500000
0.000047 -13.500000 -8.500000 7.500000
0.000088 -13.500000 -9.000000 7.500000
0.000129 -13.500000 -9.500000 7.500000
0.000350 -11.500000 -12.000000 11.000000
0.000309 -11.000000 -12.000000 11.000000
0.000309 -12.000000 -12.000000 11.000000
0.000212 -10.500000 -12.000000 11.000000
0.000212 -12.500000 -12.000000 11.000000
0.000114 -10.000000 -12.000000 11.000000
0.000114 -13.000000 -12.000000 11.000000
0.000146 -13.500000 -10.000000 7.500000
0.000129 -13.500000 -10.500000 7.500000
0.000088 -13.500000 -11.000000 7.500000
0.000047 -13.500000 -11.500000 7.500000
0.000114 -13.500000 -8.500000 11.000000
0.000212 -13.500000 -9.000000 11.000000
0.000309 -13.500000 -9.500000 11.000000
0.000350 -11.500000 -12.000000 8.000000
0.000309 -11.000000 -12.000000 8.000000
0.000309 -12.000000 -12.000000 8.000000
0.000212 -10.500000 -12.000000 8.000000
0.000212 -12.500000 -12.000000 8.000000
0.000114 -10.000000 -12.000000 8.000000
0.000114 -13.000000 -12.000000 8.000000
0.000350 -13.500000 -10.000000 11.000000
0.000309 -13.500000 -10.500000 11.000000
0.000212 -13.500000 -11.000000 11.000000
0.000114 -13.500000 -11.500000 11.000000
0.000047 -13.500000 -12.000000 11.000000
0.000114 -13.500000 -8.500000 8.000000
0.000212 -13.500000 -9.000000 8.000000
0.000309 -13.500000 -9.500000 8.000000
0.000653 -11.500000 -12.000000 10.500000
0.000577 -11.000000 -12.000000 10.500000
0.000577 -12.000000 -12.000000 10.500000
0.000396 -10.500000 -12.000000 10.500000
0.000396 -12.500000 -12.000000 10.500000
0.000212 -10.000000 -12.000000 10.500000
0.000212 -13.000000 -12.000000 10.500000
0.000350 -13.500000 -10.000000 8.000000
0.000309 -13.500000 -10.500000 8.000000
0.000212 -13.500000 -11.000000 8.000000
0.000114 -13.500000 -11.500000 8.000000
0.000212 -13.500000 -8.500000 10.500000
0.000396 -13.500000 -9.000000 10.500000
0.000577 -13.500000 -9.500000 10.500000
0.000653 -11.500000 -12.000000 8.500000
0.000577 -11.000000 -12.000000 8.500000
0.000577 -12.000000 -12.000000 8.500000
0.000396 -10.500000 -12.000000 8.500000
0.000396 -12.500000 -12.000000 8.500000
0.000212 -10.000000 -12.000000 8.500000
0.000212 -13.000000 -12.000000 8.500000
0.000653 -13.500000 -10.000000 10.500000
0.000577 -13.500000 -10.500000 10.500000
0.000396 -13.500000 -11.000000 10.500000
0.000212 -13.500000 -11.500000 10.500000
0.000088 -13.500000 -12.000000 10.500000
0.000212 -13.500000 -8.500000 8.500000
0.000396 -13.500000 -9.000000 8.500000
0.000577 -13.500000 -9.500000 8.500000
0.000951 -11.500000 -12.000000 10.000000
0.000839 -11.000000 -12.000000 10.000000
0.000839 -12.000000 -12.000000 10.000000
0.000577 -10.500000 -12.000000 10.000000
0.000577 -12.500000 -12.000000 10.000000
0.000309 -10.000000 -12.000000 10.000000
0.000309 -13.000000 -12.000000 10.000000
0.000653 -13.500000 -10.000000 8.500000
0.000577 -13.500000 -10.500000 8.500000
0.000396 -13.500000 -11.000000 8.500000
0.000212 -13.500000 -11.500000 8.500000
0.000309 -13.500000 -8.500000 10.000000
0.000577 -13.500000 -9.000000 10.000000
0.000839 -13.500000 -9.500000 10.000000
0.000951 -11.500000 -12.000000 9.000000
0.000839 -11.000000 -12.000000 9.000000
0.000839 -12.000000 -12.000000 9.000000
0.000577 -10.500000 -12.000000 9.000000
0.000577 -12.500000 -12.000000 9.000000
0.000309 -10.000000 -12.000000 9.000000
0.000309 -13.000000 -12.000000 9.000000
0.000951 -13.500000 -10.000000 10.000000
0.000839 -13.500000 -10.500000 10.000000
0.000577 -13.500000 -11.000000 10.000000
0.000309 -13.500000 -11.500000 10.000000
0.000129 -13.500000 -12.000000 10.000000
0.000309 -13.500000 -8.500000 9.000000
0.000577 -13.500000 -9.000000 9.000000
0.000839 -13.500000 -9.500000 9.000000
0.001077 -11.500000 -12.000000 9.500000
0.000951 -11.000000 -12.000000 9.500000
0.000951 -12.000000 -12.000000 9.500000
0.000653 -10.500000 -12.000000 9.500000
0.000653 -12.500000 -12.000000 9.500000
0.000350 -10.000000 -12.000000 9.500000
0.000350 -13.000000 -12.000000 9.500000
0.000951 -13.500000 -10.000000 9.000000
0.000839 -13.500000 -10.500000 9.000000
0.000577 -13.500000 -11.000000 9.000000
0.000309 -13.500000 -11.500000 9.000000
0.000350 -13.500000 -8.500000 9.500000
0.000653 -13.500000 -9.000000 9.500000
0.000951 -13.500000 -9.500000 9.500000
0.001077 -11.500000 -10.000000 11.500000
0.000951 -11.500000 -10.500000 11.500000
0.000951 -11.500000 -9.500000 11.500000
0.000839 -11.000000 -9.500000 11.500000
0.000951 -11.000000 -10.000000 11.500000
0.000839 -11.000000 -10.500000 11.500000
0.000653 -11.500000 -11.000000 11.500000
0.000839 -12.000000 -9.500000 11.500000
0.000951 -12.000000 -10.000000 11.500000
0.000839 -12.000000 -10.500000 11.500000
0.000577 -11.000000 -11.000000 11.500000
0.000577 -12.000000 -11.000000 11.500000
0.000577 -12.500000 -9.500000 11.500000
0.000653 -11.500000 -9.000000 11.500000
0.000577 -11.000000 -9.000000 11.500000
0.000577 -12.000000 -9.000000 11.500000
0.000396 -10.500000 -9.000000 11.500000
0.000577 -10.500000 -9.500000 11.500000
0.000653 -10.500000 -10.000000 11.500000
0.000577 -10.500000 -10.500000 11.500000
0.000396 -10.500000 -11.000000 11.500000
0.000350 -11.500000 -11.500000 11.500000
0.000309 -11.000000 -11.500000 11.500000
0.000309 -12.000000 -11.500000 11.500000
0.000396 -12.500000 -9.000000 11.500000
0.000653 -12.500000 -10.000000 11.500000
0.000577 -12.500000 -10.500000 11.500000
0.000396 -12.500000 -11.000000 11.500000
0.000212 -10.500000 -11.500000 11.500000
0.000212 -12.500000 -11.500000 11.500000
0.000212 -13.000000 -9.000000 11.500000
0.000309 -13.000000 -9.500000 11.500000
0.000350 -11.500000 -8.500000 11.500000
0.000309 -11.000000 -8.500000 11.500000
0.000309 -12.000000 -8.500000 11.500000
0.000212 -10.500000 -8.500000 11.500000
0.000212 -12.500000 -8.500000 11.500000
0.000114 -10.000000 -8.500000 11.500000
0.000212 -10.000000 -9.000000 11.500000
0.000309 -10.000000 -9.500000 11.500000
0.000350 -10.000000 -10.000000 11.500000
0.000309 -10.000000 -10.500000 11.500000
0.000212 -10.000000 -11.000000 11.500000
0.000114 -10.000000 -11.500000 11.500000
0.000146 -11.500000 -12.000000 11.500000
0.000129 -11.000000 -12.000000 11.500000
0.000129 -12.000000 -12.000000 11.500000
0.000088 -10.500000 -12.000000 11.500000
0.000088 -12.500000 -12.000000 11.500000
0.000114 -13.000000 -8.500000 11.500000
0.000350 -13.000000 -10.000000 11.500000
0.000309 -13.000000 -10.500000 11.500000
0.000212 -13.000000 -11.000000 11.500000
0.000114 -13.000000 -11.500000 11.500000
0.000047 -10.000000 -12.000000 11.500000
0.000047 -13.000000 -12.000000 11.500000
0.001077 -13.500000 -10.000000 9.500000
0.000951 -13.500000 -10.500000 9.500000
0.000653 -13.500000 -11.000000 9.500000
0.000350 -13.500000 -11.500000 9.500000
0.000047 -13.500000 -8.500000 11.500000
0.000088 -13.500000 -9.000000 11.500000
0.000129 -13.500000 -9.500000 11.500000
0.000146 -11.500000 -8.000000 11.500000
0.000129 -11.000000 -8.000000 11.500000
0.000129 -12.000000 -8.000000 11.500000
0.000088 -10.500000 -8.000000 11.500000
0.000088 -12.500000 -8.000000 11.500000
0.000047 -10.000000 -8.000000 11.500000
0.000047 -13.000000 -8.000000 11.500000
0.000047 -9.500000 -8.500000 11.500000
0.000088 -9.500000 -9.000000 11.500000
0.000129 -9.500000 -9.500000 11.500000
0.000146 -9.500000 -10.000000 11.500000
0.000129 -9.500000 -10.500000 11.500000
0.000088 -9.500000 -11.000000 11.500000
0.000047 -9.500000 -11.500000 11.500000
0.000146 -11.500000 -8.000000 7.500000
0.000129 -11.000000 -8.000000 7.500000
0.000129 -12.000000 -8.000000 7.500000
0.000088 -10.500000 -8.000000 7.500000
0.000088 -12.500000 -8.000000 7.500000
0.000047 -10.000000 -8.000000 7.500000
0.000047 -13.000000 -8.000000 7.500000
0.000047 -9.500000 -8.500000 7.500000
0.000088 -9.500000 -9.000000 7.500000
0.000129 -9.500000 -9.500000 7.500000
0.000146 -9.500000 -10.000000 7.500000
0.000129 -9.500000 -10.500000 7.500000
0.000088 -9.500000 -11.000000 7.500000
0.000047 -9.500000 -11.500000 7.500000
0.000350 -11.500000 -8.000000 11.000000
0.000309 -11.000000 -8.000000 11.000000
0.000309 -12.000000 -8.000000 11.000000
0.000212 -10.500000 -8.000000 11.000000
0.000212 -12.500000 -8.000000 11.000000
0.000114 -10.000000 -8.000000 11.000000
0.000114 -13.000000 -8.000000 11.000000
0.000047 -9.500000 -8.000000 11.000000
0.000114 -9.500000 -8.500000 11.000000
0.000212 -9.500000 -9.000000 11.000000
0.000309 -9.500000 -9.500000 11.000000
0.000350 -9.500000 -10.000000 11.000000
0.000309 -9.500000 -10.500000 11.000000
0.000212 -9.500000 -11.000000 11.000000
0.000114 -9.500000 -11.500000 11.000000
0.000047 -9.500000 -12.000000 11.000000
0.000350 -11.500000 -8.000000 8.000000
0.000309 -11.000000 -8.000000 8.000000
0.000309 -12.000000 -8.000000 8.000000
0.000212 -10.500000 -8.000000 8.000000
0.000212 -12.500000 -8.000000 8.000000
0.000114 -10.000000 -8.000000 8.000000
0.000114 -13.000000 -8.000000 8.000000
0.000047 -13.500000 -8.000000 11.000000
0.000047 -9.500000 -8.000000 8.000000
0.000114 -9.500000 -8.500000 8.000000
0.000212 -9.500000 -9.000000 8.000000
0.000309 -9.500000 -9.500000 8.000000
0.000350 -9.500000 -10.000000 8.000000
0.000309 -9.500000 -10.500000 8.000000
0.000212 -9.500000 -11.000000 8.000000
0.000114 -9.500000 -11.500000 8.000000
0.000047 -9.500000 -12.000000 8.000000
0.000653 -11.500000 -8.000000 10.500000
0.000577 -11.000000 -8.000000 10.500000
0.000577 -12.000000 -8.000000 10.500000
0.000396 -10.500000 -8.000000 10.500000
0.000396 -12.500000 -8.000000 10.500000
0.000212 -10.000000 -8.000000 10.500000
0.000212 -13.000000 -8.000000 10.500000
0.000088 -9.500000 -8.000000 10.500000
0.000212 -9.500000 -8.500000 10.500000
0.000396 -9.500000 -9.000000 10.500000
0.000577 -9.500000 -9.500000 10.500000
0.000653 -9.500000 -10.000000 10.500000
0.000577 -9.500000 -10.500000 10.500000
0.000396 -9.500000 -11.000000 10.500000
0.000212 -9.500000 -11.500000 10.500000
0.000088 -9.500000 -12.000000 10.500000
0.000653 -11.500000 -8.000000 8.500000
0.000577 -11.000000 -8.000000 8.500000
0.000577 -12.000000 -8.000000 8.500000
0.000396 -10.500000 -8.000000 8.500000
0.000396 -12.500000 -8.000000 8.500000
0.000212 -10.000000 -8.000000 8.500000
0.000212 -13.000000 -8.000000 8.500000
0.000088 -13.500000 -8.000000 10.500000
0.000088 -9.500000 -8.000000 8.500000
0.000212 -9.500000 -8.500000 8.500000
0.000396 -9.500000 -9.000000 8.500000
0.000577 -9.500000 -9.500000 8.500000
0.000653 -9.500000 -10.000000 8.500000
0.000577 -9.500000 -10.500000 8.500000
0.000396 -9.500000 -11.000000 8.500000
0.000212 -9.500000 -11.500000 8.500000
0.000088 -9.500000 -12.000000 8.500000
0.000951 -11.500000 -8.000000 10.000000
0.000839 -11.000000 -8.000000 10.000000
0.000839 -12.000000 -8.000000 10.000000
0.000577 -10.500000 -8.000000 10.000000
0.000577 -12.500000 -8.000000 10.000000
0.000309 -10.000000 -8.000000 10.000000
0.000309 -13.000000 -8.000000 10.000000
0.000129 -9.500000 -8.000000 10.000000
0.000309 -9.500000 -8.500000 10.000000
0.000577 -9.500000 -9.000000 10.000000
0.000839 -9.500000 -9.500000 10.000000
0.000951 -9.500000 -10.000000 10.000000
0.000839 -9.500000 -10.500000 10.000000
0.000577 -9.500000 -11.000000 10.000000
0.000309 -9.500000 -11.500000 10.000000
0.000129 -9.500000 -12.000000 10.000000
0.000951 -11.500000 -8.000000 9.000000
0.000839 -11.000000 -8.000000 9.000000
0.000839 -12.000000 -8.000000 9.000000
0.000577 -10.500000 -8.000000 9.000000
0.000577 -12.500000 -8.000000 9.000000
0.000309 -10.000000 -8.000000 9.000000
0.000309 -13.000000 -8.000000 9.000000
0.000129 -13.500000 -8.000000 10.000000
0.000129 -9.500000 -8.000000 9.000000
0.000309 -9.500000 -8.500000 9.000000
0.000577 -9.500000 -9.000000 9.000000
0.000839 -9.500000 -9.500000 9.000000
0.000951 -9.500000 -10.000000 9.000000
0.000839 -9.500000 -10.500000 9.000000
0.000577 -9.500000 -11.000000 9.000000
0.000309 -9.500000 -11.500000 9.000000
0.000129 -9.500000 -12.000000 9.000000
0.001077 -11.500000 -8.000000 9.500000
0.000951 -11.000000 -8.000000 9.500000
0.000951 -12.000000 -8.000000 9.500000
0.000653 -10.500000 -8.000000 9.500000
0.000653 -12.500000 -8.000000 9.500000
0.000350 -10.000000 -8.000000 9.500000
0.000350 -13.000000 -8.000000 9.500000
0.000146 -9.500000 -8.000000 9.500000
0.000350 -9.500000 -8.500000 9.500000
0.000653 -9.500000 -9.000000 9.500000
0.000951 -9.500000 -9.500000 9.500000
0.001077 -9.500000 -10.000000 9.500000
0.000951 -9.500000 -10.500000 9.500000
0.000653 -9.500000 -11.000000 9.500000
0.000350 -9.500000 -11.500000 9.500000
0.000146 -9.500000 -12.000000 9.500000
0.000350 -11.500000 -10.000000 7.000000
0.000309 -11.500000 -10.500000 7.000000
0.000309 -11.500000 -9.500000 7.000000
0.000272 -11.000000 -9.500000 7.000000
0.000309 -11.000000 -10.000000 7.000000
0.000272 -11.000000 -10.500000 7.000000
0.000212 -11.500000 -11.000000 7.000000
0.000272 -12.000000 -9.500000 7.000000
0.000309 -12.000000 -10.000000 7.000000
0.000272 -12.000000 -10.500000 7.000000
0.000187 -11.000000 -11.000000 7.000000
0.000187 -12.000000 -11.000000 7.000000
0.000187 -12.500000 -9.500000 7.000000
0.000212 -11.500000 -9.000000 7.000000
0.000187 -11.000000 -9.000000 7.000000
0.000187 -12.000000 -9.000000 7.000000
0.000129 -10.500000 -9.000000 7.000000
0.000187 -10.500000 -9.500000 7.000000
0.000212 -10.500000 -10.000000 7.000000
0.000187 -10.500000 -10.500000 7.000000
0.000129 -10.500000 -11.000000 7.000000
0.000114 -11.500000 -11.500000 7.000000
0.000100 -11.000000 -11.500000 7.000000
0.000100 -12.000000 -11.500000 7.000000
0.000129 -12.500000 -9.000000 7.000000
0.000212 -12.500000 -10.000000 7.000000
0.000187 -12.500000 -10.500000 7.000000
0.000129 -12.500000 -11.000000 7.000000
0.000069 -10.500000 -11.500000 7.000000
0.000069 -12.500000 -11.500000 7.000000
0.000069 -13.000000 -9.000000 7.000000
0.000100 -13.000000 -9.500000 7.000000
0.000114 -11.500000 -8.500000 7.000000
0.000100 -11.000000 -8.500000 7.000000
0.000100 -12.000000 -8.500000 7.000000
0.000069 -10.500000 -8.500000 7.000000
0.000069 -12.500000 -8.500000 7.000000
0.000037 -10.000000 -8.500000 7.000000
0.000069 -10.000000 -9.000000 7.000000
0.000100 -10.000000 -9.500000 7.000000
0.000114 -10.000000 -10.000000 7.000000
0.000100 -10.000000 -10.500000 7.000000
0.000069 -10.000000 -11.000000 7.000000
0.000037 -10.000000 -11.500000 7.000000
0.000047 -11.500000 -12.000000 7.000000
0.000042 -11.000000 -12.000000 7.000000
0.000042 -12.000000 -12.000000 7.000000
0.000029 -10.500000 -12.000000 7.000000
0.000029 -12.500000 -12.000000 7.000000
0.000037 -13.000000 -8.500000 7.000000
0.000114 -13.000000 -10.000000 7.000000
0.000100 -13.000000 -10.500000 7.000000
0.000069 -13.000000 -11.000000 7.000000
0.000037 -13.000000 -11.500000 7.000000
0.000146 -13.500000 -8.000000 9.500000
0.000129 -13.500000 -8.000000 9.000000
0.000088 -13.500000 -8.000000 8.500000
0.000047 -13.500000 -8.000000 8.000000
0.000146 -13.500000 -10.000000 11.500000
0.000129 -13.500000 -10.500000 11.500000
0.000088 -13.500000 -11.000000 11.500000
0.000047 -13.500000 -11.500000 11.500000
0.000146 -13.500000 -12.000000 9.500000
0.000129 -13.500000 -12.000000 9.000000
0.000088 -13.500000 -12.000000 8.500000
0.000047 -13.500000 -12.000000 8.000000
0.000029 -13.500000 -9.000000 7.000000
0.000042 -13.500000 -9.500000 7.000000
0.000047 -11.500000 -8.000000 7.000000
0.000042 -11.000000 -8.000000 7.000000
0.000042 -12.000000 -8.000000 7.000000
0.000029 -10.500000 -8.000000 7.000000
0.000029 -12.500000 -8.000000 7.000000
0.000029 -9.500000 -9.000000 7.000000
0.000042 -9.500000 -9.500000 7.000000
0.000047 -9.500000 -10.000000 7.000000
0.000042 -9.500000 -10.500000 7.000000
0.000029 -9.500000 -11.000000 7.000000
0.000047 -13.500000 -10.000000 7.000000
0.000042 -13.500000 -10.500000 7.000000
0.000029 -13.500000 -11.000000 7.000000
0.000047 -11.500000 -12.500000 11.500000
0.000042 -11.000000 -12.500000 11.500000
0.000042 -12.000000 -12.500000 11.500000
0.000029 -10.500000 -12.500000 11.500000
0.000029 -12.500000 -12.500000 11.500000
0.000029 -14.000000 -9.000000 11.500000
0.000042 -14.000000 -9.500000 11.500000
0.000047 -11.500000 -12.500000 7.500000
0.000042 -11.000000 -12.500000 7.500000
0.000042 -12.000000 -12.500000 7.500000
0.000029 -10.500000 -12.500000 7.500000
0.000029 -12.500000 -12.500000 7.500000
0.000047 -14.000000 -10.000000 11.500000
0.000042 -14.000000 -10.500000 11.500000
0.000029 -14.000000 -11.000000 11.500000
0.000029 -14.000000 -9.000000 7.500000
0.000042 -14.000000 -9.500000 7.500000
0.000114 -11.500000 -12.500000 11.000000
0.000100 -11.000000 -12.500000 11.000000
0.000100 -12.000000 -12.500000 11.000000
0.000069 -10.500000 -12.500000 11.000000
0.000069 -12.500000 -12.500000 11.000000
0.000037 -10.000000 -12.500000 11.000000
0.000037 -13.000000 -12.500000 11.000000
0.000047 -14.000000 -10.000000 7.500000
0.000042 -14.000000 -10.500000 7.500000
0.000029 -14.000000 -11.000000 7.500000
0.000037 -14.000000 -8.500000 11.000000
0.000069 -14.000000 -9.000000 11.000000
0.000100 -14.000000 -9.500000 11.000000
0.000114 -11.500000 -12.500000 8.000000
0.000100 -11.000000 -12.500000 8.000000
0.000100 -12.000000 -12.500000 8.000000
0.000069 -10.500000 -12.500000 8.000000
0.000069 -12.500000 -12.500000 8.000000
0.000037 -10.000000 -12.500000 8.000000
0.000037 -13.000000 -12.500000 8.000000
0.000114 -14.000000 -10.000000 11.000000
0.000100 -14.000000 -10.500000 11.000000
0.000069 -14.000000 -11.000000 11.000000
0.000037 -14.000000 -11.500000 11.000000
0.000037 -14.000000 -8.500000 8.000000
0.000069 -14.000000 -9.000000 8.000000
0.000100 -14.000000 -9.500000 8.000000
0.000212 -11.500000 -12.500000 10.500000
0.000187 -11.000000 -12.500000 10.500000
0.000187 -12.000000 -12.500000 10.500000
0.000129 -10.500000 -12.500000 10.500000
0.000129 -12.500000 -12.500000 10.500000
0.000069 -10.000000 -12.500000 10.500000
0.000069 -13.000000 -12.500000 10.500000
0.000029 -9.500000 -12.500000 10.500000
0.000029 -13.500000 -12.500000 10.500000
0.000114 -14.000000 -10.000000 8.000000
0.000100 -14.000000 -10.500000 8.000000
0.000069 -14.000000 -11.000000 8.000000
0.000037 -14.000000 -11.500000 8.000000
0.000029 -14.000000 -8.000000 10.500000
0.000069 -14.000000 -8.500000 10.500000
0.000129 -14.000000 -9.000000 10.500000
0.000187 -14.000000 -9.500000 10.500000
0.000212 -11.500000 -12.500000 8.500000
0.000187 -11.000000 -12.500000 8.500000
0.000187 -12.000000 -12.500000 8.500000
0.000129 -10.500000 -12.500000 8.500000
0.000129 -12.500000 -12.500000 8.500000
0.000069 -10.000000 -12.500000 8.500000
0.000069 -13.000000 -12.500000 8.500000
0.000029 -9.500000 -12.500000 8.500000
0.000029 -13.500000 -12.500000 8.500000
0.000212 -14.000000 -10.000000 10.500000
0.000187 -14.000000 -10.500000 10.500000
0.000129 -14.000000 -11.000000 10.500000
0.000069 -14.000000 -11.500000 10.500000
0.000029 -14.000000 -12.000000 10.500000
0.000029 -14.000000 -8.000000 8.500000
0.000069 -14.000000 -8.500000 8.500000
0.000129 -14.000000 -9.000000 8.500000
0.000187 -14.000000 -9.500000 8.500000
0.000309 -11.500000 -12.500000 10.000000
0.000272 -11.000000 -12.500000 10.000000
0.000272 -12.000000 -12.500000 10.000000
0.000187 -10.500000 -12.500000 10.000000
0.000187 -12.500000 -12.500000 10.000000
0.000100 -10.000000 -12.500000 10.000000
0.000100 -13.000000 -12.500000 10.000000
0.000042 -9.500000 -12.500000 10.000000
0.000042 -13.500000 -12.500000 10.000000
0.000212 -14.000000 -10.000000 8.500000
0.000187 -14.000000 -10.500000 8.500000
0.000129 -14.000000 -11.000000 8.500000
0.000069 -14.000000 -11.500000 8.500000
0.000029 -14.000000 -12.000000 8.500000
0.000042 -14.000000 -8.000000 10.000000
0.000100 -14.000000 -8.500000 10.000000
0.000187 -14.000000 -9.000000 10.000000
0.000272 -14.000000 -9.500000 10.000000
0.000309 -11.500000 -12.500000 9.000000
0.000272 -11.000000 -12.500000 9.000000
0.000272 -12.000000 -12.500000 9.000000
0.000187 -10.500000 -12.500000 9.000000
0.000187 -12.500000 -12.500000 9.000000
0.000100 -10.000000 -12.500000 9.000000
0.000100 -13.000000 -12.500000 9.000000
0.000042 -9.500000 -12.500000 9.000000
0.000042 -13.500000 -12.500000 9.000000
0.000309 -14.000000 -10.000000 10.000000
0.000272 -14.000000 -10.500000 10.000000
0.000187 -14.000000 -11.000000 10.000000
0.000100 -14.000000 -11.500000 10.000000
0.000042 -14.000000 -12.000000 10.000000
0.000042 -14.000000 -8.000000 9.000000
0.000100 -14.000000 -8.500000 9.000000
0.000187 -14.000000 -9.000000 9.000000
0.000272 -14.000000 -9.500000 9.000000
0.000350 -11.500000 -12.500000 9.500000
0.000309 -11.000000 -12.500000 9.500000
0.000309 -12.000000 -12.500000 9.500000
0.000212 -10.500000 -12.500000 9.500000
0.000212 -12.500000 -12.500000 9.500000
0.000114 -10.000000 -12.500000 9.500000
0.000114 -13.000000 -12.500000 9.500000
0.000047 -9.500000 -12.500000 9.500000
0.000047 -13.500000 -12.500000 9.500000
0.000309 -14.000000 -10.000000 9.000000
0.000272 -14.000000 -10.500000 9.000000
0.000187 -14.000000 -11.000000 9.000000
0.000100 -14.000000 -11.500000 9.000000
0.000042 -14.000000 -12.000000 9.000000
0.000047 -14.000000 -8.000000 9.500000
0.000114 -14.000000 -8.500000 9.500000
0.000212 -14.000000 -9.000000 9.500000
0.000309 -14.000000 -9.500000 9.500000
0.000350 -11.500000 -10.000000 12.000000
0.000309 -11.500000 -10.500000 12.000000
0.000309 -11.500000 -9.500000 12.000000
0.000272 -11.000000 -9.500000 12.000000
0.000309 -11.000000 -10.000000 12.000000
0.000272 -11.000000 -10.500000 12.000000
0.000212 -11.500000 -11.000000 12.000000
0.000272 -12.000000 -9.500000 12.000000
0.000309 -12.000000 -10.000000 12.000000
0.000272 -12.000000 -10.500000 12.000000
0.000187 -11.000000 -11.000000 12.000000
0.000187 -12.000000 -11.000000 12.000000
0.000187 -12.500000 -9.500000 12.000000
0.000212 -11.500000 -9.000000 12.000000
0.000187 -11.000000 -9.000000 12.000000
0.000187 -12.000000 -9.000000 12.000000
0.000129 -10.500000 -9.000000 12.000000
0.000187 -10.500000 -9.500000 12.000000
0.000212 -10.500000 -10.000000 12.000000
0.000187 -10.500000 -10.500000 12.000000
0.000129 -10.500000 -11.000000 12.000000
0.000114 -11.500000 -11.500000 12.000000
0.000100 -11.000000 -11.500000 12.000000
0.000100 -12.000000 -11.500000 12.000000
0.000129 -12.500000 -9.000000 12.000000
0.000212 -12.500000 -10.000000 12.000000
0.000187 -12.500000 -10.500000 12.000000
0.000129 -12.500000 -11.000000 12.000000
0.000069 -10.500000 -11.500000 12.000000
0.000069 -12.500000 -11.500000 12.000000
0.000069 -13.000000 -9.000000 12.000000
0.000100 -13.000000 -9.500000 12.000000
0.000114 -11.500000 -8.500000 12.000000
0.000100 -11.000000 -8.500000 12.000000
0.000100 -12.000000 -8.500000 12.000000
0.000069 -10.500000 -8.500000 12.000000
0.000069 -12.500000 -8.500000 12.000000
0.000037 -10.000000 -8.500000 12.000000
0.000069 -10.000000 -9.000000 12.000000
0.000100 -10.000000 -9.500000 12.000000
0.000114 -10.000000 -10.000000 12.000000
0.000100 -10.000000 -10.500000 12.000000
0.000069 -10.000000 -11.000000 12.000000
0.000037 -10.000000 -11.500000 12.000000
0.000047 -11.500000 -12.000000 12.000000
0.000042 -11.000000 -12.000000 12.000000
0.000042 -12.000000 -12.000000 12.000000
0.000029 -10.500000 -12.000000 12.000000
0.000029 -12.500000 -12.000000 12.000000
0.000037 -13.000000 -8.500000 12.000000
0.000114 -13.000000 -10.000000 12.000000
0.000100 -13.000000 -10.500000 12.000000
0.000069 -13.000000 -11.000000 12.000000
0.000037 -13.000000 -11.500000 12.000000
0.000029 -13.500000 -9.000000 12.000000
0.000042 -13.500000 -9.500000 12.000000
0.000047 -11.500000 -8.000000 12.000000
0.000042 -11.000000 -8.000000 12.000000
0.000042 -12.000000 -8.000000 12.000000
0.000029 -10.500000 -8.000000 12.000000
0.000029 -12.500000 -8.000000 12.000000
0.000029 -9.500000 -9.000000 12.000000
0.000042 -9.500000 -9.500000 12.000000
0.000047 -9.500000 -10.000000 12.000000
0.000042 -9.500000 -10.500000 12.000000
0.000029 -9.500000 -11.000000 12.000000
0.000047 -13.500000 -10.000000 12.000000
0.000042 -13.500000 -10.500000 12.000000
0.000029 -13.500000 -11.000000 12.000000
0.000350 -14.000000 -10.000000 9.500000
0.000309 -14.000000 -10.500000 9.500000
0.000212 -14.000000 -11.000000 9.500000
0.000114 -14.000000 -11.500000 9.500000
0.000047 -14.000000 -12.000000 9.500000
0.000047 -11.500000 -7.500000 11.500000
0.000042 -11.000000 -7.500000 11.500000
0.000042 -12.000000 -7.500000 11.500000
0.000029 -10.500000 -7.500000 11.500000
0.000029 -12.500000 -7.500000 11.500000
0.000029 -9.000000 -9.000000 11.500000
0.000042 -9.000000 -9.500000 11.500000
0.000047 -9.000000 -10.000000 11.500000
0.000042 -9.000000 -10.500000 11.500000
0.000029 -9.000000 -11.000000 11.500000
0.000047 -11.500000 -7.500000 7.500000
0.000042 -11.000000 -7.500000 7.500000
0.000042 -12.000000 -7.500000 7.500000
0.000029 -10.500000 -7.500000 7.500000
0.000029 -12.500000 -7.500000 7.500000
0.000029 -9.000000 -9.000000 7.500000
0.000042 -9.000000 -9.500000 7.500000
0.000047 -9.000000 -10.000000 7.500000
0.000042 -9.000000 -10.500000 7.500000
0.000029 -9.000000 -11.000000 7.500000
0.000114 -11.500000 -7.500000 11.000000
0.000100 -11.000000 -7.500000 11.000000
0.000100 -12.000000 -7.500000 11.000000
0.000069 -10.500000 -7.500000 11.000000
0.000069 -12.500000 -7.500000 11.000000
0.000037 -10.000000 -7.500000 11.000000
0.000037 -13.000000 -7.500000 11.000000
0.000037 -9.000000 -8.500000 11.000000
0.000069 -9.000000 -9.000000 11.000000
0.000100 -9.000000 -9.500000 11.000000
0.000114 -9.000000 -10.000000 11.000000
0.000100 -9.000000 -10.500000 11.000000
0.000069 -9.000000 -11.000000 11.000000
0.000037 -9.000000 -11.500000 11.000000
0.000114 -11.500000 -7.500000 8.000000
0.000100 -11.000000 -7.500000 8.000000
0.000100 -12.000000 -7.500000 8.000000
0.000069 -10.500000 -7.500000 8.000000
0.000069 -12.500000 -7.500000 8.000000
0.000037 -10.000000 -7.500000 8.000000
0.000037 -13.000000 -7.500000 8.000000
0.000037 -9.000000 -8.500000 8.000000
0.000069 -9.000000 -9.000000 8.000000
0.000100 -9.000000 -9.500000 8.000000
0.000114 -9.000000 -10.000000 8.000000
0.000100 -9.000000 -10.500000 8.000000
0.000069 -9.000000 -11.000000 8.000000
0.000037 -9.000000 -11.500000 8.000000
0.000212 -11.500000 -7.500000 10.500000
0.000187 -11.000000 -7.500000 10.500000
0.000187 -12.000000 -7.500000 10.500000
0.000129 -10.500000 -7.500000 10.500000
0.000129 -12.500000 -7.500000 10.500000
0.000069 -10.000000 -7.500000 10.500000
0.000069 -13.000000 -7.500000 10.500000
0.000029 -9.500000 -7.500000 10.500000
0.000029 -13.500000 -7.500000 10.500000
0.000029 -9.000000 -8.000000 10.500000
0.000069 -9.000000 -8.500000 10.500000
0.000129 -9.000000 -9.000000 10.500000
0.000187 -9.000000 -9.500000 10.500000
0.000212 -9.000000 -10.000000 10.500000
0.000187 -9.000000 -10.500000 10.500000
0.000129 -9.000000 -11.000000 10.500000
0.000069 -9.000000 -11.500000 10.500000
0.000029 -9.000000 -12.000000 10.500000
0.000212 -11.500000 -7.500000 8.500000
0.000187 -11.000000 -7.500000 8.500000
0.000187 -12.000000 -7.500000 8.500000
0.000129 -10.500000 -7.500000 8.500000
0.000129 -12.500000 -7.500000 8.500000
0.000069 -10.000000 -7.500000 8.500000
0.000069 -13.000000 -7.500000 8.500000
0.000029 -9.500000 -7.500000 8.500000
0.000029 -13.500000 -7.500000 8.500000
0.000029 -9.000000 -8.000000 8.500000
0.000069 -9.000000 -8.500000 8.500000
0.000129 -9.000000 -9.000000 8.500000
0.000187 -9.000000 -9.500000 8.500000
0.000212 -9.000000 -10.000000 8.500000
0.000187 -9.000000 -10.500000 8.500000
0.000129 -9.000000 -11.000000 8.500000
0.000069 -9.000000 -11.500000 8.500000
0.000029 -9.000000 -12.000000 8.500000
0.000309 -11.500000 -7.500000 10.000000
0.000272 -11.000000 -7.500000 10.000000
0.000272 -12.000000 -7.500000 10.000000
0.000187 -10.500000 -7.500000 10.000000
0.000187 -12.500000 -7.500000 10.000000
0.000100 -10.000000 -7.500000 10.000000
0.000100 -13.000000 -7.500000 10.000000
0.000042 -9.500000 -7.500000 10.000000
0.000042 -13.500000 -7.500000 10.000000
0.000042 -9.000000 -8.000000 10.000000
0.000100 -9.000000 -8.500000 10.000000
0.000187 -9.000000 -9.000000 10.000000
0.000272 -9.000000 -9.500000 10.000000
0.000309 -9.000000 -10.000000 10.000000
0.000272 -9.000000 -10.500000 10.000000
0.000187 -9.000000 -11.000000 10.000000
0.000100 -9.000000 -11.500000 10.000000
0.000042 -9.000000 -12.000000 10.000000
0.000309 -11.500000 -7.500000 9.000000
0.000272 -11.000000 -7.500000 9.000000
0.000272 -12.000000 -7.500000 9.000000
0.000187 -10.500000 -7.500000 9.000000
0.000187 -12.500000 -7.500000 9.000000
0.000100 -10.000000 -7.500000 9.000000
0.000100 -13.000000 -7.500000 9.000000
0.000042 -9.500000 -7.500000 9.000000
0.000042 -13.500000 -7.500000 9.000000
0.000042 -9.000000 -8.000000 9.000000
0.000100 -9.000000 -8.500000 9.000000
0.000187 -9.000000 -9.000000 9.000000
0.000272 -9.000000 -9.500000 9.000000
0.000309 -9.000000 -10.000000 9.000000
0.000272 -9.000000 -10.500000 9.000000
0.000187 -9.000000 -11.000000 9.000000
0.000100 -9.000000 -11.500000 9.000000
0.000042 -9.000000 -12.000000 9.000000
0.000350 -11.500000 -7.500000 9.500000
0.000309 -11.000000 -7.500000 9.500000
0.000309 -12.000000 -7.500000 9.500000
0.000212 -10.500000 -7.500000 9.500000
0.000212 -12.500000 -7.500000 9.500000
0.000114 -10.000000 -7.500000 9.500000
0.000114 -13.000000 -7.500000 9.500000
0.000047 -9.500000 -7.500000 9.500000
0.000047 -13.500000 -7.500000 9.500000
0.000047 -9.000000 -8.000000 9.500000
0.000114 -9.000000 -8.500000 9.500000
0.000212 -9.000000 -9.000000 9.500000
0.000309 -9.000000 -9.500000 9.500000
0.000350 -9.000000 -10.000000 9.500000
0.000309 -9.000000 -10.500000 9.500000
0.000212 -9.000000 -11.000000 9.500000
0.000114 -9.000000 -11.500000 9.500000
0.000047 -9.000000 -12.000000 9.500000
0.000088 -11.500000 -10.000000 6.500000
0.000078 -11.500000 -10.500000 6.500000
0.000078 -11.500000 -9.500000 6.500000
0.000069 -11.000000 -9.500000 6.500000
0.000078 -11.000000 -10.000000 6.500000
0.000069 -11.000000 -10.500000 6.500000
0.000054 -11.500000 -11.000000 6.500000
0.000069 -12.000000 -9.500000 6.500000
0.000078 -12.000000 -10.000000 6.500000
0.000069 -12.000000 -10.500000 6.500000
0.000047 -11.000000 -11.000000 6.500000
0.000047 -12.000000 -11.000000 6.500000
0.000047 -12.500000 -9.500000 6.500000
0.000054 -11.500000 -9.000000 6.500000
0.000047 -11.000000 -9.000000 6.500000
0.000047 -12.000000 -9.000000 6.500000
0.000033 -10.500000 -9.000000 6.500000
0.000047 -10.500000 -9.500000 6.500000
0.000054 -10.500000 -10.000000 6.500000
0.000047 -10.500000 -10.500000 6.500000
0.000033 -10.500000 -11.000000 6.500000
0.000029 -11.500000 -11.500000 6.500000
0.000025 -11.000000 -11.500000 6.500000
0.000025 -12.000000 -11.500000 6.500000
0.000033 -12.500000 -9.000000 6.500000
0.000054 -12.500000 -10.000000 6.500000
0.000047 -12.500000 -10.500000 6.500000
0.000033 -12.500000 -11.000000 6.500000
0.000025 -13.000000 -9.500000 6.500000
0.000029 -11.500000 -8.500000 6.500000
0.000025 -11.000000 -8.500000 6.500000
0.000025 -12.000000 -8.500000 6.500000
0.000025 -10.000000 -9.500000 6.500000
0.000029 -10.000000 -10.000000 6.500000
0.000025 -10.000000 -10.500000 6.500000
0.000029 -13.000000 -10.000000 6.500000
0.000025 -13.000000 -10.500000 6.500000
0.000029 -11.500000 -13.000000 11.000000
0.000025 -11.000000 -13.000000 11.000000
0.000025 -12.000000 -13.000000 11.000000
0.000025 -14.500000 -9.500000 11.000000
0.000029 -11.500000 -13.000000 8.000000
0.000025 -11.000000 -13.000000 8.000000
0.000025 -12.000000 -13.000000 8.000000
0.000029 -14.500000 -10.000000 11.000000
0.000025 -14.500000 -10.500000 11.000000
0.000025 -14.500000 -9.500000 8.000000
0.000054 -11.500000 -13.000000 10.500000
0.000047 -11.000000 -13.000000 10.500000
0.000047 -12.000000 -13.000000 10.500000
0.000033 -10.500000 -13.000000 10.500000
0.000033 -12.500000 -13.000000 10.500000
0.000029 -14.500000 -10.000000 8.000000
0.000025 -14.500000 -10.500000 8.000000
0.000033 -14.500000 -9.000000 10.500000
0.000047 -14.500000 -9.500000 10.500000
0.000054 -11.500000 -13.000000 8.500000
0.000047 -11.000000 -13.000000 8.500000
0.000047 -12.000000 -13.000000 8.500000
0.000033 -10.500000 -13.000000 8.500000
0.000033 -12.500000 -13.000000 8.500000
0.000054 -14.500000 -10.000000 10.500000
0.000047 -14.500000 -10.500000 10.500000
0.000033 -14.500000 -11.000000 10.500000
0.000033 -14.500000 -9.000000 8.500000
0.000047 -14.500000 -9.500000 8.500000
0.000078 -11.500000 -13.000000 10.000000
0.000069 -11.000000 -13.000000 10.000000
0.000069 -12.000000 -13.000000 10.000000
0.000047 -10.500000 -13.000000 10.000000
0.000047 -12.500000 -13.000000 10.000000
0.000025 -10.000000 -13.000000 10.000000
0.000025 -13.000000 -13.000000 10.000000
0.000054 -14.500000 -10.000000 8.500000
0.000047 -14.500000 -10.500000 8.500000
0.000033 -14.500000 -11.000000 8.500000
0.000025 -14.500000 -8.500000 10.000000
0.000047 -14.500000 -9.000000 10.000000
0.000069 -14.500000 -9.500000 10.000000
0.000078 -11.500000 -13.000000 9.000000
0.000069 -11.000000 -13.000000 9.000000
0.000069 -12.000000 -13.000000 9.000000
0.000047 -10.500000 -13.000000 9.000000
0.000047 -12.500000 -13.000000 9.000000
0.000025 -10.000000 -13.000000 9.000000
0.000025 -13.000000 -13.000000 9.000000
0.000078 -14.500000 -10.000000 10.000000
0.000069 -14.500000 -10.500000 10.000000
0.000047 -14.500000 -11.000000 10.000000
0.000025 -14.500000 -11.500000 10.000000
0.000025 -14.500000 -8.500000 9.000000
0.000047 -14.500000 -9.000000 9.000000
0.000069 -14.500000 -9.500000 9.000000
0.000088 -11.500000 -13.000000 9.500000
0.000078 -11.000000 -13.000000 9.500000
0.000078 -12.000000 -13.000000 9.500000
0.000054 -10.500000 -13.000000 9.500000
0.000054 -12.500000 -13.000000 9.500000
0.000029 -10.000000 -13.000000 9.500000
0.000029 -13.000000 -13.000000 9.500000
0.000078 -14.500000 -10.000000 9.000000
0.000069 -14.500000 -10.500000 9.000000
0.000047 -14.500000 -11.000000 9.000000
0.000025 -14.500000 -11.500000 9.000000
0.000029 -14.500000 -8.500000 9.500000
0.000054 -14.500000 -9.000000 9.500000
0.000078 -14.500000 -9.500000 9.500000
0.000088 -11.500000 -10.000000 12.500000
0.000078 -11.500000 -10.500000 12.500000
0.000078 -11.500000 -9.500000 12.500000
0.000069 -11.000000 -9.500000 12.500000
0.000078 -11.000000 -10.000000 12.500000
0.000069 -11.000000 -10.500000 12.500000
0.000054 -11.500000 -11.000000 12.500000
0.000069 -12.000000 -9.500000 12.500000
0.000078 -12.000000 -10.000000 12.500000
0.000069 -12.000000 -10.500000 12.500000
0.000047 -11.000000 -11.000000 12.500000
0.000047 -12.000000 -11.000000 12.500000
0.000047 -12.500000 -9.500000 12.500000
0.000054 -11.500000 -9.000000 12.500000
0.000047 -11.000000 -9.000000 12.500000
0.000047 -12.000000 -9.000000 12.500000
0.000033 -10.500000 -9.000000 12.500000
0.000047 -10.500000 -9.500000 12.500000
0.000054 -10.500000 -10.000000 12.500000
0.000047 -10.500000 -10.500000 12.500000
0.000033 -10.500000 -11.000000 12.500000
0.000029 -11.500000 -11.500000 12.500000
0.000025 -11.000000 -11.500000 12.500000
0.000025 -12.000000 -11.500000 12.500000
0.000033 -12.500000 -9.000000 12.500000
0.000054 -12.500000 -10.000000 12.500000
0.000047 -12.500000 -10.500000 12.500000
0.000033 -12.500000 -11.000000 12.500000
0.000025 -13.000000 -9.500000 12.500000
0.000029 -11.500000 -8.500000 12.500000
0.000025 -11.000000 -8.500000 12.500000
0.000025 -12.000000 -8.500000 12.500000
0.000025 -10.000000 -9.500000 12.500000
0.000029 -10.000000 -10.000000 12.500000
0.000025 -10.000000 -10.500000 12.500000
0.000029 -13.000000 -10.000000 12.500000
0.000025 -13.000000 -10.500000 12.500000
0.000088 -14.500000 -10.000000 9.500000
0.000078 -14.500000 -10.500000 9.500000
0.000054 -14.500000 -11.000000 9.500000
0.000029 -14.500000 -11.500000 9.500000
0.000029 -11.500000 -7.000000 11.000000
0.000025 -11.000000 -7.000000 11.000000
0.000025 -12.000000 -7.000000 11.000000
0.000025 -8.500000 -9.500000 11.000000
0.000029 -8.500000 -10.000000 11.000000
0.000025 -8.500000 -10.500000 11.000000
0.000029 -11.500000 -7.000000 8.000000
0.000025 -11.000000 -7.000000 8.000000
0.000025 -12.000000 -7.000000 8.000000
0.000025 -8.500000 -9.500000 8.000000
0.000029 -8.500000 -10.000000 8.000000
0.000025 -8.500000 -10.500000 8.000000
0.000054 -11.500000 -7.000000 10.500000
0.000047 -11.000000 -7.000000 10.500000
0.000047 -12.000000 -7.000000 10.500000
0.000033 -10.500000 -7.000000 10.500000
0.000033 -12.500000 -7.000000 10.500000
0.000033 -8.500000 -9.000000 10.500000
0.000047 -8.500000 -9.500000 10.500000
0.000054 -8.500000 -10.000000 10.500000
0.000047 -8.500000 -10.500000 10.500000
0.000033 -8.500000 -11.000000 10.500000
0.000054 -11.500000 -7.000000 8.500000
0.000047 -11.000000 -7.000000 8.500000
0.000047 -12.000000 -7.000000 8.500000
0.000033 -10.500000 -7.000000 8.500000
0.000033 -12.500000 -7.000000 8.500000
0.000033 -8.500000 -9.000000 8.500000
0.000047 -8.500000 -9.500000 8.500000
0.000054 -8.500000 -10.000000 8.500000
0.000047 -8.500000 -10.500000 8.500000
0.000033 -8.500000 -11.000000 8.500000
0.000078 -11.500000 -7.000000 10.000000
0.000069 -11.000000 -7.000000 10.000000
0.000069 -12.000000 -7.000000 10.000000
0.000047 -10.500000 -7.000000 10.000000
0.000047 -12.500000 -7.000000 10.000000
0.000025 -10.000000 -7.000000 10.000000
0.000025 -13.000000 -7.000000 10.000000
0.000025 -8.500000 -8.500000 10.000000
0.000047 -8.500000 -9.000000 10.000000
0.000069 -8.500000 -9.500000 10.000000
0.000078 -8.500000 -10.000000 10.000000
0.000069 -8.500000 -10.500000 10.000000
0.000047 -8.500000 -11.000000 10.000000
0.000025 -8.500000 -11.500000 10.000000
0.000078 -11.500000 -7.000000 9.000000
0.000069 -11.000000 -7.000000 9.000000
0.000069 -12.000000 -7.000000 9.000000
0.000047 -10.500000 -7.000000 9.000000
0.000047 -12.500000 -7.000000 9.000000
0.000025 -10.000000 -7.000000 9.000000
0.000025 -13.000000 -7.000000 9.000000
0.000025 -8.500000 -8.500000 9.000000
0.000047 -8.500000 -9.000000 9.000000
0.000069 -8.500000 -9.500000 9.000000
0.000078 -8.500000 -10.000000 9.000000
0.000069 -8.500000 -10.500000 9.000000
0.000047 -8.500000 -11.000000 9.000000
0.000025 -8.500000 -11.500000 9.000000
0.000088 -11.500000 -7.000000 9.500000
0.000078 -11.000000 -7.000000 9.500000
0.000078 -12.000000 -7.000000 9.500000
0.000054 -10.500000 -7.000000 9.500000
0.000054 -12.500000 -7.000000 9.500000
0.000029 -10.000000 -7.000000 9.500000
0.000029 -13.000000 -7.000000 9.500000
0.000029 -8.500000 -8.500000 9.500000
0.000054 -8.500000 -9.000000 9.500000
0.000078 -8.500000 -9.500000 9.500000
0.000088 -8.500000 -10.000000 9.500000
0.000078 -8.500000 -10.500000 9.500000
0.000054 -8.500000 -11.000000 9.500000
0.000029 -8.500000 -11.500000 9.500000
