0.600000
9.1064643341e-05 4.5000000000e+00 9.5000000000e+00 -1.0000000000e+01
4.3738677629e-05 5.0000000000e+00 9.5000000000e+00 -9.5000000000e+00
8.1270086046e-05 5.0000000000e+00 9.5000000000e+00 -1.0000000000e+01
4.1124177073e-05 5.0000000000e+00 9.0000000000e+00 -1.0000000000e+01
6.9569509700e-05 4.5000000000e+00 9.0000000000e+00 -1.0000000000e+01
6.6119297438e-05 4.0000000000e+00 9.5000000000e+00 -1.0500000000e+01
1.6285366612e-04 4.5000000000e+00 9.5000000000e+00 -1.0500000000e+01
1.4647209055e-04 4.5000000000e+00 1.0000000000e+01 -1.0500000000e+01
5.9612223953e-05 5.5000000000e+00 1.0000000000e+01 -1.0500000000e+01
1.5176795385e-04 5.0000000000e+00 1.0000000000e+01 -1.0500000000e+01
7.9275033878e-05 4.5000000000e+00 1.0000000000e+01 -1.0000000000e+01
5.5496090096e-05 5.5000000000e+00 1.0000000000e+01 -1.0000000000e+01
4.5609084050e-05 5.5000000000e+00 1.0000000000e+01 -9.5000000000e+00
6.8609912154e-05 5.0000000000e+00 1.0000000000e+01 -9.5000000000e+00
1.1230928495e-04 5.0000000000e+00 1.0000000000e+01 -1.0000000000e+01
1.2512233742e-04 5.0000000000e+00 9.5000000000e+00 -1.0500000000e+01
5.9044001764e-05 5.0000000000e+00 9.0000000000e+00 -1.0500000000e+01
1.4709252943e-04 4.5000000000e+00 9.0000000000e+00 -1.0500000000e+01
1.0087605780e-04 4.0000000000e+00 9.0000000000e+00 -1.0500000000e+01
7.5997204892e-05 4.5000000000e+00 8.5000000000e+00 -1.0500000000e+01
9.3857565838e-05 4.0000000000e+00 8.5000000000e+00 -1.0500000000e+01
4.5127769915e-05 4.5000000000e+00 8.0000000000e+00 -1.1000000000e+01
4.1834444430e-05 3.5000000000e+00 9.0000000000e+00 -1.1000000000e+01
7.3695890157e-05 5.0000000000e+00 9.0000000000e+00 -1.1000000000e+01
5.3007865659e-05 4.0000000000e+00 1.0000000000e+01 -1.1000000000e+01
2.1939641046e-04 4.5000000000e+00 1.0000000000e+01 -1.1000000000e+01
5.6379321356e-05 5.5000000000e+00 1.0000000000e+01 -1.1000000000e+01
1.2106615006e-04 4.5000000000e+00 1.0500000000e+01 -1.1000000000e+01
1.0515355565e-04 5.5000000000e+00 1.0500000000e+01 -1.1000000000e+01
1.8447424093e-04 5.0000000000e+00 1.0500000000e+01 -1.1000000000e+01
8.1835213101e-05 4.5000000000e+00 1.0500000000e+01 -1.0500000000e+01
1.4394055502e-04 5.0000000000e+00 1.0500000000e+01 -1.0500000000e+01
8.7202780455e-05 5.5000000000e+00 1.0500000000e+01 -1.0000000000e+01
6.9929793318e-05 5.0000000000e+00 1.0500000000e+01 -9.5000000000e+00
4.7356333446e-05 5.5000000000e+00 1.0500000000e+01 -9.0000000000e+00
6.6503919771e-05 5.5000000000e+00 1.0500000000e+01 -9.5000000000e+00
1.0616059350e-04 5.0000000000e+00 1.0500000000e+01 -1.0000000000e+01
9.8955804894e-05 5.5000000000e+00 1.0500000000e+01 -1.0500000000e+01
1.9825384533e-04 5.0000000000e+00 1.0000000000e+01 -1.1000000000e+01
1.5455014745e-04 5.0000000000e+00 9.5000000000e+00 -1.1000000000e+01
2.5185336977e-04 4.5000000000e+00 9.5000000000e+00 -1.1000000000e+01
1.4915716972e-04 4.0000000000e+00 9.5000000000e+00 -1.1000000000e+01
2.2468073393e-04 4.5000000000e+00 9.0000000000e+00 -1.1000000000e+01
2.1740610472e-04 4.0000000000e+00 9.0000000000e+00 -1.1000000000e+01
1.3923596726e-04 4.5000000000e+00 8.5000000000e+00 -1.1000000000e+01
2.1808561771e-04 4.0000000000e+00 8.5000000000e+00 -1.1000000000e+01
8.3234831335e-05 3.5000000000e+00 8.5000000000e+00 -1.1000000000e+01
1.2370759080e-04 4.0000000000e+00 8.0000000000e+00 -1.1000000000e+01
9.2296377121e-05 3.5000000000e+00 8.0000000000e+00 -1.1000000000e+01
4.4615877099e-05 3.5000000000e+00 7.5000000000e+00 -1.1000000000e+01
1.1568269052e-04 4.0000000000e+00 7.5000000000e+00 -1.1500000000e+01
6.9487328241e-05 4.5000000000e+00 8.0000000000e+00 -1.1500000000e+01
9.1242596805e-05 3.5000000000e+00 9.0000000000e+00 -1.1500000000e+01
7.1307599698e-05 5.0000000000e+00 9.0000000000e+00 -1.1500000000e+01
3.3580530486e-04 4.5000000000e+00 9.5000000000e+00 -1.1500000000e+01
8.5106909987e-05 4.0000000000e+00 1.0000000000e+01 -1.1500000000e+01
2.8395964287e-04 4.5000000000e+00 1.0000000000e+01 -1.1500000000e+01
4.4698770106e-05 5.5000000000e+00 1.0000000000e+01 -1.1500000000e+01
1.5708738695e-04 4.5000000000e+00 1.0500000000e+01 -1.1500000000e+01
5.2966807422e-05 4.5000000000e+00 1.1000000000e+01 -1.1500000000e+01
1.4154909814e-04 5.0000000000e+00 1.1000000000e+01 -1.1500000000e+01
9.9520521270e-05 5.5000000000e+00 1.1000000000e+01 -1.1500000000e+01
1.2999980403e-04 5.0000000000e+00 1.1000000000e+01 -1.1000000000e+01
4.3318625731e-05 6.0000000000e+00 1.1000000000e+01 -1.0000000000e+01
4.3826679340e-05 6.0000000000e+00 1.1000000000e+01 -9.5000000000e+00
4.3535948586e-05 6.0000000000e+00 1.1000000000e+01 -9.0000000000e+00
5.0713907442e-05 -5.5000000000e+00 -1.0000000000e+01 -1.2000000000e+01
5.3981361456e-05 5.5000000000e+00 1.1000000000e+01 -9.0000000000e+00
6.9956041199e-05 5.5000000000e+00 1.1000000000e+01 -9.5000000000e+00
4.0128606255e-05 5.0000000000e+00 1.1000000000e+01 -9.5000000000e+00
8.6851588879e-05 5.5000000000e+00 1.1000000000e+01 -1.0000000000e+01
7.9345364269e-05 5.0000000000e+00 1.1000000000e+01 -1.0000000000e+01
9.7332521199e-05 5.5000000000e+00 1.1000000000e+01 -1.0500000000e+01
1.0751314891e-04 5.0000000000e+00 1.1000000000e+01 -1.0500000000e+01
1.0431438465e-04 5.5000000000e+00 1.1000000000e+01 -1.1000000000e+01
9.7220106427e-05 5.5000000000e+00 1.0500000000e+01 -1.1500000000e+01
2.0418184455e-04 5.0000000000e+00 1.0500000000e+01 -1.1500000000e+01
4.0516753078e-05 -5.0000000000e+00 -9.5000000000e+00 -1.2000000000e+01
2.2381630883e-04 5.0000000000e+00 1.0000000000e+01 -1.1500000000e+01
1.6740707529e-04 5.0000000000e+00 9.5000000000e+00 -1.1500000000e+01
2.3825375533e-04 4.0000000000e+00 9.5000000000e+00 -1.1500000000e+01
3.2599512144e-04 4.5000000000e+00 9.0000000000e+00 -1.1500000000e+01
3.6935777148e-04 4.0000000000e+00 9.0000000000e+00 -1.1500000000e+01
2.0139656907e-04 4.5000000000e+00 8.5000000000e+00 -1.1500000000e+01
3.8755536951e-04 4.0000000000e+00 8.5000000000e+00 -1.1500000000e+01
2.1686227763e-04 3.5000000000e+00 8.5000000000e+00 -1.1500000000e+01
2.5655862258e-04 4.0000000000e+00 8.0000000000e+00 -1.1500000000e+01
2.7182269954e-04 3.5000000000e+00 8.0000000000e+00 -1.1500000000e+01
2.1281960610e-04 3.5000000000e+00 7.5000000000e+00 -1.1500000000e+01
6.9037052481e-05 3.0000000000e+00 7.5000000000e+00 -1.1500000000e+01
6.2313089052e-05 3.5000000000e+00 7.0000000000e+00 -1.1500000000e+01
6.9984170701e-05 3.0000000000e+00 7.0000000000e+00 -1.1500000000e+01
6.4453517248e-05 3.5000000000e+00 6.5000000000e+00 -1.2000000000e+01
2.0583317935e-04 4.0000000000e+00 7.5000000000e+00 -1.2000000000e+01
4.2613190444e-05 3.0000000000e+00 8.5000000000e+00 -1.2000000000e+01
7.1136381842e-05 4.5000000000e+00 8.0000000000e+00 -1.2000000000e+01
1.8823721960e-04 3.5000000000e+00 9.0000000000e+00 -1.2000000000e+01
4.7532487638e-05 3.5000000000e+00 9.5000000000e+00 -1.2000000000e+01
5.4500191226e-05 5.0000000000e+00 9.0000000000e+00 -1.2000000000e+01
1.3655479860e-04 4.0000000000e+00 1.0000000000e+01 -1.2000000000e+01
3.1888638307e-04 4.5000000000e+00 1.0000000000e+01 -1.2000000000e+01
1.8810237714e-04 4.5000000000e+00 1.0500000000e+01 -1.2000000000e+01
6.5809179654e-05 4.5000000000e+00 1.1000000000e+01 -1.2000000000e+01
1.3607762804e-04 5.0000000000e+00 1.1000000000e+01 -1.2000000000e+01
5.9896394739e-05 5.0000000000e+00 1.1500000000e+01 -1.2000000000e+01
6.6958542571e-05 5.5000000000e+00 1.1500000000e+01 -1.2000000000e+01
6.4471112926e-05 5.0000000000e+00 1.1500000000e+01 -1.1500000000e+01
4.4247872237e-05 6.0000000000e+00 1.1500000000e+01 -1.1000000000e+01
4.9902202280e-05 5.0000000000e+00 1.1500000000e+01 -1.0500000000e+01
8.5535786125e-05 5.5000000000e+00 1.1500000000e+01 -1.1000000000e+01
6.1330987631e-05 5.0000000000e+00 1.1500000000e+01 -1.1000000000e+01
8.3549221600e-05 5.5000000000e+00 1.1500000000e+01 -1.1500000000e+01
8.2006036795e-05 5.5000000000e+00 1.1500000000e+01 -1.0500000000e+01
5.3254785758e-05 6.0000000000e+00 1.1500000000e+01 -1.0000000000e+01
6.0611881936e-05 5.5000000000e+00 1.1500000000e+01 -9.5000000000e+00
4.4476492561e-05 6.0000000000e+00 1.1500000000e+01 -9.0000000000e+00
5.3752613760e-05 6.0000000000e+00 1.1500000000e+01 -9.5000000000e+00
7.4998339613e-05 5.5000000000e+00 1.1500000000e+01 -1.0000000000e+01
5.1009935427e-05 6.0000000000e+00 1.1500000000e+01 -1.0500000000e+01
5.4526323693e-05 -5.5000000000e+00 -1.0500000000e+01 -1.2500000000e+01
8.5956565708e-05 5.5000000000e+00 1.1000000000e+01 -1.2000000000e+01
7.5109650761e-05 5.5000000000e+00 1.0500000000e+01 -1.2000000000e+01
1.9348007893e-04 5.0000000000e+00 1.0500000000e+01 -1.2000000000e+01
2.2153676104e-04 5.0000000000e+00 1.0000000000e+01 -1.2000000000e+01
1.5872144822e-04 5.0000000000e+00 9.5000000000e+00 -1.2000000000e+01
4.0092922289e-05 -5.0000000000e+00 -1.0500000000e+01 -1.2500000000e+01
5.1081386474e-05 -5.0000000000e+00 -1.0000000000e+01 -1.2500000000e+01
4.9934577714e-05 -5.0000000000e+00 -9.5000000000e+00 -1.2500000000e+01
3.8372581089e-04 4.5000000000e+00 9.5000000000e+00 -1.2000000000e+01
3.3839877096e-04 4.0000000000e+00 9.5000000000e+00 -1.2000000000e+01
3.9012917819e-04 4.5000000000e+00 9.0000000000e+00 -1.2000000000e+01
5.1510920873e-04 4.0000000000e+00 9.0000000000e+00 -1.2000000000e+01
2.3546225473e-04 4.5000000000e+00 8.5000000000e+00 -1.2000000000e+01
5.6635881253e-04 4.0000000000e+00 8.5000000000e+00 -1.2000000000e+01
4.5958037673e-05 -4.5000000000e+00 -9.5000000000e+00 -1.2500000000e+01
6.0102938718e-05 -4.5000000000e+00 -9.0000000000e+00 -1.2500000000e+01
5.8309468358e-05 -4.5000000000e+00 -8.5000000000e+00 -1.2500000000e+01
4.0732159377e-05 -4.5000000000e+00 -8.0000000000e+00 -1.2500000000e+01
4.1294909736e-04 3.5000000000e+00 8.5000000000e+00 -1.2000000000e+01
4.4492477312e-04 4.0000000000e+00 8.0000000000e+00 -1.2000000000e+01
5.3639592300e-04 3.5000000000e+00 8.0000000000e+00 -1.2000000000e+01
1.3552000778e-04 3.0000000000e+00 8.0000000000e+00 -1.2000000000e+01
5.0081137388e-04 3.5000000000e+00 7.5000000000e+00 -1.2000000000e+01
2.6026651703e-04 3.0000000000e+00 7.5000000000e+00 -1.2000000000e+01
2.4438337809e-04 3.5000000000e+00 7.0000000000e+00 -1.2000000000e+01
3.0497296726e-04 3.0000000000e+00 7.0000000000e+00 -1.2000000000e+01
1.5326291666e-04 3.0000000000e+00 6.5000000000e+00 -1.2000000000e+01
5.4779004637e-05 -4.0000000000e+00 -8.0000000000e+00 -1.2500000000e+01
4.6109645185e-05 -4.0000000000e+00 -7.5000000000e+00 -1.2500000000e+01
4.7476701108e-05 2.5000000000e+00 6.5000000000e+00 -1.2000000000e+01
4.7479290427e-05 2.5000000000e+00 6.0000000000e+00 -1.2000000000e+01
3.0086287064e-04 2.5000000000e+00 6.0000000000e+00 -1.2500000000e+01
1.7875552963e-04 3.5000000000e+00 6.5000000000e+00 -1.2500000000e+01
4.7244696310e-05 4.0000000000e+00 7.0000000000e+00 -1.2500000000e+01
5.2462310210e-05 2.5000000000e+00 7.5000000000e+00 -1.2500000000e+01
2.8096770664e-04 4.0000000000e+00 7.5000000000e+00 -1.2500000000e+01
5.8418039549e-05 4.5000000000e+00 8.0000000000e+00 -1.2500000000e+01
9.8659489897e-05 3.0000000000e+00 8.5000000000e+00 -1.2500000000e+01
3.1706128073e-04 3.5000000000e+00 9.0000000000e+00 -1.2500000000e+01
8.2272037914e-05 3.5000000000e+00 9.5000000000e+00 -1.2500000000e+01
1.9006118519e-04 4.0000000000e+00 1.0000000000e+01 -1.2500000000e+01
3.3203946922e-04 4.5000000000e+00 1.0000000000e+01 -1.2500000000e+01
4.6459768885e-05 4.0000000000e+00 1.0500000000e+01 -1.2500000000e+01
1.9861870414e-04 4.5000000000e+00 1.0500000000e+01 -1.2500000000e+01
6.4804031397e-05 4.5000000000e+00 1.1000000000e+01 -1.2500000000e+01
4.3328703571e-05 5.0000000000e+00 1.1500000000e+01 -1.2500000000e+01
4.5850334193e-05 5.5000000000e+00 1.1500000000e+01 -1.2500000000e+01
4.3565500641e-05 6.0000000000e+00 1.2000000000e+01 -1.0000000000e+01
4.3538247382e-05 6.0000000000e+00 1.2000000000e+01 -1.0500000000e+01
6.3507471539e-05 5.5000000000e+00 1.1000000000e+01 -1.2500000000e+01
1.1623759416e-04 5.0000000000e+00 1.1000000000e+01 -1.2500000000e+01
5.0728630956e-05 5.5000000000e+00 1.0500000000e+01 -1.2500000000e+01
1.7226038384e-04 5.0000000000e+00 1.0500000000e+01 -1.2500000000e+01
1.9399908483e-04 5.0000000000e+00 1.0000000000e+01 -1.2500000000e+01
1.2927777201e-04 5.0000000000e+00 9.5000000000e+00 -1.2500000000e+01
3.9719458101e-04 4.5000000000e+00 9.5000000000e+00 -1.2500000000e+01
4.5017590829e-05 -5.0000000000e+00 -1.0500000000e+01 -1.3000000000e+01
5.9038713264e-05 -5.0000000000e+00 -1.0000000000e+01 -1.3000000000e+01
5.9691397594e-05 -5.0000000000e+00 -9.5000000000e+00 -1.3000000000e+01
4.3686280692e-05 -5.0000000000e+00 -9.0000000000e+00 -1.3000000000e+01
4.3127368475e-04 4.0000000000e+00 9.5000000000e+00 -1.2500000000e+01
4.0527911979e-04 4.5000000000e+00 9.0000000000e+00 -1.2500000000e+01
6.1144698795e-04 4.0000000000e+00 9.0000000000e+00 -1.2500000000e+01
2.3517646534e-04 4.5000000000e+00 8.5000000000e+00 -1.2500000000e+01
6.5593623517e-04 4.0000000000e+00 8.5000000000e+00 -1.2500000000e+01
6.5242263807e-04 3.5000000000e+00 8.5000000000e+00 -1.2500000000e+01
5.9522058767e-04 4.0000000000e+00 8.0000000000e+00 -1.2500000000e+01
5.1506162039e-05 -4.5000000000e+00 -1.0000000000e+01 -1.3000000000e+01
7.5874356314e-05 -4.5000000000e+00 -9.5000000000e+00 -1.3000000000e+01
8.8665409658e-05 -4.5000000000e+00 -9.0000000000e+00 -1.3000000000e+01
9.0574494556e-05 -4.5000000000e+00 -8.5000000000e+00 -1.3000000000e+01
6.8071996806e-05 -4.5000000000e+00 -8.0000000000e+00 -1.3000000000e+01
8.0666257674e-04 3.5000000000e+00 8.0000000000e+00 -1.2500000000e+01
3.1983679198e-04 3.0000000000e+00 8.0000000000e+00 -1.2500000000e+01
8.0704560507e-04 3.5000000000e+00 7.5000000000e+00 -1.2500000000e+01
5.8083931109e-04 3.0000000000e+00 7.5000000000e+00 -1.2500000000e+01
5.0016468987e-04 3.5000000000e+00 7.0000000000e+00 -1.2500000000e+01
7.0340955355e-04 3.0000000000e+00 7.0000000000e+00 -1.2500000000e+01
5.0083179724e-05 -4.0000000000e+00 -9.0000000000e+00 -1.3000000000e+01
1.0151657713e-04 -4.0000000000e+00 -8.5000000000e+00 -1.3000000000e+01
1.1689167381e-04 -4.0000000000e+00 -8.0000000000e+00 -1.3000000000e+01
1.1504962623e-04 -4.0000000000e+00 -7.5000000000e+00 -1.3000000000e+01
7.3116229746e-05 -4.0000000000e+00 -7.0000000000e+00 -1.3000000000e+01
1.5677508345e-04 2.5000000000e+00 7.0000000000e+00 -1.2500000000e+01
5.4439121962e-04 3.0000000000e+00 6.5000000000e+00 -1.2500000000e+01
2.7945395039e-04 2.5000000000e+00 6.5000000000e+00 -1.2500000000e+01
1.9781918458e-04 3.0000000000e+00 6.0000000000e+00 -1.2500000000e+01
1.0922166735e-04 2.5000000000e+00 5.5000000000e+00 -1.2500000000e+01
5.3427683777e-05 2.0000000000e+00 5.5000000000e+00 -1.2500000000e+01
4.1749458714e-05 -3.5000000000e+00 -8.0000000000e+00 -1.3000000000e+01
8.1659743671e-05 -3.5000000000e+00 -7.5000000000e+00 -1.3000000000e+01
1.1469029519e-04 -3.5000000000e+00 -7.0000000000e+00 -1.3000000000e+01
1.0579504062e-04 -3.5000000000e+00 -6.5000000000e+00 -1.3000000000e+01
5.1059501764e-05 -3.5000000000e+00 -6.0000000000e+00 -1.3000000000e+01
5.5980930221e-05 2.0000000000e+00 5.0000000000e+00 -1.2500000000e+01
5.9201202114e-05 -3.0000000000e+00 -6.5000000000e+00 -1.3000000000e+01
7.0387515058e-05 -3.0000000000e+00 -6.0000000000e+00 -1.3000000000e+01
4.7987335980e-05 -3.0000000000e+00 -5.5000000000e+00 -1.3000000000e+01
8.9473672698e-05 1.5000000000e+00 4.0000000000e+00 -1.3000000000e+01
3.7725700035e-04 2.0000000000e+00 5.0000000000e+00 -1.3000000000e+01
1.8741840028e-04 2.0000000000e+00 6.0000000000e+00 -1.3000000000e+01
5.6983423366e-05 2.0000000000e+00 6.5000000000e+00 -1.3000000000e+01
1.0128135459e-03 3.0000000000e+00 6.5000000000e+00 -1.3000000000e+01
3.0392267158e-04 3.5000000000e+00 6.5000000000e+00 -1.3000000000e+01
4.2663382110e-04 2.5000000000e+00 7.0000000000e+00 -1.3000000000e+01
4.7075604194e-05 4.0000000000e+00 7.0000000000e+00 -1.3000000000e+01
7.2364124908e-04 3.5000000000e+00 7.0000000000e+00 -1.3000000000e+01
3.0838848426e-04 4.0000000000e+00 7.5000000000e+00 -1.3000000000e+01
1.5866138623e-04 3.0000000000e+00 8.5000000000e+00 -1.3000000000e+01
2.0072640466e-04 4.5000000000e+00 8.5000000000e+00 -1.3000000000e+01
1.0825607494e-04 3.5000000000e+00 9.5000000000e+00 -1.3000000000e+01
4.6101245001e-04 4.0000000000e+00 9.5000000000e+00 -1.3000000000e+01
2.0578845367e-04 4.0000000000e+00 1.0000000000e+01 -1.3000000000e+01
4.7741924253e-05 4.0000000000e+00 1.0500000000e+01 -1.3000000000e+01
1.7473114946e-04 4.5000000000e+00 1.0500000000e+01 -1.3000000000e+01
5.2745628590e-05 4.5000000000e+00 1.1000000000e+01 -1.3000000000e+01
8.4758815133e-05 5.0000000000e+00 1.1000000000e+01 -1.3000000000e+01
4.2089351480e-05 5.5000000000e+00 1.1000000000e+01 -1.3000000000e+01
1.3431168026e-04 5.0000000000e+00 1.0500000000e+01 -1.3000000000e+01
1.4950909839e-04 5.0000000000e+00 1.0000000000e+01 -1.3000000000e+01
3.0836936741e-04 4.5000000000e+00 1.0000000000e+01 -1.3000000000e+01
8.8161957076e-05 5.0000000000e+00 9.5000000000e+00 -1.3000000000e+01
3.7494299205e-04 4.5000000000e+00 9.5000000000e+00 -1.3000000000e+01
3.7569647306e-04 4.5000000000e+00 9.0000000000e+00 -1.3000000000e+01
6.0225408711e-05 -5.0000000000e+00 -1.0000000000e+01 -1.3500000000e+01
5.8815256012e-05 -5.0000000000e+00 -9.5000000000e+00 -1.3500000000e+01
4.2919095244e-05 -5.0000000000e+00 -9.0000000000e+00 -1.3500000000e+01
6.6820352994e-04 4.0000000000e+00 9.0000000000e+00 -1.3000000000e+01
4.0444102112e-04 3.5000000000e+00 9.0000000000e+00 -1.3000000000e+01
7.3584587671e-04 4.0000000000e+00 8.5000000000e+00 -1.3000000000e+01
5.6912921943e-05 -4.5000000000e+00 -1.0000000000e+01 -1.3500000000e+01
8.9077681024e-05 -4.5000000000e+00 -9.5000000000e+00 -1.3500000000e+01
1.1085791522e-04 -4.5000000000e+00 -9.0000000000e+00 -1.3500000000e+01
1.1601382113e-04 -4.5000000000e+00 -8.5000000000e+00 -1.3500000000e+01
8.3915518363e-05 -4.5000000000e+00 -8.0000000000e+00 -1.3500000000e+01
8.1947887721e-04 3.5000000000e+00 8.5000000000e+00 -1.3000000000e+01
6.3748413815e-04 4.0000000000e+00 8.0000000000e+00 -1.3000000000e+01
1.0134591542e-03 3.5000000000e+00 8.0000000000e+00 -1.3000000000e+01
5.2821832376e-04 3.0000000000e+00 8.0000000000e+00 -1.3000000000e+01
1.0119969176e-03 3.5000000000e+00 7.5000000000e+00 -1.3000000000e+01
9.7650455694e-04 3.0000000000e+00 7.5000000000e+00 -1.3000000000e+01
4.0436045790e-05 -4.0000000000e+00 -9.5000000000e+00 -1.3500000000e+01
7.9163362244e-05 -4.0000000000e+00 -9.0000000000e+00 -1.3500000000e+01
1.5155673877e-04 -4.0000000000e+00 -8.5000000000e+00 -1.3500000000e+01
1.7822779053e-04 -4.0000000000e+00 -8.0000000000e+00 -1.3500000000e+01
1.7956129402e-04 -4.0000000000e+00 -7.5000000000e+00 -1.3500000000e+01
1.2657923699e-04 -4.0000000000e+00 -7.0000000000e+00 -1.3500000000e+01
5.1255321552e-05 -4.0000000000e+00 -6.5000000000e+00 -1.3500000000e+01
1.2941281593e-04 2.5000000000e+00 7.5000000000e+00 -1.3000000000e+01
1.1323062181e-03 3.0000000000e+00 7.0000000000e+00 -1.3000000000e+01
7.8807611235e-04 2.5000000000e+00 6.5000000000e+00 -1.3000000000e+01
5.6267703169e-04 3.0000000000e+00 6.0000000000e+00 -1.3000000000e+01
4.2320933963e-05 -3.5000000000e+00 -8.5000000000e+00 -1.3500000000e+01
9.7768260373e-05 -3.5000000000e+00 -8.0000000000e+00 -1.3500000000e+01
1.9751231278e-04 -3.5000000000e+00 -7.5000000000e+00 -1.3500000000e+01
2.4021841001e-04 -3.5000000000e+00 -7.0000000000e+00 -1.3500000000e+01
2.3658288790e-04 -3.5000000000e+00 -6.5000000000e+00 -1.3500000000e+01
1.4215040679e-04 -3.5000000000e+00 -6.0000000000e+00 -1.3500000000e+01
5.0253858589e-05 -3.5000000000e+00 -5.5000000000e+00 -1.3500000000e+01
8.9678170291e-04 2.5000000000e+00 6.0000000000e+00 -1.3000000000e+01
1.5201810268e-04 3.0000000000e+00 5.5000000000e+00 -1.3000000000e+01
5.7032330160e-04 2.5000000000e+00 5.5000000000e+00 -1.3000000000e+01
8.4538384760e-05 -3.0000000000e+00 -7.0000000000e+00 -1.3500000000e+01
1.9108748626e-04 -3.0000000000e+00 -6.5000000000e+00 -1.3500000000e+01
2.4597422009e-04 -3.0000000000e+00 -6.0000000000e+00 -1.3500000000e+01
2.2843237465e-04 -3.0000000000e+00 -5.5000000000e+00 -1.3500000000e+01
1.0598077218e-04 -3.0000000000e+00 -5.0000000000e+00 -1.3500000000e+01
3.4988808129e-04 2.0000000000e+00 5.5000000000e+00 -1.3000000000e+01
2.0901515803e-04 2.5000000000e+00 5.0000000000e+00 -1.3000000000e+01
5.3795890292e-05 -2.5000000000e+00 -6.0000000000e+00 -1.3500000000e+01
1.2739010808e-04 -2.5000000000e+00 -5.5000000000e+00 -1.3500000000e+01
1.7618089193e-04 -2.5000000000e+00 -5.0000000000e+00 -1.3500000000e+01
1.5995416419e-04 -2.5000000000e+00 -4.5000000000e+00 -1.3500000000e+01
5.2204250899e-05 -2.5000000000e+00 -4.0000000000e+00 -1.3500000000e+01
4.1988390323e-05 1.5000000000e+00 5.0000000000e+00 -1.3000000000e+01
1.3900510247e-04 2.0000000000e+00 4.5000000000e+00 -1.3000000000e+01
7.6434086831e-05 -2.0000000000e+00 -4.5000000000e+00 -1.3500000000e+01
1.0647557988e-04 -2.0000000000e+00 -4.0000000000e+00 -1.3500000000e+01
9.5156857796e-05 -2.0000000000e+00 -3.5000000000e+00 -1.3500000000e+01
4.2039482331e-05 -1.5000000000e+00 -3.5000000000e+00 -1.3500000000e+01
7.3219374865e-05 -1.5000000000e+00 -3.0000000000e+00 -1.3500000000e+01
6.9032990437e-05 -1.5000000000e+00 -2.5000000000e+00 -1.3500000000e+01
8.0202991407e-05 1.5000000000e+00 4.5000000000e+00 -1.3000000000e+01
5.6236171695e-05 -1.0000000000e+00 -2.0000000000e+00 -1.3500000000e+01
6.6541964911e-05 -1.0000000000e+00 -1.5000000000e+00 -1.3500000000e+01
4.0803848805e-05 -5.0000000000e-01 0.0000000000e+00 -1.3500000000e+01
6.7128800202e-05 -5.0000000000e-01 -5.0000000000e-01 -1.3500000000e+01
9.6921072021e-05 5.0000000000e-01 2.0000000000e+00 -1.3500000000e+01
6.3670178367e-05 5.0000000000e-01 1.5000000000e+00 -1.3500000000e+01
6.0853869765e-05 0.0000000000e+00 5.0000000000e-01 -1.3500000000e+01
5.9260620275e-05 0.0000000000e+00 1.0000000000e+00 -1.3500000000e+01
1.0704091272e-04 1.0000000000e+00 2.5000000000e+00 -1.3500000000e+01
5.9290698978e-05 5.0000000000e-01 2.5000000000e+00 -1.3500000000e+01
1.0807670119e-04 1.5000000000e+00 3.0000000000e+00 -1.3500000000e+01
2.1050955479e-04 1.0000000000e+00 3.0000000000e+00 -1.3500000000e+01
4.7140084005e-05 1.0000000000e+00 2.0000000000e+00 -1.3500000000e+01
2.6004111871e-04 1.5000000000e+00 3.5000000000e+00 -1.3500000000e+01
4.1180105721e-05 2.0000000000e+00 3.5000000000e+00 -1.3500000000e+01
1.9335011450e-04 1.0000000000e+00 3.5000000000e+00 -1.3500000000e+01
7.9101860604e-05 1.0000000000e+00 4.0000000000e+00 -1.3500000000e+01
5.6633466280e-04 1.5000000000e+00 4.0000000000e+00 -1.3500000000e+01
2.6651813429e-04 2.0000000000e+00 4.0000000000e+00 -1.3500000000e+01
1.5038688861e-04 2.5000000000e+00 4.5000000000e+00 -1.3500000000e+01
6.8117230197e-04 2.0000000000e+00 4.5000000000e+00 -1.3500000000e+01
1.2339812839e-03 2.0000000000e+00 5.0000000000e+00 -1.3500000000e+01
6.5490641945e-05 1.5000000000e+00 5.5000000000e+00 -1.3500000000e+01
3.4239717801e-04 3.0000000000e+00 5.5000000000e+00 -1.3500000000e+01
9.3779607462e-04 3.0000000000e+00 6.0000000000e+00 -1.3500000000e+01
3.7462025890e-04 3.5000000000e+00 6.5000000000e+00 -1.3500000000e+01
8.3161718557e-04 3.5000000000e+00 7.0000000000e+00 -1.3500000000e+01
6.7918096383e-04 3.0000000000e+00 8.0000000000e+00 -1.3500000000e+01
2.0274306419e-04 3.0000000000e+00 8.5000000000e+00 -1.3500000000e+01
1.4727045020e-04 4.5000000000e+00 8.5000000000e+00 -1.3500000000e+01
4.1905836328e-04 4.0000000000e+00 9.5000000000e+00 -1.3500000000e+01
1.8068058752e-04 4.0000000000e+00 1.0000000000e+01 -1.3500000000e+01
1.2241541426e-04 4.5000000000e+00 1.0500000000e+01 -1.3500000000e+01
4.8397686695e-05 5.0000000000e+00 1.1000000000e+01 -1.3500000000e+01
8.5277015927e-05 5.0000000000e+00 1.0500000000e+01 -1.3500000000e+01
5.5109707997e-05 -5.0000000000e+00 -1.0000000000e+01 -1.4000000000e+01
4.8145308666e-05 -5.0000000000e+00 -9.5000000000e+00 -1.4000000000e+01
9.7431060126e-05 5.0000000000e+00 1.0000000000e+01 -1.3500000000e+01
2.3551640105e-04 4.5000000000e+00 1.0000000000e+01 -1.3500000000e+01
5.2273449491e-05 5.0000000000e+00 9.5000000000e+00 -1.3500000000e+01
2.9890555494e-04 4.5000000000e+00 9.5000000000e+00 -1.3500000000e+01
1.2132890063e-04 3.5000000000e+00 9.5000000000e+00 -1.3500000000e+01
3.0056595438e-04 4.5000000000e+00 9.0000000000e+00 -1.3500000000e+01
6.3381467097e-04 4.0000000000e+00 9.0000000000e+00 -1.3500000000e+01
4.3562561738e-04 3.5000000000e+00 9.0000000000e+00 -1.3500000000e+01
7.1938774545e-04 4.0000000000e+00 8.5000000000e+00 -1.3500000000e+01
4.9284160852e-05 -4.5000000000e+00 -1.0000000000e+01 -1.4000000000e+01
8.6099159324e-05 -4.5000000000e+00 -9.5000000000e+00 -1.4000000000e+01
1.0627522892e-04 -4.5000000000e+00 -9.0000000000e+00 -1.4000000000e+01
1.1433293287e-04 -4.5000000000e+00 -8.5000000000e+00 -1.4000000000e+01
7.8391098825e-05 -4.5000000000e+00 -8.0000000000e+00 -1.4000000000e+01
8.7442598821e-04 3.5000000000e+00 8.5000000000e+00 -1.3500000000e+01
6.0196088995e-04 4.0000000000e+00 8.0000000000e+00 -1.3500000000e+01
1.1210521364e-03 3.5000000000e+00 8.0000000000e+00 -1.3500000000e+01
2.7587583523e-04 4.0000000000e+00 7.5000000000e+00 -1.3500000000e+01
1.1510825168e-03 3.5000000000e+00 7.5000000000e+00 -1.3500000000e+01
1.5147637313e-04 -4.0000000000e+00 -7.0000000000e+00 -1.4000000000e+01
5.0133194363e-05 -4.0000000000e+00 -9.5000000000e+00 -1.4000000000e+01
1.0805324046e-04 -4.0000000000e+00 -9.0000000000e+00 -1.4000000000e+01
1.7820699620e-04 -4.0000000000e+00 -8.5000000000e+00 -1.4000000000e+01
2.2164940112e-04 -4.0000000000e+00 -8.0000000000e+00 -1.4000000000e+01
2.2702877176e-04 -4.0000000000e+00 -7.5000000000e+00 -1.4000000000e+01
5.5500429475e-05 -4.0000000000e+00 -6.5000000000e+00 -1.4000000000e+01
1.2717413652e-03 3.0000000000e+00 7.5000000000e+00 -1.3500000000e+01
2.2025440780e-04 2.5000000000e+00 7.5000000000e+00 -1.3500000000e+01
1.4986907238e-03 3.0000000000e+00 7.0000000000e+00 -1.3500000000e+01
7.5127937949e-04 2.5000000000e+00 7.0000000000e+00 -1.3500000000e+01
1.4291671195e-03 3.0000000000e+00 6.5000000000e+00 -1.3500000000e+01
5.6001409037e-05 -3.5000000000e+00 -8.5000000000e+00 -1.4000000000e+01
1.6212812550e-04 -3.5000000000e+00 -8.0000000000e+00 -1.4000000000e+01
2.9709196461e-04 -3.5000000000e+00 -7.5000000000e+00 -1.4000000000e+01
3.5928841724e-04 -3.5000000000e+00 -7.0000000000e+00 -1.4000000000e+01
3.6279587467e-04 -3.5000000000e+00 -6.5000000000e+00 -1.4000000000e+01
2.4588768227e-04 -3.5000000000e+00 -6.0000000000e+00 -1.4000000000e+01
8.8231359201e-05 -3.5000000000e+00 -5.5000000000e+00 -1.4000000000e+01
1.4235088219e-03 2.5000000000e+00 6.5000000000e+00 -1.3500000000e+01
1.6322954649e-04 2.0000000000e+00 6.5000000000e+00 -1.3500000000e+01
1.6282575600e-03 2.5000000000e+00 6.0000000000e+00 -1.3500000000e+01
5.9384364043e-04 2.0000000000e+00 6.0000000000e+00 -1.3500000000e+01
1.2823659868e-03 2.5000000000e+00 5.5000000000e+00 -1.3500000000e+01
2.8100269111e-04 -3.0000000000e+00 -5.0000000000e+00 -1.4000000000e+01
5.8001281913e-05 -3.0000000000e+00 -7.5000000000e+00 -1.4000000000e+01
1.9053584168e-04 -3.0000000000e+00 -7.0000000000e+00 -1.4000000000e+01
4.0803933000e-04 -3.0000000000e+00 -6.5000000000e+00 -1.4000000000e+01
5.0897687665e-04 -3.0000000000e+00 -6.0000000000e+00 -1.4000000000e+01
4.9842642016e-04 -3.0000000000e+00 -5.5000000000e+00 -1.4000000000e+01
8.8649798772e-05 -3.0000000000e+00 -4.5000000000e+00 -1.4000000000e+01
1.1282471786e-03 2.0000000000e+00 5.5000000000e+00 -1.3500000000e+01
6.7713206737e-04 2.5000000000e+00 5.0000000000e+00 -1.3500000000e+01
2.6711130026e-04 1.5000000000e+00 5.0000000000e+00 -1.3500000000e+01
7.1784513109e-05 -2.5000000000e+00 -3.5000000000e+00 -1.4000000000e+01
1.5979590216e-04 -2.5000000000e+00 -6.0000000000e+00 -1.4000000000e+01
4.0010441174e-04 -2.5000000000e+00 -5.5000000000e+00 -1.4000000000e+01
5.5132781448e-04 -2.5000000000e+00 -5.0000000000e+00 -1.4000000000e+01
5.4925874676e-04 -2.5000000000e+00 -4.5000000000e+00 -1.4000000000e+01
2.7223741191e-04 -2.5000000000e+00 -4.0000000000e+00 -1.4000000000e+01
4.0819449883e-05 -2.0000000000e+00 -2.5000000000e+00 -1.4000000000e+01
9.8348361034e-05 -2.0000000000e+00 -5.0000000000e+00 -1.4000000000e+01
3.5276562544e-04 -2.0000000000e+00 -4.5000000000e+00 -1.4000000000e+01
5.2855609151e-04 -2.0000000000e+00 -4.0000000000e+00 -1.4000000000e+01
5.2600596052e-04 -2.0000000000e+00 -3.5000000000e+00 -1.4000000000e+01
2.0615007663e-04 -2.0000000000e+00 -3.0000000000e+00 -1.4000000000e+01
2.1323791233e-04 -1.5000000000e+00 -3.5000000000e+00 -1.4000000000e+01
4.8496007674e-04 -1.5000000000e+00 -3.0000000000e+00 -1.4000000000e+01
4.9533876152e-04 -1.5000000000e+00 -2.5000000000e+00 -1.4000000000e+01
1.6581323439e-04 -1.5000000000e+00 -2.0000000000e+00 -1.4000000000e+01
5.1340950245e-05 -1.0000000000e+00 -2.5000000000e+00 -1.4000000000e+01
3.6692827832e-04 -1.0000000000e+00 -2.0000000000e+00 -1.4000000000e+01
5.0015494386e-04 -1.0000000000e+00 -1.5000000000e+00 -1.4000000000e+01
3.6469502338e-04 -5.0000000000e-01 0.0000000000e+00 -1.4000000000e+01
2.2915098567e-04 -1.0000000000e+00 -1.0000000000e+00 -1.4000000000e+01
5.2029550668e-04 1.5000000000e+00 4.5000000000e+00 -1.3500000000e+01
1.8770868811e-04 -5.0000000000e-01 -1.0000000000e+00 -1.4000000000e+01
1.4842741346e-04 0.0000000000e+00 1.5000000000e+00 -1.4000000000e+01
4.8217783914e-04 -5.0000000000e-01 -5.0000000000e-01 -1.4000000000e+01
4.3814352684e-04 0.0000000000e+00 5.0000000000e-01 -1.4000000000e+01
4.6260518372e-04 0.0000000000e+00 1.0000000000e+00 -1.4000000000e+01
6.4721277653e-04 5.0000000000e-01 2.0000000000e+00 -1.4000000000e+01
1.1055581066e-04 0.0000000000e+00 0.0000000000e+00 -1.4000000000e+01
1.6627324963e-04 5.0000000000e-01 1.0000000000e+00 -1.4000000000e+01
6.2883599492e-04 1.0000000000e+00 2.5000000000e+00 -1.4000000000e+01
4.7373960733e-04 5.0000000000e-01 2.5000000000e+00 -1.4000000000e+01
4.5570350266e-04 5.0000000000e-01 1.5000000000e+00 -1.4000000000e+01
2.9294626867e-04 1.0000000000e+00 2.0000000000e+00 -1.4000000000e+01
7.6887572242e-05 5.0000000000e-01 3.0000000000e+00 -1.4000000000e+01
5.2211710529e-04 1.5000000000e+00 3.0000000000e+00 -1.4000000000e+01
1.1083257314e-03 1.0000000000e+00 3.0000000000e+00 -1.4000000000e+01
5.0764486060e-05 1.0000000000e+00 1.5000000000e+00 -1.4000000000e+01
7.6234875142e-05 1.5000000000e+00 2.5000000000e+00 -1.4000000000e+01
1.6816277017e-04 2.0000000000e+00 3.5000000000e+00 -1.4000000000e+01
1.1003246166e-03 1.5000000000e+00 3.5000000000e+00 -1.4000000000e+01
1.0212231419e-03 1.0000000000e+00 3.5000000000e+00 -1.4000000000e+01
3.8221110369e-04 1.0000000000e+00 4.0000000000e+00 -1.4000000000e+01
7.9806112274e-04 2.0000000000e+00 4.0000000000e+00 -1.4000000000e+01
3.2736304748e-04 2.5000000000e+00 4.5000000000e+00 -1.4000000000e+01
1.1671064697e-03 2.5000000000e+00 5.0000000000e+00 -1.4000000000e+01
4.3772818213e-04 3.0000000000e+00 5.5000000000e+00 -1.4000000000e+01
2.9693994362e-04 2.0000000000e+00 6.5000000000e+00 -1.4000000000e+01
3.4108915274e-04 3.5000000000e+00 6.5000000000e+00 -1.4000000000e+01
2.9876775160e-04 2.5000000000e+00 7.5000000000e+00 -1.4000000000e+01
2.1265711712e-04 4.0000000000e+00 7.5000000000e+00 -1.4000000000e+01
5.1262785539e-04 4.0000000000e+00 8.0000000000e+00 -1.4000000000e+01
5.8936466588e-04 4.0000000000e+00 8.5000000000e+00 -1.4000000000e+01
4.0165065601e-04 3.5000000000e+00 9.0000000000e+00 -1.4000000000e+01
2.0343941874e-04 4.5000000000e+00 9.0000000000e+00 -1.4000000000e+01
3.0817773828e-04 4.0000000000e+00 9.5000000000e+00 -1.4000000000e+01
1.2883444287e-04 4.0000000000e+00 1.0000000000e+01 -1.4000000000e+01
6.5031293269e-05 4.5000000000e+00 1.0500000000e+01 -1.4000000000e+01
4.5130011979e-05 5.0000000000e+00 1.0500000000e+01 -1.4000000000e+01
5.2811704826e-05 5.0000000000e+00 1.0000000000e+01 -1.4000000000e+01
1.4278793524e-04 4.5000000000e+00 1.0000000000e+01 -1.4000000000e+01
1.9767200648e-04 4.5000000000e+00 9.5000000000e+00 -1.4000000000e+01
1.1474811219e-04 3.5000000000e+00 9.5000000000e+00 -1.4000000000e+01
4.9493054481e-04 4.0000000000e+00 9.0000000000e+00 -1.4000000000e+01
9.2264683826e-05 4.5000000000e+00 8.5000000000e+00 -1.4000000000e+01
6.8676257668e-05 -4.5000000000e+00 -9.5000000000e+00 -1.4500000000e+01
8.6064136118e-05 -4.5000000000e+00 -9.0000000000e+00 -1.4500000000e+01
9.2675687242e-05 -4.5000000000e+00 -8.5000000000e+00 -1.4500000000e+01
6.2733453123e-05 -4.5000000000e+00 -8.0000000000e+00 -1.4500000000e+01
8.2287472486e-04 3.5000000000e+00 8.5000000000e+00 -1.4000000000e+01
2.4378990859e-04 3.0000000000e+00 8.5000000000e+00 -1.4000000000e+01
1.1062344051e-03 3.5000000000e+00 8.0000000000e+00 -1.4000000000e+01
4.8559217410e-05 -4.0000000000e+00 -9.5000000000e+00 -1.4500000000e+01
1.0622834218e-04 -4.0000000000e+00 -9.0000000000e+00 -1.4500000000e+01
1.7149216231e-04 -4.0000000000e+00 -8.5000000000e+00 -1.4500000000e+01
2.1699988493e-04 -4.0000000000e+00 -8.0000000000e+00 -1.4500000000e+01
2.2780427021e-04 -4.0000000000e+00 -7.5000000000e+00 -1.4500000000e+01
1.4604351111e-04 -4.0000000000e+00 -7.0000000000e+00 -1.4500000000e+01
4.1714435983e-05 -4.0000000000e+00 -6.5000000000e+00 -1.4500000000e+01
7.4690476571e-04 3.0000000000e+00 8.0000000000e+00 -1.4000000000e+01
1.1583303881e-03 3.5000000000e+00 7.5000000000e+00 -1.4000000000e+01
1.4043709866e-03 3.0000000000e+00 7.5000000000e+00 -1.4000000000e+01
8.1974760692e-04 3.5000000000e+00 7.0000000000e+00 -1.4000000000e+01
1.7027600540e-03 3.0000000000e+00 7.0000000000e+00 -1.4000000000e+01
1.0153010235e-03 2.5000000000e+00 7.0000000000e+00 -1.4000000000e+01
1.7055166121e-03 3.0000000000e+00 6.5000000000e+00 -1.4000000000e+01
7.8433366054e-05 -3.5000000000e+00 -8.5000000000e+00 -1.4500000000e+01
2.0667556231e-04 -3.5000000000e+00 -8.0000000000e+00 -1.4500000000e+01
3.5896149478e-04 -3.5000000000e+00 -7.5000000000e+00 -1.4500000000e+01
4.3868393387e-04 -3.5000000000e+00 -7.0000000000e+00 -1.4500000000e+01
4.4165901120e-04 -3.5000000000e+00 -6.5000000000e+00 -1.4500000000e+01
2.7414432637e-04 -3.5000000000e+00 -6.0000000000e+00 -1.4500000000e+01
9.1080780914e-05 -3.5000000000e+00 -5.5000000000e+00 -1.4500000000e+01
1.9137984085e-03 2.5000000000e+00 6.5000000000e+00 -1.4000000000e+01
1.1141709094e-03 3.0000000000e+00 6.0000000000e+00 -1.4000000000e+01
2.2308798736e-03 2.5000000000e+00 6.0000000000e+00 -1.4000000000e+01
1.0153007170e-04 -3.0000000000e+00 -7.5000000000e+00 -1.4500000000e+01
3.2128707338e-04 -3.0000000000e+00 -7.0000000000e+00 -1.4500000000e+01
5.9374548911e-04 -3.0000000000e+00 -6.5000000000e+00 -1.4500000000e+01
7.0624968535e-04 -3.0000000000e+00 -6.0000000000e+00 -1.4500000000e+01
6.8970951792e-04 -3.0000000000e+00 -5.5000000000e+00 -1.4500000000e+01
4.3449815414e-04 -3.0000000000e+00 -5.0000000000e+00 -1.4500000000e+01
1.4490092404e-04 -3.0000000000e+00 -4.5000000000e+00 -1.4500000000e+01
1.0676190089e-03 2.0000000000e+00 6.0000000000e+00 -1.4000000000e+01
2.0178070554e-03 2.5000000000e+00 5.5000000000e+00 -1.4000000000e+01
2.0722141003e-03 2.0000000000e+00 5.5000000000e+00 -1.4000000000e+01
1.8904170479e-04 1.5000000000e+00 5.5000000000e+00 -1.4000000000e+01
2.3317969867e-03 2.0000000000e+00 5.0000000000e+00 -1.4000000000e+01
7.9002024930e-04 1.5000000000e+00 5.0000000000e+00 -1.4000000000e+01
1.5980149770e-03 2.0000000000e+00 4.5000000000e+00 -1.4000000000e+01
9.1062790850e-05 -2.5000000000e+00 -6.5000000000e+00 -1.4500000000e+01
3.4816617933e-04 -2.5000000000e+00 -6.0000000000e+00 -1.4500000000e+01
7.7460228446e-04 -2.5000000000e+00 -5.5000000000e+00 -1.4500000000e+01
1.0366717986e-03 -2.5000000000e+00 -5.0000000000e+00 -1.4500000000e+01
1.0386176219e-03 -2.5000000000e+00 -4.5000000000e+00 -1.4500000000e+01
5.6978067401e-04 -2.5000000000e+00 -4.0000000000e+00 -1.4500000000e+01
1.7135548955e-04 -2.5000000000e+00 -3.5000000000e+00 -1.4500000000e+01
1.6010099188e-03 1.5000000000e+00 4.5000000000e+00 -1.4000000000e+01
1.7889828053e-03 1.5000000000e+00 4.0000000000e+00 -1.4000000000e+01
1.4542178543e-04 -2.0000000000e+00 -2.5000000000e+00 -1.4500000000e+01
2.9730780573e-04 -2.0000000000e+00 -5.0000000000e+00 -1.4500000000e+01
8.4445285858e-04 -2.0000000000e+00 -4.5000000000e+00 -1.4500000000e+01
1.2516958284e-03 -2.0000000000e+00 -4.0000000000e+00 -1.4500000000e+01
1.2917768388e-03 -2.0000000000e+00 -3.5000000000e+00 -1.4500000000e+01
6.2334893788e-04 -2.0000000000e+00 -3.0000000000e+00 -1.4500000000e+01
7.2646165467e-05 -1.5000000000e+00 -1.5000000000e+00 -1.4500000000e+01
7.9995419467e-04 -1.5000000000e+00 -2.0000000000e+00 -1.4500000000e+01
4.7142228782e-05 -1.5000000000e+00 -4.0000000000e+00 -1.4500000000e+01
7.3094530517e-04 -1.5000000000e+00 -3.5000000000e+00 -1.4500000000e+01
1.5708615723e-03 -1.5000000000e+00 -3.0000000000e+00 -1.4500000000e+01
8.4301535084e-05 -1.0000000000e+00 -5.0000000000e-01 -1.4500000000e+01
2.0797247027e-04 -1.0000000000e+00 -2.5000000000e+00 -1.4500000000e+01
1.4305036710e-03 -1.0000000000e+00 -2.0000000000e+00 -1.4500000000e+01
2.0376371604e-03 -1.0000000000e+00 -1.5000000000e+00 -1.4500000000e+01
1.8963364901e-03 -5.0000000000e-01 0.0000000000e+00 -1.4500000000e+01
2.9219172387e-04 -5.0000000000e-01 5.0000000000e-01 -1.4500000000e+01
1.3341013733e-03 -1.0000000000e+00 -1.0000000000e+00 -1.4500000000e+01
1.6781979940e-03 -1.5000000000e+00 -2.5000000000e+00 -1.4500000000e+01
7.7237218662e-04 -5.0000000000e-01 -1.0000000000e+00 -1.4500000000e+01
1.0015862149e-03 0.0000000000e+00 1.5000000000e+00 -1.4500000000e+01
2.0847536602e-03 -5.0000000000e-01 -5.0000000000e-01 -1.4500000000e+01
2.0908314000e-03 0.0000000000e+00 1.0000000000e+00 -1.4500000000e+01
4.1099262112e-05 0.0000000000e+00 2.0000000000e+00 -1.4500000000e+01
2.3443318684e-03 5.0000000000e-01 2.0000000000e+00 -1.4500000000e+01
1.9161765851e-03 1.0000000000e+00 2.5000000000e+00 -1.4500000000e+01
1.8221703437e-03 5.0000000000e-01 2.5000000000e+00 -1.4500000000e+01
1.7616207535e-04 1.0000000000e+00 1.5000000000e+00 -1.4500000000e+01
3.6890120390e-04 5.0000000000e-01 3.0000000000e+00 -1.4500000000e+01
1.2343234641e-03 1.5000000000e+00 3.0000000000e+00 -1.4500000000e+01
2.8821158895e-03 1.0000000000e+00 3.0000000000e+00 -1.4500000000e+01
3.3380219446e-04 2.0000000000e+00 3.5000000000e+00 -1.4500000000e+01
2.3853467515e-03 1.5000000000e+00 3.5000000000e+00 -1.4500000000e+01
9.4733562597e-04 1.0000000000e+00 4.0000000000e+00 -1.4500000000e+01
1.3800322989e-03 2.0000000000e+00 4.0000000000e+00 -1.4500000000e+01
4.2109331160e-04 2.5000000000e+00 4.5000000000e+00 -1.4500000000e+01
1.3670422254e-03 1.5000000000e+00 5.0000000000e+00 -1.4500000000e+01
1.3739756724e-03 2.5000000000e+00 5.0000000000e+00 -1.4500000000e+01
1.4182839271e-03 2.0000000000e+00 6.0000000000e+00 -1.4500000000e+01
4.1278835182e-04 2.0000000000e+00 6.5000000000e+00 -1.4500000000e+01
2.7744235542e-04 3.5000000000e+00 6.5000000000e+00 -1.4500000000e+01
1.7256165005e-03 3.0000000000e+00 6.5000000000e+00 -1.4500000000e+01
7.3981936029e-04 3.5000000000e+00 7.0000000000e+00 -1.4500000000e+01
1.4510856452e-04 4.0000000000e+00 7.5000000000e+00 -1.4500000000e+01
5.0782086806e-05 2.5000000000e+00 8.0000000000e+00 -1.4500000000e+01
2.4244331860e-04 3.0000000000e+00 8.5000000000e+00 -1.4500000000e+01
5.0953125675e-05 4.5000000000e+00 8.5000000000e+00 -1.4500000000e+01
1.1320137900e-04 4.5000000000e+00 9.0000000000e+00 -1.4500000000e+01
1.8007981933e-04 4.0000000000e+00 9.5000000000e+00 -1.4500000000e+01
6.7059064621e-05 4.0000000000e+00 1.0000000000e+01 -1.4500000000e+01
7.3924954654e-05 4.5000000000e+00 1.0000000000e+01 -1.4500000000e+01
1.0497547110e-04 4.5000000000e+00 9.5000000000e+00 -1.4500000000e+01
8.5028553318e-05 3.5000000000e+00 9.5000000000e+00 -1.4500000000e+01
4.4885134495e-05 -4.5000000000e+00 -9.5000000000e+00 -1.5000000000e+01
5.4747928439e-05 -4.5000000000e+00 -9.0000000000e+00 -1.5000000000e+01
5.7234648294e-05 -4.5000000000e+00 -8.5000000000e+00 -1.5000000000e+01
3.0916017331e-04 4.0000000000e+00 9.0000000000e+00 -1.4500000000e+01
3.0328604283e-04 3.5000000000e+00 9.0000000000e+00 -1.4500000000e+01
3.9327033202e-04 4.0000000000e+00 8.5000000000e+00 -1.4500000000e+01
6.1734481411e-04 3.5000000000e+00 8.5000000000e+00 -1.4500000000e+01
3.7100014503e-04 4.0000000000e+00 8.0000000000e+00 -1.4500000000e+01
9.1278525632e-04 3.5000000000e+00 8.0000000000e+00 -1.4500000000e+01
7.9657932682e-05 -4.0000000000e+00 -9.0000000000e+00 -1.5000000000e+01
1.3121451610e-04 -4.0000000000e+00 -8.5000000000e+00 -1.5000000000e+01
1.7380758709e-04 -4.0000000000e+00 -8.0000000000e+00 -1.5000000000e+01
1.8553966572e-04 -4.0000000000e+00 -7.5000000000e+00 -1.5000000000e+01
1.1980989705e-04 -4.0000000000e+00 -7.0000000000e+00 -1.5000000000e+01
7.3375834642e-04 3.0000000000e+00 8.0000000000e+00 -1.4500000000e+01
1.0240634316e-03 3.5000000000e+00 7.5000000000e+00 -1.4500000000e+01
1.3896980919e-03 3.0000000000e+00 7.5000000000e+00 -1.4500000000e+01
3.8375058627e-04 2.5000000000e+00 7.5000000000e+00 -1.4500000000e+01
1.7071777767e-03 3.0000000000e+00 7.0000000000e+00 -1.4500000000e+01
6.7056872609e-05 -3.5000000000e+00 -5.5000000000e+00 -1.5000000000e+01
4.2776946747e-04 -3.5000000000e+00 -6.5000000000e+00 -1.5000000000e+01
8.1778293055e-05 -3.5000000000e+00 -8.5000000000e+00 -1.5000000000e+01
2.0816702084e-04 -3.5000000000e+00 -8.0000000000e+00 -1.5000000000e+01
3.4512432348e-04 -3.5000000000e+00 -7.5000000000e+00 -1.5000000000e+01
4.2027416618e-04 -3.5000000000e+00 -7.0000000000e+00 -1.5000000000e+01
2.5606104533e-04 -3.5000000000e+00 -6.0000000000e+00 -1.5000000000e+01
1.1452610108e-03 2.5000000000e+00 7.0000000000e+00 -1.4500000000e+01
2.1034138669e-03 2.5000000000e+00 6.5000000000e+00 -1.4500000000e+01
1.1050750581e-03 3.0000000000e+00 6.0000000000e+00 -1.4500000000e+01
1.3829724394e-04 -3.0000000000e+00 -4.5000000000e+00 -1.5000000000e+01
7.7555658014e-04 -3.0000000000e+00 -6.0000000000e+00 -1.5000000000e+01
1.4295563656e-04 -3.0000000000e+00 -7.5000000000e+00 -1.5000000000e+01
3.8751161483e-04 -3.0000000000e+00 -7.0000000000e+00 -1.5000000000e+01
6.5684371316e-04 -3.0000000000e+00 -6.5000000000e+00 -1.5000000000e+01
7.7441013617e-04 -3.0000000000e+00 -5.5000000000e+00 -1.5000000000e+01
4.5942699460e-04 -3.0000000000e+00 -5.0000000000e+00 -1.5000000000e+01
2.4623274509e-03 2.5000000000e+00 6.0000000000e+00 -1.4500000000e+01
4.0771606797e-04 3.0000000000e+00 5.5000000000e+00 -1.4500000000e+01
2.3536647194e-03 2.5000000000e+00 5.5000000000e+00 -1.4500000000e+01
2.7087638639e-03 2.0000000000e+00 5.5000000000e+00 -1.4500000000e+01
1.2741730961e-03 -2.5000000000e+00 -4.5000000000e+00 -1.5000000000e+01
1.3114726134e-03 -2.5000000000e+00 -5.0000000000e+00 -1.5000000000e+01
1.5658476596e-04 -2.5000000000e+00 -6.5000000000e+00 -1.5000000000e+01
5.3470536176e-04 -2.5000000000e+00 -6.0000000000e+00 -1.5000000000e+01
1.0585152553e-03 -2.5000000000e+00 -5.5000000000e+00 -1.5000000000e+01
7.3279269264e-04 -2.5000000000e+00 -4.0000000000e+00 -1.5000000000e+01
2.1680059946e-04 -2.5000000000e+00 -3.5000000000e+00 -1.5000000000e+01
3.4491734980e-04 1.5000000000e+00 5.5000000000e+00 -1.4500000000e+01
3.1572964975e-03 2.0000000000e+00 5.0000000000e+00 -1.4500000000e+01
2.5468754633e-03 2.0000000000e+00 4.5000000000e+00 -1.4500000000e+01
2.8004612370e-03 1.5000000000e+00 4.5000000000e+00 -1.4500000000e+01
1.9867391520e-03 -2.0000000000e+00 -3.5000000000e+00 -1.5000000000e+01
7.6752029854e-05 -2.0000000000e+00 -5.5000000000e+00 -1.5000000000e+01
6.0919144043e-04 -2.0000000000e+00 -5.0000000000e+00 -1.5000000000e+01
1.4621358897e-03 -2.0000000000e+00 -4.5000000000e+00 -1.5000000000e+01
1.9186275765e-03 -2.0000000000e+00 -4.0000000000e+00 -1.5000000000e+01
9.9894338881e-04 -2.0000000000e+00 -3.0000000000e+00 -1.5000000000e+01
2.5268303965e-04 -2.0000000000e+00 -2.5000000000e+00 -1.5000000000e+01
1.1522476287e-04 1.0000000000e+00 4.5000000000e+00 -1.4500000000e+01
1.7890599528e-04 -1.5000000000e+00 -1.5000000000e+00 -1.5000000000e+01
2.3197891713e-04 -1.5000000000e+00 -4.0000000000e+00 -1.5000000000e+01
1.5632695045e-03 -1.5000000000e+00 -3.5000000000e+00 -1.5000000000e+01
2.8677467615e-03 -1.5000000000e+00 -3.0000000000e+00 -1.5000000000e+01
3.2853366002e-04 -1.0000000000e+00 -5.0000000000e-01 -1.5000000000e+01
3.0428208270e-03 -1.5000000000e+00 -2.5000000000e+00 -1.5000000000e+01
1.4714921128e-03 -1.5000000000e+00 -2.0000000000e+00 -1.5000000000e+01
3.0849574547e-03 -1.0000000000e+00 -1.0000000000e+00 -1.5000000000e+01
6.7767048697e-04 -1.0000000000e+00 -2.5000000000e+00 -1.5000000000e+01
3.1459310595e-03 -1.0000000000e+00 -2.0000000000e+00 -1.5000000000e+01
4.3553846641e-03 -1.0000000000e+00 -1.5000000000e+00 -1.5000000000e+01
1.0828341894e-03 -5.0000000000e-01 5.0000000000e-01 -1.5000000000e+01
4.4895664618e-03 -5.0000000000e-01 0.0000000000e+00 -1.5000000000e+01
1.9012798756e-03 -5.0000000000e-01 -1.0000000000e+00 -1.5000000000e+01
2.6648815895e-03 0.0000000000e+00 1.5000000000e+00 -1.5000000000e+01
4.6992818274e-03 0.0000000000e+00 1.0000000000e+00 -1.5000000000e+01
4.0681353630e-03 0.0000000000e+00 5.0000000000e-01 -1.5000000000e+01
4.7003717363e-03 -5.0000000000e-01 -5.0000000000e-01 -1.5000000000e+01
2.1218121062e-04 0.0000000000e+00 2.0000000000e+00 -1.5000000000e+01
4.5994181499e-03 5.0000000000e-01 2.0000000000e+00 -1.5000000000e+01
3.5690044861e-03 5.0000000000e-01 1.5000000000e+00 -1.5000000000e+01
1.9623542819e-04 5.0000000000e-01 5.0000000000e-01 -1.5000000000e+01
3.4367733110e-03 1.0000000000e+00 2.5000000000e+00 -1.5000000000e+01
3.4767362488e-03 5.0000000000e-01 2.5000000000e+00 -1.5000000000e+01
3.5166768421e-04 1.0000000000e+00 1.5000000000e+00 -1.5000000000e+01
1.8363164218e-03 1.5000000000e+00 3.0000000000e+00 -1.5000000000e+01
4.5979979969e-03 1.0000000000e+00 3.0000000000e+00 -1.5000000000e+01
3.7463392495e-03 1.0000000000e+00 3.5000000000e+00 -1.5000000000e+01
4.5732773131e-04 2.0000000000e+00 3.5000000000e+00 -1.5000000000e+01
3.3921836736e-03 1.5000000000e+00 3.5000000000e+00 -1.5000000000e+01
1.6576508561e-03 2.0000000000e+00 4.0000000000e+00 -1.5000000000e+01
1.7282738124e-03 1.5000000000e+00 5.0000000000e+00 -1.5000000000e+01
1.3678500216e-03 2.5000000000e+00 5.0000000000e+00 -1.5000000000e+01
1.5349108019e-03 2.0000000000e+00 6.0000000000e+00 -1.5000000000e+01
1.0071893587e-03 3.0000000000e+00 6.0000000000e+00 -1.5000000000e+01
2.0220112341e-04 3.5000000000e+00 6.5000000000e+00 -1.5000000000e+01
1.5590558189e-03 3.0000000000e+00 6.5000000000e+00 -1.5000000000e+01
5.7918840268e-04 3.5000000000e+00 7.0000000000e+00 -1.5000000000e+01
8.9202165697e-05 4.0000000000e+00 7.5000000000e+00 -1.5000000000e+01
6.3274114618e-05 2.5000000000e+00 8.0000000000e+00 -1.5000000000e+01
2.1606893816e-04 4.0000000000e+00 8.0000000000e+00 -1.5000000000e+01
4.5459886688e-05 4.5000000000e+00 9.0000000000e+00 -1.5000000000e+01
7.7256459597e-05 4.0000000000e+00 9.5000000000e+00 -1.5000000000e+01
4.4075801316e-05 3.5000000000e+00 9.5000000000e+00 -1.5000000000e+01
1.5947677622e-04 4.0000000000e+00 9.0000000000e+00 -1.5000000000e+01
1.7650340111e-04 3.5000000000e+00 9.0000000000e+00 -1.5000000000e+01
2.1477189732e-04 4.0000000000e+00 8.5000000000e+00 -1.5000000000e+01
3.7823130982e-04 3.5000000000e+00 8.5000000000e+00 -1.5000000000e+01
5.0762658570e-05 -4.0000000000e+00 -9.0000000000e+00 -1.5500000000e+01
7.7206386743e-05 -4.0000000000e+00 -8.5000000000e+00 -1.5500000000e+01
1.0181235198e-04 -4.0000000000e+00 -8.0000000000e+00 -1.5500000000e+01
1.0784624523e-04 -4.0000000000e+00 -7.5000000000e+00 -1.5500000000e+01
6.6068702241e-05 -4.0000000000e+00 -7.0000000000e+00 -1.5500000000e+01
1.9624714922e-04 3.0000000000e+00 8.5000000000e+00 -1.5000000000e+01
5.8242670110e-04 3.5000000000e+00 8.0000000000e+00 -1.5000000000e+01
5.7563921919e-04 3.0000000000e+00 8.0000000000e+00 -1.5000000000e+01
7.0866123994e-04 3.5000000000e+00 7.5000000000e+00 -1.5000000000e+01
1.0922037883e-03 3.0000000000e+00 7.5000000000e+00 -1.5000000000e+01
4.0476029926e-04 2.5000000000e+00 7.5000000000e+00 -1.5000000000e+01
1.4807749647e-03 3.0000000000e+00 7.0000000000e+00 -1.5000000000e+01
4.5705849416e-05 -3.5000000000e+00 -5.5000000000e+00 -1.5500000000e+01
6.2983629887e-05 -3.5000000000e+00 -8.5000000000e+00 -1.5500000000e+01
1.5673697748e-04 -3.5000000000e+00 -8.0000000000e+00 -1.5500000000e+01
2.5410016239e-04 -3.5000000000e+00 -7.5000000000e+00 -1.5500000000e+01
3.1930275673e-04 -3.5000000000e+00 -7.0000000000e+00 -1.5500000000e+01
3.3054733813e-04 -3.5000000000e+00 -6.5000000000e+00 -1.5500000000e+01
1.9896142501e-04 -3.5000000000e+00 -6.0000000000e+00 -1.5500000000e+01
1.1490963323e-03 2.5000000000e+00 7.0000000000e+00 -1.5000000000e+01
6.3448189132e-05 2.0000000000e+00 7.0000000000e+00 -1.5000000000e+01
2.0758238169e-03 2.5000000000e+00 6.5000000000e+00 -1.5000000000e+01
5.1256895453e-04 2.0000000000e+00 6.5000000000e+00 -1.5000000000e+01
7.2844907472e-04 -3.0000000000e+00 -6.0000000000e+00 -1.5500000000e+01
4.9290037012e-05 -3.0000000000e+00 -8.0000000000e+00 -1.5500000000e+01
1.4558779145e-04 -3.0000000000e+00 -7.5000000000e+00 -1.5500000000e+01
3.7133337519e-04 -3.0000000000e+00 -7.0000000000e+00 -1.5500000000e+01
6.1147167032e-04 -3.0000000000e+00 -6.5000000000e+00 -1.5500000000e+01
7.3081084312e-04 -3.0000000000e+00 -5.5000000000e+00 -1.5500000000e+01
4.2651105904e-04 -3.0000000000e+00 -5.0000000000e+00 -1.5500000000e+01
1.1190471260e-04 -3.0000000000e+00 -4.5000000000e+00 -1.5500000000e+01
2.4227847054e-03 2.5000000000e+00 6.0000000000e+00 -1.5000000000e+01
3.5072747575e-04 3.0000000000e+00 5.5000000000e+00 -1.5000000000e+01
2.3481702022e-03 2.5000000000e+00 5.5000000000e+00 -1.5000000000e+01
2.8247084889e-03 2.0000000000e+00 5.5000000000e+00 -1.5000000000e+01
4.6323546113e-04 1.5000000000e+00 5.5000000000e+00 -1.5000000000e+01
1.2961945211e-03 -2.5000000000e+00 -4.5000000000e+00 -1.5500000000e+01
2.0909290704e-04 -2.5000000000e+00 -6.5000000000e+00 -1.5500000000e+01
6.1596151469e-04 -2.5000000000e+00 -6.0000000000e+00 -1.5500000000e+01
1.1169452976e-03 -2.5000000000e+00 -5.5000000000e+00 -1.5500000000e+01
1.3384125259e-03 -2.5000000000e+00 -5.0000000000e+00 -1.5500000000e+01
7.3083827111e-04 -2.5000000000e+00 -4.0000000000e+00 -1.5500000000e+01
2.0632759641e-04 -2.5000000000e+00 -3.5000000000e+00 -1.5500000000e+01
3.3100958309e-03 2.0000000000e+00 5.0000000000e+00 -1.5000000000e+01
4.2368675560e-04 2.5000000000e+00 4.5000000000e+00 -1.5000000000e+01
2.9247471557e-03 2.0000000000e+00 4.5000000000e+00 -1.5000000000e+01
3.4623155641e-03 1.5000000000e+00 4.5000000000e+00 -1.5000000000e+01
2.8061317647e-04 -2.0000000000e+00 -2.5000000000e+00 -1.5500000000e+01
2.0985671815e-03 -2.0000000000e+00 -3.5000000000e+00 -1.5500000000e+01
2.0556779788e-04 -2.0000000000e+00 -5.5000000000e+00 -1.5500000000e+01
8.4400513789e-04 -2.0000000000e+00 -5.0000000000e+00 -1.5500000000e+01
1.7153833019e-03 -2.0000000000e+00 -4.5000000000e+00 -1.5500000000e+01
2.1586227852e-03 -2.0000000000e+00 -4.0000000000e+00 -1.5500000000e+01
1.0871215320e-03 -2.0000000000e+00 -3.0000000000e+00 -1.5500000000e+01
2.6314336193e-04 1.0000000000e+00 4.5000000000e+00 -1.5000000000e+01
4.1725750640e-03 1.5000000000e+00 4.0000000000e+00 -1.5000000000e+01
1.5527638318e-03 1.0000000000e+00 4.0000000000e+00 -1.5000000000e+01
1.6081913995e-03 -1.5000000000e+00 -2.0000000000e+00 -1.5500000000e+01
3.6835664092e-03 -1.5000000000e+00 -2.5000000000e+00 -1.5500000000e+01
3.5878868374e-03 -1.5000000000e+00 -3.0000000000e+00 -1.5500000000e+01
6.2051958691e-04 -1.5000000000e+00 -4.0000000000e+00 -1.5500000000e+01
4.6533781083e-04 -1.0000000000e+00 -5.0000000000e-01 -1.5500000000e+01
3.8600581166e-03 -1.0000000000e+00 -1.0000000000e+00 -1.5500000000e+01
2.3896258584e-03 -1.5000000000e+00 -3.5000000000e+00 -1.5500000000e+01
6.1169694112e-03 -1.0000000000e+00 -1.5000000000e+00 -1.5500000000e+01
1.4543785546e-03 -1.0000000000e+00 -2.5000000000e+00 -1.5500000000e+01
9.8937690762e-05 -5.0000000000e-01 1.0000000000e+00 -1.5500000000e+01
1.7063498225e-03 -5.0000000000e-01 5.0000000000e-01 -1.5500000000e+01
6.4892715522e-03 -5.0000000000e-01 0.0000000000e+00 -1.5500000000e+01
1.0965600857e-04 -5.0000000000e-01 -1.5000000000e+00 -1.5500000000e+01
3.2593736745e-03 -5.0000000000e-01 -1.0000000000e+00 -1.5500000000e+01
3.7881974861e-03 0.0000000000e+00 1.5000000000e+00 -1.5500000000e+01
6.0672294820e-03 0.0000000000e+00 5.0000000000e-01 -1.5500000000e+01
6.7493306854e-03 0.0000000000e+00 1.0000000000e+00 -1.5500000000e+01
7.0825865982e-03 -5.0000000000e-01 -5.0000000000e-01 -1.5500000000e+01
4.3602188163e-04 0.0000000000e+00 2.0000000000e+00 -1.5500000000e+01
5.9117080169e-03 5.0000000000e-01 2.0000000000e+00 -1.5500000000e+01
4.0910853580e-03 1.0000000000e+00 2.5000000000e+00 -1.5500000000e+01
4.3130945099e-03 5.0000000000e-01 2.5000000000e+00 -1.5500000000e+01
1.2353745443e-03 5.0000000000e-01 3.0000000000e+00 -1.5500000000e+01
1.9343820865e-03 1.5000000000e+00 3.0000000000e+00 -1.5500000000e+01
5.1128026422e-03 1.0000000000e+00 3.0000000000e+00 -1.5500000000e+01
1.2213887239e-04 5.0000000000e-01 3.5000000000e+00 -1.5500000000e+01
4.8138643143e-04 2.0000000000e+00 3.5000000000e+00 -1.5500000000e+01
3.5922475310e-03 1.5000000000e+00 3.5000000000e+00 -1.5500000000e+01
3.8290372362e-04 1.0000000000e+00 4.5000000000e+00 -1.5500000000e+01
4.0568920091e-04 2.5000000000e+00 4.5000000000e+00 -1.5500000000e+01
1.2560929469e-03 2.5000000000e+00 5.0000000000e+00 -1.5500000000e+01
2.5850699089e-04 3.0000000000e+00 5.5000000000e+00 -1.5500000000e+01
4.5818856405e-05 1.5000000000e+00 6.0000000000e+00 -1.5500000000e+01
7.7965490498e-04 3.0000000000e+00 6.0000000000e+00 -1.5500000000e+01
1.3526995302e-04 3.5000000000e+00 6.5000000000e+00 -1.5500000000e+01
8.7363036787e-05 2.0000000000e+00 7.0000000000e+00 -1.5500000000e+01
3.5412020313e-04 3.5000000000e+00 7.0000000000e+00 -1.5500000000e+01
4.2765011806e-05 4.0000000000e+00 7.5000000000e+00 -1.5500000000e+01
6.2085656539e-05 2.5000000000e+00 8.0000000000e+00 -1.5500000000e+01
1.1566916441e-04 3.0000000000e+00 8.5000000000e+00 -1.5500000000e+01
6.2611519575e-05 4.0000000000e+00 9.0000000000e+00 -1.5500000000e+01
6.9353491009e-05 3.5000000000e+00 9.0000000000e+00 -1.5500000000e+01
8.5390917712e-05 4.0000000000e+00 8.5000000000e+00 -1.5500000000e+01
1.7895626452e-04 3.5000000000e+00 8.5000000000e+00 -1.5500000000e+01
8.9472539387e-05 4.0000000000e+00 8.0000000000e+00 -1.5500000000e+01
4.6498808667e-05 -4.0000000000e+00 -8.5000000000e+00 -1.6000000000e+01
4.1219672750e-05 -4.0000000000e+00 -8.0000000000e+00 -1.6000000000e+01
4.2926051431e-05 -4.0000000000e+00 -7.5000000000e+00 -1.6000000000e+01
3.0493718747e-04 3.5000000000e+00 8.0000000000e+00 -1.5500000000e+01
3.4298599675e-04 3.0000000000e+00 8.0000000000e+00 -1.5500000000e+01
3.7830834349e-04 3.5000000000e+00 7.5000000000e+00 -1.5500000000e+01
6.6012250478e-04 3.0000000000e+00 7.5000000000e+00 -1.5500000000e+01
8.2602867033e-05 -3.5000000000e+00 -8.0000000000e+00 -1.6000000000e+01
1.3291660988e-04 -3.5000000000e+00 -7.5000000000e+00 -1.6000000000e+01
1.7298006852e-04 -3.5000000000e+00 -7.0000000000e+00 -1.6000000000e+01
1.7758164505e-04 -3.5000000000e+00 -6.5000000000e+00 -1.6000000000e+01
1.0438209326e-04 -3.5000000000e+00 -6.0000000000e+00 -1.6000000000e+01
3.3901957910e-04 2.5000000000e+00 7.5000000000e+00 -1.5500000000e+01
9.4903874540e-04 3.0000000000e+00 7.0000000000e+00 -1.5500000000e+01
9.2222784432e-04 2.5000000000e+00 7.0000000000e+00 -1.5500000000e+01
1.0917395726e-03 3.0000000000e+00 6.5000000000e+00 -1.5500000000e+01
5.1617274702e-04 -3.0000000000e+00 -6.0000000000e+00 -1.6000000000e+01
4.6946726783e-05 -3.0000000000e+00 -8.0000000000e+00 -1.6000000000e+01
1.2147059804e-04 -3.0000000000e+00 -7.5000000000e+00 -1.6000000000e+01
2.6202263771e-04 -3.0000000000e+00 -7.0000000000e+00 -1.6000000000e+01
4.1796560498e-04 -3.0000000000e+00 -6.5000000000e+00 -1.6000000000e+01
5.3009823197e-04 -3.0000000000e+00 -5.5000000000e+00 -1.6000000000e+01
3.1054740026e-04 -3.0000000000e+00 -5.0000000000e+00 -1.6000000000e+01
7.3459295538e-05 -3.0000000000e+00 -4.5000000000e+00 -1.6000000000e+01
1.6425859014e-03 2.5000000000e+00 6.5000000000e+00 -1.5500000000e+01
5.3252372723e-04 2.0000000000e+00 6.5000000000e+00 -1.5500000000e+01
2.0573706790e-03 2.5000000000e+00 6.0000000000e+00 -1.5500000000e+01
1.4972501441e-03 2.0000000000e+00 6.0000000000e+00 -1.5500000000e+01
2.0884223799e-03 2.5000000000e+00 5.5000000000e+00 -1.5500000000e+01
6.3664569568e-04 -2.5000000000e+00 -4.0000000000e+00 -1.6000000000e+01
5.5274363942e-05 -2.5000000000e+00 -7.0000000000e+00 -1.6000000000e+01
2.1604580656e-04 -2.5000000000e+00 -6.5000000000e+00 -1.6000000000e+01
5.8446608479e-04 -2.5000000000e+00 -6.0000000000e+00 -1.6000000000e+01
1.0023750393e-03 -2.5000000000e+00 -5.5000000000e+00 -1.6000000000e+01
1.1850094387e-03 -2.5000000000e+00 -5.0000000000e+00 -1.6000000000e+01
1.1542459798e-03 -2.5000000000e+00 -4.5000000000e+00 -1.6000000000e+01
1.6348976738e-04 -2.5000000000e+00 -3.5000000000e+00 -1.6000000000e+01
2.7095569222e-03 2.0000000000e+00 5.5000000000e+00 -1.5500000000e+01
5.3827558297e-04 1.5000000000e+00 5.5000000000e+00 -1.5500000000e+01
3.1708319536e-03 2.0000000000e+00 5.0000000000e+00 -1.5500000000e+01
2.7081108561e-04 -2.0000000000e+00 -2.5000000000e+00 -1.6000000000e+01
1.7826611769e-03 1.5000000000e+00 5.0000000000e+00 -1.5500000000e+01
2.9426749862e-03 2.0000000000e+00 4.5000000000e+00 -1.5500000000e+01
2.0333419624e-03 -2.0000000000e+00 -3.5000000000e+00 -1.6000000000e+01
1.6744424621e-03 -2.0000000000e+00 -4.5000000000e+00 -1.6000000000e+01
2.8660119401e-04 -2.0000000000e+00 -5.5000000000e+00 -1.6000000000e+01
8.6456357868e-04 -2.0000000000e+00 -5.0000000000e+00 -1.6000000000e+01
2.0920586646e-03 -2.0000000000e+00 -4.0000000000e+00 -1.6000000000e+01
3.6520333268e-03 -1.5000000000e+00 -2.5000000000e+00 -1.6000000000e+01
1.5715469880e-03 -1.5000000000e+00 -2.0000000000e+00 -1.6000000000e+01
2.2549649563e-04 -1.5000000000e+00 -1.5000000000e+00 -1.6000000000e+01
3.5872768526e-03 -1.5000000000e+00 -3.0000000000e+00 -1.6000000000e+01
5.5634872954e-05 -1.5000000000e+00 -4.5000000000e+00 -1.6000000000e+01
9.4569119211e-04 -1.5000000000e+00 -4.0000000000e+00 -1.6000000000e+01
4.6233177150e-04 -1.0000000000e+00 -5.0000000000e-01 -1.6000000000e+01
3.8136942584e-03 -1.0000000000e+00 -1.0000000000e+00 -1.6000000000e+01
8.8778856858e-05 -1.0000000000e+00 -3.0000000000e+00 -1.6000000000e+01
1.2860648861e-04 -5.0000000000e-01 1.0000000000e+00 -1.6000000000e+01
2.1532739775e-03 -1.0000000000e+00 -2.5000000000e+00 -1.6000000000e+01
1.7533571359e-03 -5.0000000000e-01 5.0000000000e-01 -1.6000000000e+01
4.1920943727e-03 -5.0000000000e-01 -1.0000000000e+00 -1.6000000000e+01
3.8828773165e-03 0.0000000000e+00 1.5000000000e+00 -1.6000000000e+01
7.0589163683e-03 0.0000000000e+00 1.0000000000e+00 -1.6000000000e+01
3.2259500047e-04 -5.0000000000e-01 -1.5000000000e+00 -1.6000000000e+01
7.6827508139e-03 -5.0000000000e-01 -5.0000000000e-01 -1.6000000000e+01
6.7207898013e-03 -5.0000000000e-01 0.0000000000e+00 -1.6000000000e+01
5.1489212668e-04 0.0000000000e+00 2.0000000000e+00 -1.6000000000e+01
5.9768884250e-03 5.0000000000e-01 2.0000000000e+00 -1.6000000000e+01
2.2613866346e-03 5.0000000000e-01 1.0000000000e+00 -1.6000000000e+01
4.0819779321e-03 1.0000000000e+00 2.5000000000e+00 -1.6000000000e+01
4.3427203617e-03 5.0000000000e-01 2.5000000000e+00 -1.6000000000e+01
1.3574864063e-03 5.0000000000e-01 3.0000000000e+00 -1.6000000000e+01
1.8776247075e-03 1.5000000000e+00 3.0000000000e+00 -1.6000000000e+01
5.0469227815e-03 1.0000000000e+00 3.0000000000e+00 -1.6000000000e+01
1.7648110620e-04 5.0000000000e-01 3.5000000000e+00 -1.6000000000e+01
4.6936171496e-04 2.0000000000e+00 3.5000000000e+00 -1.6000000000e+01
3.5589191600e-03 1.5000000000e+00 3.5000000000e+00 -1.6000000000e+01
1.8311858849e-03 1.0000000000e+00 4.0000000000e+00 -1.6000000000e+01
4.1309597528e-04 1.0000000000e+00 4.5000000000e+00 -1.6000000000e+01
1.5181537897e-03 2.0000000000e+00 4.0000000000e+00 -1.6000000000e+01
3.2284196659e-03 1.5000000000e+00 4.5000000000e+00 -1.6000000000e+01
3.1802416833e-04 2.5000000000e+00 4.5000000000e+00 -1.6000000000e+01
2.5609064158e-03 2.0000000000e+00 5.0000000000e+00 -1.6000000000e+01
5.2427891325e-04 1.5000000000e+00 5.5000000000e+00 -1.6000000000e+01
1.7628336753e-04 3.0000000000e+00 5.5000000000e+00 -1.6000000000e+01
7.0070772253e-05 1.5000000000e+00 6.0000000000e+00 -1.6000000000e+01
1.2897282247e-03 2.5000000000e+00 6.0000000000e+00 -1.6000000000e+01
4.3807759390e-04 2.0000000000e+00 6.5000000000e+00 -1.6000000000e+01
7.2768109749e-05 3.5000000000e+00 6.5000000000e+00 -1.6000000000e+01
8.5309930785e-05 2.0000000000e+00 7.0000000000e+00 -1.6000000000e+01
1.9690973792e-04 2.5000000000e+00 7.5000000000e+00 -1.6000000000e+01
4.7903871630e-05 2.5000000000e+00 8.0000000000e+00 -1.6000000000e+01
4.9648256715e-05 3.5000000000e+00 8.5000000000e+00 -1.6000000000e+01
4.4920416642e-05 3.0000000000e+00 8.5000000000e+00 -1.6000000000e+01
1.0675685955e-04 3.5000000000e+00 8.0000000000e+00 -1.6000000000e+01
1.4093240395e-04 3.0000000000e+00 8.0000000000e+00 -1.6000000000e+01
1.4585570989e-04 3.5000000000e+00 7.5000000000e+00 -1.6000000000e+01
5.0120547901e-05 -3.5000000000e+00 -7.5000000000e+00 -1.6500000000e+01
6.1962128953e-05 -3.5000000000e+00 -7.0000000000e+00 -1.6500000000e+01
6.2213384044e-05 -3.5000000000e+00 -6.5000000000e+00 -1.6500000000e+01
2.9867367156e-04 3.0000000000e+00 7.5000000000e+00 -1.6000000000e+01
1.4766846315e-04 3.5000000000e+00 7.0000000000e+00 -1.6000000000e+01
4.6751262091e-04 3.0000000000e+00 7.0000000000e+00 -1.6000000000e+01
5.1596154038e-04 2.5000000000e+00 7.0000000000e+00 -1.6000000000e+01
5.5921796743e-04 3.0000000000e+00 6.5000000000e+00 -1.6000000000e+01
1.4972340472e-04 -3.0000000000e+00 -5.0000000000e+00 -1.6500000000e+01
6.4997063444e-05 -3.0000000000e+00 -7.5000000000e+00 -1.6500000000e+01
1.2986368850e-04 -3.0000000000e+00 -7.0000000000e+00 -1.6500000000e+01
2.0309826326e-04 -3.0000000000e+00 -6.5000000000e+00 -1.6500000000e+01
2.5656651621e-04 -3.0000000000e+00 -6.0000000000e+00 -1.6500000000e+01
2.5867439992e-04 -3.0000000000e+00 -5.5000000000e+00 -1.6500000000e+01
9.3788563409e-04 2.5000000000e+00 6.5000000000e+00 -1.6000000000e+01
4.8297995308e-04 3.0000000000e+00 6.0000000000e+00 -1.6000000000e+01
3.9671805985e-04 -2.5000000000e+00 -4.0000000000e+00 -1.6500000000e+01
6.1822160624e-04 -2.5000000000e+00 -5.5000000000e+00 -1.6500000000e+01
5.7777260213e-05 -2.5000000000e+00 -7.0000000000e+00 -1.6500000000e+01
1.8351128303e-04 -2.5000000000e+00 -6.5000000000e+00 -1.6500000000e+01
3.9462897038e-04 -2.5000000000e+00 -6.0000000000e+00 -1.6500000000e+01
7.2055321223e-04 -2.5000000000e+00 -5.0000000000e+00 -1.6500000000e+01
7.2119352285e-04 -2.5000000000e+00 -4.5000000000e+00 -1.6500000000e+01
8.8416582965e-05 -2.5000000000e+00 -3.5000000000e+00 -1.6500000000e+01
1.1570447505e-03 2.0000000000e+00 6.0000000000e+00 -1.6000000000e+01
1.4173984832e-03 2.5000000000e+00 5.5000000000e+00 -1.6000000000e+01
2.0574865489e-03 2.0000000000e+00 5.5000000000e+00 -1.6000000000e+01
9.5862229234e-04 2.5000000000e+00 5.0000000000e+00 -1.6000000000e+01
1.6677116505e-03 1.5000000000e+00 5.0000000000e+00 -1.6000000000e+01
2.6016762256e-03 2.0000000000e+00 4.5000000000e+00 -1.6000000000e+01
1.3033224599e-03 -2.0000000000e+00 -4.5000000000e+00 -1.6500000000e+01
6.3410580271e-05 -2.0000000000e+00 -6.0000000000e+00 -1.6500000000e+01
2.8591426414e-04 -2.0000000000e+00 -5.5000000000e+00 -1.6500000000e+01
7.6486172201e-04 -2.0000000000e+00 -5.0000000000e+00 -1.6500000000e+01
1.6060923071e-03 -2.0000000000e+00 -4.0000000000e+00 -1.6500000000e+01
1.5710720056e-03 -2.0000000000e+00 -3.5000000000e+00 -1.6500000000e+01
8.4648810917e-04 -2.0000000000e+00 -3.0000000000e+00 -1.6500000000e+01
2.2743934625e-04 -2.0000000000e+00 -2.5000000000e+00 -1.6500000000e+01
2.0074049905e-04 -1.5000000000e+00 -1.5000000000e+00 -1.6500000000e+01
3.1390015425e-03 -1.5000000000e+00 -2.5000000000e+00 -1.6500000000e+01
1.5609320427e-04 -1.5000000000e+00 -4.5000000000e+00 -1.6500000000e+01
1.0183949495e-03 -1.5000000000e+00 -4.0000000000e+00 -1.6500000000e+01
2.3862432130e-03 -1.5000000000e+00 -3.5000000000e+00 -1.6500000000e+01
3.1340109425e-03 -1.5000000000e+00 -3.0000000000e+00 -1.6500000000e+01
1.2987620252e-03 -1.5000000000e+00 -2.0000000000e+00 -1.6500000000e+01
4.2132534234e-04 -1.0000000000e+00 -5.0000000000e-01 -1.6500000000e+01
5.9536668362e-03 -1.0000000000e+00 -1.5000000000e+00 -1.6500000000e+01
5.1704603292e-03 -1.0000000000e+00 -2.0000000000e+00 -1.6500000000e+01
1.2792000207e-04 -5.0000000000e-01 1.0000000000e+00 -1.6500000000e+01
1.6926157659e-03 -5.0000000000e-01 5.0000000000e-01 -1.6500000000e+01
2.5227051282e-04 -1.0000000000e+00 -3.0000000000e+00 -1.6500000000e+01
2.3200379859e-03 -1.0000000000e+00 -2.5000000000e+00 -1.6500000000e+01
6.4636732322e-03 -5.0000000000e-01 0.0000000000e+00 -1.6500000000e+01
7.4777130885e-03 -5.0000000000e-01 -5.0000000000e-01 -1.6500000000e+01
4.2321292885e-03 -5.0000000000e-01 -1.0000000000e+00 -1.6500000000e+01
3.7563209718e-03 0.0000000000e+00 1.5000000000e+00 -1.6500000000e+01
6.8385824821e-03 0.0000000000e+00 1.0000000000e+00 -1.6500000000e+01
5.1304441938e-04 0.0000000000e+00 2.0000000000e+00 -1.6500000000e+01
5.6237899287e-03 5.0000000000e-01 2.0000000000e+00 -1.6500000000e+01
4.7177572111e-03 5.0000000000e-01 1.5000000000e+00 -1.6500000000e+01
1.7886869823e-03 0.0000000000e+00 0.0000000000e+00 -1.6500000000e+01
6.3959377868e-03 0.0000000000e+00 5.0000000000e-01 -1.6500000000e+01
3.8240736375e-03 1.0000000000e+00 2.5000000000e+00 -1.6500000000e+01
4.0546409301e-03 5.0000000000e-01 2.5000000000e+00 -1.6500000000e+01
4.7499128489e-04 1.0000000000e+00 1.5000000000e+00 -1.6500000000e+01
1.3445437746e-03 5.0000000000e-01 3.0000000000e+00 -1.6500000000e+01
1.5772009112e-03 1.5000000000e+00 3.0000000000e+00 -1.6500000000e+01
4.2714408727e-03 1.0000000000e+00 3.0000000000e+00 -1.6500000000e+01
3.7076128588e-04 2.0000000000e+00 3.5000000000e+00 -1.6500000000e+01
1.1015728110e-03 2.0000000000e+00 4.0000000000e+00 -1.6500000000e+01
2.1551631435e-04 2.5000000000e+00 4.5000000000e+00 -1.6500000000e+01
1.6621711052e-03 2.0000000000e+00 4.5000000000e+00 -1.6500000000e+01
4.1392533385e-04 1.5000000000e+00 5.5000000000e+00 -1.6500000000e+01
6.8595768840e-04 2.5000000000e+00 5.5000000000e+00 -1.6500000000e+01
1.0019205329e-04 3.0000000000e+00 5.5000000000e+00 -1.6500000000e+01
5.9962320631e-04 2.0000000000e+00 6.0000000000e+00 -1.6500000000e+01
2.3273110244e-04 2.0000000000e+00 6.5000000000e+00 -1.6500000000e+01
1.9245669369e-04 3.0000000000e+00 6.5000000000e+00 -1.6500000000e+01
7.5268078164e-05 3.0000000000e+00 7.5000000000e+00 -1.6500000000e+01
7.3878939702e-05 2.5000000000e+00 7.5000000000e+00 -1.6500000000e+01
1.4279664131e-04 3.0000000000e+00 7.0000000000e+00 -1.6500000000e+01
1.8540575189e-04 2.5000000000e+00 7.0000000000e+00 -1.6500000000e+01
6.2354508867e-05 2.0000000000e+00 7.0000000000e+00 -1.6500000000e+01
6.6654748095e-05 -3.0000000000e+00 -6.5000000000e+00 -1.7000000000e+01
4.2207868878e-05 -3.0000000000e+00 -7.0000000000e+00 -1.7000000000e+01
7.8594602006e-05 -3.0000000000e+00 -6.0000000000e+00 -1.7000000000e+01
6.7410931468e-05 -3.0000000000e+00 -5.5000000000e+00 -1.7000000000e+01
3.7236797551e-04 2.5000000000e+00 6.5000000000e+00 -1.6500000000e+01
1.9739636347e-04 3.0000000000e+00 6.0000000000e+00 -1.6500000000e+01
5.7609815099e-04 2.5000000000e+00 6.0000000000e+00 -1.6500000000e+01
7.2030453957e-05 1.5000000000e+00 6.0000000000e+00 -1.6500000000e+01
1.4818682520e-04 -2.5000000000e+00 -4.0000000000e+00 -1.7000000000e+01
2.9214567237e-04 -2.5000000000e+00 -5.0000000000e+00 -1.7000000000e+01
9.5182964564e-05 -2.5000000000e+00 -6.5000000000e+00 -1.7000000000e+01
1.6986513894e-04 -2.5000000000e+00 -6.0000000000e+00 -1.7000000000e+01
2.4315901992e-04 -2.5000000000e+00 -5.5000000000e+00 -1.7000000000e+01
2.6545238317e-04 -2.5000000000e+00 -4.5000000000e+00 -1.7000000000e+01
1.1102572324e-03 2.0000000000e+00 5.5000000000e+00 -1.6500000000e+01
5.8085881049e-04 2.5000000000e+00 5.0000000000e+00 -1.6500000000e+01
4.4889457892e-04 -2.0000000000e+00 -3.0000000000e+00 -1.7000000000e+01
1.1490753261e-04 -2.0000000000e+00 -2.5000000000e+00 -1.7000000000e+01
1.5433816577e-03 2.0000000000e+00 5.0000000000e+00 -1.6500000000e+01
1.1831132405e-03 1.5000000000e+00 5.0000000000e+00 -1.6500000000e+01
2.2656174131e-03 1.5000000000e+00 4.5000000000e+00 -1.6500000000e+01
6.9955079246e-04 -2.0000000000e+00 -4.5000000000e+00 -1.7000000000e+01
2.0227508593e-04 -2.0000000000e+00 -5.5000000000e+00 -1.7000000000e+01
6.9792647540e-05 -2.0000000000e+00 -6.0000000000e+00 -1.7000000000e+01
4.3082746903e-04 -2.0000000000e+00 -5.0000000000e+00 -1.7000000000e+01
8.3660781559e-04 -2.0000000000e+00 -4.0000000000e+00 -1.7000000000e+01
1.3510827975e-04 -1.5000000000e+00 -1.5000000000e+00 -1.7000000000e+01
8.2099662766e-04 -2.0000000000e+00 -3.5000000000e+00 -1.7000000000e+01
3.9414503066e-04 1.0000000000e+00 4.5000000000e+00 -1.6500000000e+01
2.8624795004e-03 1.5000000000e+00 4.0000000000e+00 -1.6500000000e+01
1.5920622671e-03 1.0000000000e+00 4.0000000000e+00 -1.6500000000e+01
2.8922587971e-03 1.5000000000e+00 3.5000000000e+00 -1.6500000000e+01
1.9531113186e-03 -1.5000000000e+00 -3.0000000000e+00 -1.7000000000e+01
1.7872621316e-03 -1.5000000000e+00 -2.5000000000e+00 -1.7000000000e+01
1.5803426427e-03 -1.5000000000e+00 -3.5000000000e+00 -1.7000000000e+01
2.5659534584e-04 -1.5000000000e+00 -4.5000000000e+00 -1.7000000000e+01
8.6112260140e-04 -1.5000000000e+00 -4.0000000000e+00 -1.7000000000e+01
4.2960916886e-03 -1.0000000000e+00 -1.5000000000e+00 -1.7000000000e+01
2.2297277347e-03 -1.0000000000e+00 -1.0000000000e+00 -1.7000000000e+01
2.9799527165e-04 -1.0000000000e+00 -5.0000000000e-01 -1.7000000000e+01
3.9242232076e-03 -1.0000000000e+00 -2.0000000000e+00 -1.7000000000e+01
1.2152461385e-04 -5.0000000000e-01 1.0000000000e+00 -1.7000000000e+01
1.3341614239e-03 -5.0000000000e-01 5.0000000000e-01 -1.7000000000e+01
4.9285827463e-03 -5.0000000000e-01 0.0000000000e+00 -1.7000000000e+01
4.5897844009e-04 -1.0000000000e+00 -3.0000000000e+00 -1.7000000000e+01
6.0581028723e-03 -5.0000000000e-01 -5.0000000000e-01 -1.7000000000e+01
2.8987519911e-03 0.0000000000e+00 1.5000000000e+00 -1.7000000000e+01
5.4075464521e-03 0.0000000000e+00 1.0000000000e+00 -1.7000000000e+01
5.2230460440e-03 0.0000000000e+00 5.0000000000e-01 -1.7000000000e+01
4.6304766059e-04 0.0000000000e+00 2.0000000000e+00 -1.7000000000e+01
4.0216898345e-03 5.0000000000e-01 2.0000000000e+00 -1.7000000000e+01
1.7708110687e-03 5.0000000000e-01 1.0000000000e+00 -1.7000000000e+01
3.6573951070e-03 5.0000000000e-01 1.5000000000e+00 -1.7000000000e+01
1.5195713158e-03 0.0000000000e+00 0.0000000000e+00 -1.7000000000e+01
2.6834103035e-03 1.0000000000e+00 2.5000000000e+00 -1.7000000000e+01
2.8347114349e-03 5.0000000000e-01 2.5000000000e+00 -1.7000000000e+01
1.0747483308e-03 5.0000000000e-01 3.0000000000e+00 -1.7000000000e+01
1.0264222723e-03 1.5000000000e+00 3.0000000000e+00 -1.7000000000e+01
2.6455038631e-03 1.0000000000e+00 3.0000000000e+00 -1.7000000000e+01
1.8341616771e-04 5.0000000000e-01 3.5000000000e+00 -1.7000000000e+01
2.2187368479e-04 2.0000000000e+00 3.5000000000e+00 -1.7000000000e+01
1.5736719892e-03 1.5000000000e+00 3.5000000000e+00 -1.7000000000e+01
9.3110652741e-04 1.0000000000e+00 4.0000000000e+00 -1.7000000000e+01
2.8209656446e-04 1.0000000000e+00 4.5000000000e+00 -1.7000000000e+01
5.7976445908e-04 2.0000000000e+00 4.0000000000e+00 -1.7000000000e+01
1.0599195846e-03 1.5000000000e+00 4.5000000000e+00 -1.7000000000e+01
4.4218607793e-05 1.0000000000e+00 5.0000000000e+00 -1.7000000000e+01
1.1867732684e-04 2.5000000000e+00 4.5000000000e+00 -1.7000000000e+01
2.0981700934e-04 1.5000000000e+00 5.5000000000e+00 -1.7000000000e+01
5.4885121812e-05 1.5000000000e+00 6.0000000000e+00 -1.7000000000e+01
4.0424777925e-05 3.0000000000e+00 6.0000000000e+00 -1.7000000000e+01
7.5820606961e-05 2.5000000000e+00 6.5000000000e+00 -1.7000000000e+01
7.4041984203e-05 2.0000000000e+00 6.5000000000e+00 -1.7000000000e+01
1.4407817057e-04 2.5000000000e+00 6.0000000000e+00 -1.7000000000e+01
4.0645945218e-05 -2.5000000000e+00 -6.0000000000e+00 -1.7500000000e+01
5.0643915789e-05 -2.5000000000e+00 -5.5000000000e+00 -1.7500000000e+01
5.7856362308e-05 -2.5000000000e+00 -5.0000000000e+00 -1.7500000000e+01
4.4243636492e-05 -2.5000000000e+00 -4.5000000000e+00 -1.7500000000e+01
1.8269691221e-04 2.0000000000e+00 6.0000000000e+00 -1.7000000000e+01
2.0354365395e-04 2.5000000000e+00 5.5000000000e+00 -1.7000000000e+01
2.1327766822e-04 -2.0000000000e+00 -3.5000000000e+00 -1.7500000000e+01
1.1323621779e-04 -2.0000000000e+00 -3.0000000000e+00 -1.7500000000e+01
3.7065603796e-04 2.0000000000e+00 5.5000000000e+00 -1.7000000000e+01
2.1684098435e-04 2.5000000000e+00 5.0000000000e+00 -1.7000000000e+01
5.8622067752e-04 2.0000000000e+00 5.0000000000e+00 -1.7000000000e+01
4.3703982416e-05 -2.0000000000e+00 -6.0000000000e+00 -1.7500000000e+01
8.5179874250e-05 -2.0000000000e+00 -5.5000000000e+00 -1.7500000000e+01
1.5511553137e-04 -2.0000000000e+00 -5.0000000000e+00 -1.7500000000e+01
2.2716116887e-04 -2.0000000000e+00 -4.5000000000e+00 -1.7500000000e+01
5.7607292804e-05 -1.5000000000e+00 -1.5000000000e+00 -1.7500000000e+01
2.6414970888e-04 -2.0000000000e+00 -4.0000000000e+00 -1.7500000000e+01
5.5533830971e-04 1.5000000000e+00 5.0000000000e+00 -1.7000000000e+01
6.9697883310e-04 2.0000000000e+00 4.5000000000e+00 -1.7000000000e+01
6.0686171053e-04 -1.5000000000e+00 -3.5000000000e+00 -1.7500000000e+01
6.9938114044e-04 -1.5000000000e+00 -3.0000000000e+00 -1.7500000000e+01
4.2990181382e-04 -1.5000000000e+00 -4.0000000000e+00 -1.7500000000e+01
5.5328713965e-05 -1.5000000000e+00 -5.0000000000e+00 -1.7500000000e+01
2.1288040276e-04 -1.5000000000e+00 -4.5000000000e+00 -1.7500000000e+01
5.7312188216e-04 -1.5000000000e+00 -2.5000000000e+00 -1.7500000000e+01
8.1881621918e-04 -1.0000000000e+00 -1.0000000000e+00 -1.7500000000e+01
1.8776794130e-03 -1.0000000000e+00 -1.5000000000e+00 -1.7500000000e+01
1.3371340197e-04 -1.0000000000e+00 -5.0000000000e-01 -1.7500000000e+01
1.9221928833e-03 -1.0000000000e+00 -2.0000000000e+00 -1.7500000000e+01
7.6534195327e-05 -5.0000000000e-01 1.0000000000e+00 -1.7500000000e+01
6.5750971114e-04 -5.0000000000e-01 5.0000000000e-01 -1.7500000000e+01
4.5659137675e-04 -1.0000000000e+00 -3.0000000000e+00 -1.7500000000e+01
2.3974063480e-03 -5.0000000000e-01 0.0000000000e+00 -1.7500000000e+01
6.2239364428e-04 -5.0000000000e-01 -1.5000000000e+00 -1.7500000000e+01
1.3671456752e-03 0.0000000000e+00 1.5000000000e+00 -1.7500000000e+01
2.8672690388e-03 0.0000000000e+00 1.0000000000e+00 -1.7500000000e+01
3.0015271739e-03 0.0000000000e+00 5.0000000000e-01 -1.7500000000e+01
2.3678297390e-03 -5.0000000000e-01 -1.0000000000e+00 -1.7500000000e+01
3.3720777049e-03 -5.0000000000e-01 -5.0000000000e-01 -1.7500000000e+01
2.7325413325e-04 0.0000000000e+00 2.0000000000e+00 -1.7500000000e+01
1.8712387440e-03 5.0000000000e-01 2.0000000000e+00 -1.7500000000e+01
1.9616903260e-03 5.0000000000e-01 1.5000000000e+00 -1.7500000000e+01
1.1471246268e-03 1.0000000000e+00 2.5000000000e+00 -1.7500000000e+01
1.2164367385e-03 5.0000000000e-01 2.5000000000e+00 -1.7500000000e+01
2.2888259970e-04 1.0000000000e+00 1.5000000000e+00 -1.7500000000e+01
5.0368518692e-04 5.0000000000e-01 3.0000000000e+00 -1.7500000000e+01
4.4604436014e-04 1.5000000000e+00 3.0000000000e+00 -1.7500000000e+01
1.0345400858e-03 1.0000000000e+00 3.0000000000e+00 -1.7500000000e+01
1.1803046228e-04 5.0000000000e-01 3.5000000000e+00 -1.7500000000e+01
1.0010391798e-04 2.0000000000e+00 3.5000000000e+00 -1.7500000000e+01
4.7794452397e-04 1.5000000000e+00 3.5000000000e+00 -1.7500000000e+01
3.0543018214e-04 1.0000000000e+00 4.0000000000e+00 -1.7500000000e+01
1.5575660011e-04 2.0000000000e+00 4.0000000000e+00 -1.7500000000e+01
2.2823857337e-04 1.5000000000e+00 4.5000000000e+00 -1.7500000000e+01
5.1058222629e-05 1.5000000000e+00 5.5000000000e+00 -1.7500000000e+01
5.0426376915e-05 2.0000000000e+00 5.5000000000e+00 -1.7500000000e+01
9.3887369726e-05 2.0000000000e+00 5.0000000000e+00 -1.7500000000e+01
1.1894580392e-04 1.5000000000e+00 5.0000000000e+00 -1.7500000000e+01
1.3558867846e-04 2.0000000000e+00 4.5000000000e+00 -1.7500000000e+01
1.1807866933e-04 1.0000000000e+00 4.5000000000e+00 -1.7500000000e+01
8.0525223935e-05 -1.5000000000e+00 -2.5000000000e+00 -1.8000000000e+01
9.2657882560e-05 -1.5000000000e+00 -4.0000000000e+00 -1.8000000000e+01
4.5816285853e-05 -1.5000000000e+00 -5.0000000000e+00 -1.8000000000e+01
7.9118194315e-05 -1.5000000000e+00 -4.5000000000e+00 -1.8000000000e+01
9.5643496670e-05 -1.5000000000e+00 -3.5000000000e+00 -1.8000000000e+01
1.1162398174e-04 -1.5000000000e+00 -3.0000000000e+00 -1.8000000000e+01
3.8009218885e-04 1.5000000000e+00 4.0000000000e+00 -1.7500000000e+01
4.1076430827e-04 -1.0000000000e+00 -2.0000000000e+00 -1.8000000000e+01
4.5308254091e-04 -1.0000000000e+00 -2.5000000000e+00 -1.8000000000e+01
2.6356527102e-04 -1.0000000000e+00 -1.5000000000e+00 -1.8000000000e+01
2.8563064598e-04 -1.0000000000e+00 -3.0000000000e+00 -1.8000000000e+01
1.1862617112e-04 -5.0000000000e-01 5.0000000000e-01 -1.8000000000e+01
4.5124257752e-04 -5.0000000000e-01 0.0000000000e+00 -1.8000000000e+01
9.5503071402e-04 -5.0000000000e-01 -5.0000000000e-01 -1.8000000000e+01
7.9237520853e-05 -1.0000000000e+00 -3.5000000000e+00 -1.8000000000e+01
9.1381749161e-04 -5.0000000000e-01 -1.0000000000e+00 -1.8000000000e+01
2.5647894970e-04 0.0000000000e+00 1.5000000000e+00 -1.8000000000e+01
7.2451966837e-04 0.0000000000e+00 1.0000000000e+00 -1.8000000000e+01
6.6407355186e-05 0.0000000000e+00 2.0000000000e+00 -1.8000000000e+01
3.6085352612e-04 5.0000000000e-01 2.0000000000e+00 -1.8000000000e+01
5.0628736927e-04 5.0000000000e-01 1.5000000000e+00 -1.8000000000e+01
3.6539402862e-04 0.0000000000e+00 0.0000000000e+00 -1.8000000000e+01
9.7890129163e-04 0.0000000000e+00 5.0000000000e-01 -1.8000000000e+01
1.8231920827e-04 1.0000000000e+00 2.5000000000e+00 -1.8000000000e+01
1.8133602971e-04 5.0000000000e-01 2.5000000000e+00 -1.8000000000e+01
8.9649491885e-05 5.0000000000e-01 3.0000000000e+00 -1.8000000000e+01
6.9615709408e-05 1.5000000000e+00 3.0000000000e+00 -1.8000000000e+01
1.3548217727e-04 1.0000000000e+00 3.0000000000e+00 -1.8000000000e+01
5.2478196262e-05 1.5000000000e+00 3.5000000000e+00 -1.8000000000e+01
6.5748002481e-05 -1.0000000000e+00 -3.0000000000e+00 -1.8500000000e+01
5.5423960143e-05 -5.0000000000e-01 -5.0000000000e-01 -1.8500000000e+01
1.1593695463e-04 -5.0000000000e-01 -1.0000000000e+00 -1.8500000000e+01
4.9438858190e-05 -1.0000000000e+00 -3.5000000000e+00 -1.8500000000e+01
1.3131177499e-04 -5.0000000000e-01 -1.5000000000e+00 -1.8500000000e+01
4.1045622435e-05 0.0000000000e+00 1.0000000000e+00 -1.8500000000e+01
8.7284910396e-05 0.0000000000e+00 5.0000000000e-01 -1.8500000000e+01
5.1014535543e-05 0.0000000000e+00 0.0000000000e+00 -1.8500000000e+01
4.3842228123e-05 -5.0000000000e-01 -2.0000000000e+00 -1.8500000000e+01
7.3311416789e-05 1.0000000000e+00 3.5000000000e+00 -1.8000000000e+01
5.9382973849e-05 1.5000000000e+00 2.5000000000e+00 -1.8000000000e+01
9.0597578423e-05 1.0000000000e+00 1.5000000000e+00 -1.8000000000e+01
1.9613587722e-04 1.0000000000e+00 2.0000000000e+00 -1.8000000000e+01
7.0976205227e-05 5.0000000000e-01 5.0000000000e-01 -1.8000000000e+01
3.5324228361e-04 5.0000000000e-01 1.0000000000e+00 -1.8000000000e+01
4.6510699584e-05 -5.0000000000e-01 -2.0000000000e+00 -1.8000000000e+01
4.0564983832e-04 -5.0000000000e-01 -1.5000000000e+00 -1.8000000000e+01
7.5424650858e-05 -1.0000000000e+00 -1.0000000000e+00 -1.8000000000e+01
6.5900733119e-04 1.0000000000e+00 3.5000000000e+00 -1.7500000000e+01
1.9805122859e-04 1.5000000000e+00 2.5000000000e+00 -1.7500000000e+01
7.7264929818e-04 1.0000000000e+00 2.0000000000e+00 -1.7500000000e+01
1.7473040688e-04 5.0000000000e-01 5.0000000000e-01 -1.7500000000e+01
1.0247825844e-03 5.0000000000e-01 1.0000000000e+00 -1.7500000000e+01
9.3609470400e-04 0.0000000000e+00 0.0000000000e+00 -1.7500000000e+01
1.3369276719e-03 -1.0000000000e+00 -2.5000000000e+00 -1.7500000000e+01
2.8024001703e-04 -1.5000000000e+00 -2.0000000000e+00 -1.7500000000e+01
1.4796561023e-03 1.5000000000e+00 4.0000000000e+00 -1.7000000000e+01
1.9706916062e-03 1.0000000000e+00 3.5000000000e+00 -1.7000000000e+01
3.5409061304e-04 1.5000000000e+00 2.5000000000e+00 -1.7000000000e+01
3.7405905054e-04 1.0000000000e+00 1.5000000000e+00 -1.7000000000e+01
1.5133939748e-03 1.0000000000e+00 2.0000000000e+00 -1.7000000000e+01
2.8166901603e-04 5.0000000000e-01 5.0000000000e-01 -1.7000000000e+01
6.6974064174e-04 -5.0000000000e-01 -1.5000000000e+00 -1.7000000000e+01
3.7398345543e-03 -5.0000000000e-01 -1.0000000000e+00 -1.7000000000e+01
2.1192777363e-03 -1.0000000000e+00 -2.5000000000e+00 -1.7000000000e+01
7.7984885190e-04 -1.5000000000e+00 -2.0000000000e+00 -1.7000000000e+01
3.3746391852e-03 1.0000000000e+00 3.5000000000e+00 -1.6500000000e+01
1.9224738156e-04 5.0000000000e-01 3.5000000000e+00 -1.6500000000e+01
4.5275027836e-04 1.5000000000e+00 2.5000000000e+00 -1.6500000000e+01
2.0883733224e-03 1.0000000000e+00 2.0000000000e+00 -1.6500000000e+01
3.3561994198e-04 5.0000000000e-01 5.0000000000e-01 -1.6500000000e+01
2.1921644852e-03 5.0000000000e-01 1.0000000000e+00 -1.6500000000e+01
5.2545728258e-04 -5.0000000000e-01 -1.5000000000e+00 -1.6500000000e+01
3.4160498350e-03 -1.0000000000e+00 -1.0000000000e+00 -1.6500000000e+01
3.9064938993e-03 1.5000000000e+00 4.0000000000e+00 -1.6000000000e+01
4.0457843203e-03 1.0000000000e+00 3.5000000000e+00 -1.6000000000e+01
4.7375228110e-04 1.5000000000e+00 2.5000000000e+00 -1.6000000000e+01
5.0051594378e-04 1.0000000000e+00 1.5000000000e+00 -1.6000000000e+01
2.2680942892e-03 1.0000000000e+00 2.0000000000e+00 -1.6000000000e+01
3.4342795911e-04 5.0000000000e-01 5.0000000000e-01 -1.6000000000e+01
4.9457915461e-03 5.0000000000e-01 1.5000000000e+00 -1.6000000000e+01
1.8169070462e-03 0.0000000000e+00 0.0000000000e+00 -1.6000000000e+01
6.5571135520e-03 0.0000000000e+00 5.0000000000e-01 -1.6000000000e+01
5.3769249889e-03 -1.0000000000e+00 -2.0000000000e+00 -1.6000000000e+01
6.3049047078e-03 -1.0000000000e+00 -1.5000000000e+00 -1.6000000000e+01
2.6016904310e-03 -1.5000000000e+00 -3.5000000000e+00 -1.6000000000e+01
1.0566959949e-03 -2.0000000000e+00 -3.0000000000e+00 -1.6000000000e+01
3.5105903654e-03 1.5000000000e+00 4.5000000000e+00 -1.5500000000e+01
1.6510355869e-03 2.0000000000e+00 4.0000000000e+00 -1.5500000000e+01
4.2407006325e-03 1.5000000000e+00 4.0000000000e+00 -1.5500000000e+01
1.8276734252e-03 1.0000000000e+00 4.0000000000e+00 -1.5500000000e+01
4.1081587160e-03 1.0000000000e+00 3.5000000000e+00 -1.5500000000e+01
4.7410733325e-04 1.5000000000e+00 2.5000000000e+00 -1.5500000000e+01
4.8466531697e-04 1.0000000000e+00 1.5000000000e+00 -1.5500000000e+01
2.2659287778e-03 1.0000000000e+00 2.0000000000e+00 -1.5500000000e+01
3.0252147162e-04 5.0000000000e-01 5.0000000000e-01 -1.5500000000e+01
2.1283344608e-03 5.0000000000e-01 1.0000000000e+00 -1.5500000000e+01
4.8302984233e-03 5.0000000000e-01 1.5000000000e+00 -1.5500000000e+01
1.5887337969e-03 0.0000000000e+00 0.0000000000e+00 -1.5500000000e+01
4.8544257094e-03 -1.0000000000e+00 -2.0000000000e+00 -1.5500000000e+01
2.2746870510e-04 -1.5000000000e+00 -1.5000000000e+00 -1.5500000000e+01
3.9352159117e-04 1.5000000000e+00 2.5000000000e+00 -1.5000000000e+01
8.4389318174e-04 5.0000000000e-01 3.0000000000e+00 -1.5000000000e+01
1.7923617021e-03 1.0000000000e+00 2.0000000000e+00 -1.5000000000e+01
1.4508553427e-03 5.0000000000e-01 1.0000000000e+00 -1.5000000000e+01
1.0163295812e-03 0.0000000000e+00 0.0000000000e+00 -1.5000000000e+01
3.2687277138e-03 1.5000000000e+00 4.0000000000e+00 -1.4500000000e+01
2.4657624831e-03 1.0000000000e+00 3.5000000000e+00 -1.4500000000e+01
2.2810124040e-04 1.5000000000e+00 2.5000000000e+00 -1.4500000000e+01
9.4855370374e-04 1.0000000000e+00 2.0000000000e+00 -1.4500000000e+01
9.0387114363e-05 5.0000000000e-01 5.0000000000e-01 -1.4500000000e+01
6.6766501427e-04 5.0000000000e-01 1.0000000000e+00 -1.4500000000e+01
1.7452524982e-03 5.0000000000e-01 1.5000000000e+00 -1.4500000000e+01
4.5140324556e-04 0.0000000000e+00 0.0000000000e+00 -1.4500000000e+01
1.8335220586e-03 0.0000000000e+00 5.0000000000e-01 -1.4500000000e+01
