0.000000
7.9611383961e-03 -1.1500000000e+01 -1.0000000000e+01 9.5000000000e+00
7.0256799756e-03 -1.1500000000e+01 -1.0000000000e+01 9.0000000000e+00
6.2001408170e-03 -1.1500000000e+01 -1.0500000000e+01 9.0000000000e+00
7.0256799756e-03 -1.1500000000e+01 -1.0500000000e+01 9.5000000000e+00
6.2001408170e-03 -1.2000000000e+01 -1.0000000000e+01 9.0000000000e+00
7.0256799756e-03 -1.1500000000e+01 -1.0000000000e+01 1.0000000000e+01
6.2001408170e-03 -1.1500000000e+01 -1.0500000000e+01 1.0000000000e+01
7.0256799756e-03 -1.2000000000e+01 -1.0000000000e+01 9.5000000000e+00
6.2001408170e-03 -1.1500000000e+01 -9.5000000000e+00 1.0000000000e+01
5.4716050666e-03 -1.1000000000e+01 -9.5000000000e+00 1.0000000000e+01
6.2001408170e-03 -1.1000000000e+01 -1.0000000000e+01 1.0000000000e+01
5.4716050666e-03 -1.1000000000e+01 -1.0500000000e+01 1.0000000000e+01
6.2001408170e-03 -1.1500000000e+01 -9.5000000000e+00 9.0000000000e+00
5.4716050666e-03 -1.2000000000e+01 -9.5000000000e+00 1.0000000000e+01
5.4716050666e-03 -1.1000000000e+01 -9.5000000000e+00 9.0000000000e+00
6.2001408170e-03 -1.1000000000e+01 -1.0000000000e+01 9.0000000000e+00
5.4716050666e-03 -1.1000000000e+01 -1.0500000000e+01 9.0000000000e+00
7.0256799756e-03 -1.1500000000e+01 -9.5000000000e+00 9.5000000000e+00
6.2001408170e-03 -1.1000000000e+01 -9.5000000000e+00 9.5000000000e+00
7.0256799756e-03 -1.1000000000e+01 -1.0000000000e+01 9.5000000000e+00
6.2001408170e-03 -1.1000000000e+01 -1.0500000000e+01 9.5000000000e+00
4.8286745235e-03 -1.1500000000e+01 -1.0000000000e+01 8.5000000000e+00
4.2612903106e-03 -1.1500000000e+01 -1.0500000000e+01 8.5000000000e+00
6.2001408170e-03 -1.2000000000e+01 -9.5000000000e+00 9.5000000000e+00
5.4716050666e-03 -1.2000000000e+01 -9.5000000000e+00 9.0000000000e+00
6.2001408170e-03 -1.2000000000e+01 -1.0000000000e+01 1.0000000000e+01
5.4716050666e-03 -1.2000000000e+01 -1.0500000000e+01 1.0000000000e+01
6.2001408170e-03 -1.2000000000e+01 -1.0500000000e+01 9.5000000000e+00
5.4716050666e-03 -1.2000000000e+01 -1.0500000000e+01 9.0000000000e+00
4.2612903106e-03 -1.1500000000e+01 -9.5000000000e+00 8.5000000000e+00
3.7605755001e-03 -1.1000000000e+01 -9.5000000000e+00 8.5000000000e+00
4.2612903106e-03 -1.1000000000e+01 -1.0000000000e+01 8.5000000000e+00
3.7605755001e-03 -1.1000000000e+01 -1.0500000000e+01 8.5000000000e+00
2.9287391443e-03 -1.1500000000e+01 -1.1000000000e+01 8.5000000000e+00
3.7605755001e-03 -1.2000000000e+01 -9.5000000000e+00 8.5000000000e+00
4.2612903106e-03 -1.2000000000e+01 -1.0000000000e+01 8.5000000000e+00
3.7605755001e-03 -1.2000000000e+01 -1.0500000000e+01 8.5000000000e+00
2.5846032233e-03 -1.1000000000e+01 -1.1000000000e+01 8.5000000000e+00
2.5846032233e-03 -1.2000000000e+01 -1.1000000000e+01 8.5000000000e+00
2.5846032233e-03 -1.2500000000e+01 -9.5000000000e+00 8.5000000000e+00
4.2612903106e-03 -1.1500000000e+01 -1.1000000000e+01 1.0000000000e+01
3.7605755001e-03 -1.1000000000e+01 -1.1000000000e+01 1.0000000000e+01
3.7605755001e-03 -1.2000000000e+01 -1.1000000000e+01 1.0000000000e+01
2.9287391443e-03 -1.2500000000e+01 -1.0000000000e+01 8.5000000000e+00
2.5846032233e-03 -1.2500000000e+01 -1.0500000000e+01 8.5000000000e+00
3.7605755001e-03 -1.2500000000e+01 -9.5000000000e+00 1.0000000000e+01
4.2612903106e-03 -1.1500000000e+01 -1.1000000000e+01 9.0000000000e+00
3.7605755001e-03 -1.1000000000e+01 -1.1000000000e+01 9.0000000000e+00
3.7605755001e-03 -1.2000000000e+01 -1.1000000000e+01 9.0000000000e+00
4.2612903106e-03 -1.2500000000e+01 -1.0000000000e+01 1.0000000000e+01
3.7605755001e-03 -1.2500000000e+01 -1.0500000000e+01 1.0000000000e+01
2.5846032233e-03 -1.2500000000e+01 -1.1000000000e+01 1.0000000000e+01
3.7605755001e-03 -1.2500000000e+01 -9.5000000000e+00 9.0000000000e+00
4.8286745235e-03 -1.1500000000e+01 -1.1000000000e+01 9.5000000000e+00
4.2612903106e-03 -1.1000000000e+01 -1.1000000000e+01 9.5000000000e+00
4.2612903106e-03 -1.2000000000e+01 -1.1000000000e+01 9.5000000000e+00
4.2612903106e-03 -1.2500000000e+01 -1.0000000000e+01 9.0000000000e+00
3.7605755001e-03 -1.2500000000e+01 -1.0500000000e+01 9.0000000000e+00
4.2612903106e-03 -1.2500000000e+01 -9.5000000000e+00 9.5000000000e+00
4.8286745235e-03 -1.1500000000e+01 -1.0000000000e+01 1.0500000000e+01
4.2612903106e-03 -1.1500000000e+01 -1.0500000000e+01 1.0500000000e+01
4.2612903106e-03 -1.1500000000e+01 -9.5000000000e+00 1.0500000000e+01
3.7605755001e-03 -1.1000000000e+01 -9.5000000000e+00 1.0500000000e+01
4.2612903106e-03 -1.1000000000e+01 -1.0000000000e+01 1.0500000000e+01
3.7605755001e-03 -1.1000000000e+01 -1.0500000000e+01 1.0500000000e+01
2.9287391443e-03 -1.1500000000e+01 -1.1000000000e+01 1.0500000000e+01
3.7605755001e-03 -1.2000000000e+01 -9.5000000000e+00 1.0500000000e+01
4.2612903106e-03 -1.2000000000e+01 -1.0000000000e+01 1.0500000000e+01
3.7605755001e-03 -1.2000000000e+01 -1.0500000000e+01 1.0500000000e+01
2.5846032233e-03 -1.1000000000e+01 -1.1000000000e+01 1.0500000000e+01
2.5846032233e-03 -1.2000000000e+01 -1.1000000000e+01 1.0500000000e+01
4.8286745235e-03 -1.2500000000e+01 -1.0000000000e+01 9.5000000000e+00
4.2612903106e-03 -1.2500000000e+01 -1.0500000000e+01 9.5000000000e+00
2.5846032233e-03 -1.2500000000e+01 -9.5000000000e+00 1.0500000000e+01
2.9287391443e-03 -1.1500000000e+01 -9.0000000000e+00 1.0500000000e+01
2.5846032233e-03 -1.1000000000e+01 -9.0000000000e+00 1.0500000000e+01
2.5846032233e-03 -1.2000000000e+01 -9.0000000000e+00 1.0500000000e+01
1.7763700853e-03 -1.0500000000e+01 -9.0000000000e+00 1.0500000000e+01
2.5846032233e-03 -1.0500000000e+01 -9.5000000000e+00 1.0500000000e+01
2.9287391443e-03 -1.0500000000e+01 -1.0000000000e+01 1.0500000000e+01
2.5846032233e-03 -1.0500000000e+01 -1.0500000000e+01 1.0500000000e+01
1.7763700853e-03 -1.0500000000e+01 -1.1000000000e+01 1.0500000000e+01
2.9287391443e-03 -1.1500000000e+01 -9.0000000000e+00 8.5000000000e+00
2.5846032233e-03 -1.1000000000e+01 -9.0000000000e+00 8.5000000000e+00
2.5846032233e-03 -1.2000000000e+01 -9.0000000000e+00 8.5000000000e+00
1.7763700853e-03 -1.2500000000e+01 -9.0000000000e+00 1.0500000000e+01
1.7763700853e-03 -1.0500000000e+01 -9.0000000000e+00 8.5000000000e+00
2.5846032233e-03 -1.0500000000e+01 -9.5000000000e+00 8.5000000000e+00
2.9287391443e-03 -1.0500000000e+01 -1.0000000000e+01 8.5000000000e+00
2.5846032233e-03 -1.0500000000e+01 -1.0500000000e+01 8.5000000000e+00
1.7763700853e-03 -1.0500000000e+01 -1.1000000000e+01 8.5000000000e+00
4.2612903106e-03 -1.1500000000e+01 -9.0000000000e+00 1.0000000000e+01
3.7605755001e-03 -1.1000000000e+01 -9.0000000000e+00 1.0000000000e+01
3.7605755001e-03 -1.2000000000e+01 -9.0000000000e+00 1.0000000000e+01
2.5846032233e-03 -1.0500000000e+01 -9.0000000000e+00 1.0000000000e+01
3.7605755001e-03 -1.0500000000e+01 -9.5000000000e+00 1.0000000000e+01
4.2612903106e-03 -1.0500000000e+01 -1.0000000000e+01 1.0000000000e+01
3.7605755001e-03 -1.0500000000e+01 -1.0500000000e+01 1.0000000000e+01
2.5846032233e-03 -1.0500000000e+01 -1.1000000000e+01 1.0000000000e+01
4.2612903106e-03 -1.1500000000e+01 -9.0000000000e+00 9.0000000000e+00
3.7605755001e-03 -1.1000000000e+01 -9.0000000000e+00 9.0000000000e+00
3.7605755001e-03 -1.2000000000e+01 -9.0000000000e+00 9.0000000000e+00
2.5846032233e-03 -1.2500000000e+01 -9.0000000000e+00 1.0000000000e+01
2.5846032233e-03 -1.0500000000e+01 -9.0000000000e+00 9.0000000000e+00
3.7605755001e-03 -1.0500000000e+01 -9.5000000000e+00 9.0000000000e+00
4.2612903106e-03 -1.0500000000e+01 -1.0000000000e+01 9.0000000000e+00
3.7605755001e-03 -1.0500000000e+01 -1.0500000000e+01 9.0000000000e+00
2.5846032233e-03 -1.0500000000e+01 -1.1000000000e+01 9.0000000000e+00
4.8286745235e-03 -1.1500000000e+01 -9.0000000000e+00 9.5000000000e+00
4.2612903106e-03 -1.1000000000e+01 -9.0000000000e+00 9.5000000000e+00
4.2612903106e-03 -1.2000000000e+01 -9.0000000000e+00 9.5000000000e+00
2.9287391443e-03 -1.0500000000e+01 -9.0000000000e+00 9.5000000000e+00
4.2612903106e-03 -1.0500000000e+01 -9.5000000000e+00 9.5000000000e+00
4.8286745235e-03 -1.0500000000e+01 -1.0000000000e+01 9.5000000000e+00
4.2612903106e-03 -1.0500000000e+01 -1.0500000000e+01 9.5000000000e+00
2.9287391443e-03 -1.0500000000e+01 -1.1000000000e+01 9.5000000000e+00
2.5846032233e-03 -1.1500000000e+01 -1.0000000000e+01 8.0000000000e+00
2.2809043390e-03 -1.1500000000e+01 -1.0500000000e+01 8.0000000000e+00
2.2809043390e-03 -1.1500000000e+01 -9.5000000000e+00 8.0000000000e+00
2.0128910142e-03 -1.1000000000e+01 -9.5000000000e+00 8.0000000000e+00
2.2809043390e-03 -1.1000000000e+01 -1.0000000000e+01 8.0000000000e+00
2.0128910142e-03 -1.1000000000e+01 -1.0500000000e+01 8.0000000000e+00
1.5676410981e-03 -1.1500000000e+01 -1.1000000000e+01 8.0000000000e+00
2.0128910142e-03 -1.2000000000e+01 -9.5000000000e+00 8.0000000000e+00
2.2809043390e-03 -1.2000000000e+01 -1.0000000000e+01 8.0000000000e+00
2.0128910142e-03 -1.2000000000e+01 -1.0500000000e+01 8.0000000000e+00
1.3834384135e-03 -1.1000000000e+01 -1.1000000000e+01 8.0000000000e+00
1.3834384135e-03 -1.2000000000e+01 -1.1000000000e+01 8.0000000000e+00
2.9287391443e-03 -1.2500000000e+01 -9.0000000000e+00 9.5000000000e+00
2.5846032233e-03 -1.2500000000e+01 -9.0000000000e+00 9.0000000000e+00
1.7763700853e-03 -1.2500000000e+01 -9.0000000000e+00 8.5000000000e+00
2.9287391443e-03 -1.2500000000e+01 -1.0000000000e+01 1.0500000000e+01
2.5846032233e-03 -1.2500000000e+01 -1.0500000000e+01 1.0500000000e+01
1.7763700853e-03 -1.2500000000e+01 -1.1000000000e+01 1.0500000000e+01
2.9287391443e-03 -1.2500000000e+01 -1.1000000000e+01 9.5000000000e+00
2.5846032233e-03 -1.2500000000e+01 -1.1000000000e+01 9.0000000000e+00
1.7763700853e-03 -1.2500000000e+01 -1.1000000000e+01 8.5000000000e+00
1.3834384135e-03 -1.2500000000e+01 -9.5000000000e+00 8.0000000000e+00
1.5676410981e-03 -1.1500000000e+01 -9.0000000000e+00 8.0000000000e+00
1.3834384135e-03 -1.1000000000e+01 -9.0000000000e+00 8.0000000000e+00
1.3834384135e-03 -1.2000000000e+01 -9.0000000000e+00 8.0000000000e+00
9.5082238943e-04 -1.0500000000e+01 -9.0000000000e+00 8.0000000000e+00
1.3834384135e-03 -1.0500000000e+01 -9.5000000000e+00 8.0000000000e+00
1.5676410981e-03 -1.0500000000e+01 -1.0000000000e+01 8.0000000000e+00
1.3834384135e-03 -1.0500000000e+01 -1.0500000000e+01 8.0000000000e+00
9.5082238943e-04 -1.0500000000e+01 -1.1000000000e+01 8.0000000000e+00
8.3909781358e-04 -1.1500000000e+01 -1.1500000000e+01 8.0000000000e+00
7.4050122145e-04 -1.1000000000e+01 -1.1500000000e+01 8.0000000000e+00
7.4050122145e-04 -1.2000000000e+01 -1.1500000000e+01 8.0000000000e+00
9.5082238943e-04 -1.2500000000e+01 -9.0000000000e+00 8.0000000000e+00
1.5676410981e-03 -1.2500000000e+01 -1.0000000000e+01 8.0000000000e+00
1.3834384135e-03 -1.2500000000e+01 -1.0500000000e+01 8.0000000000e+00
9.5082238943e-04 -1.2500000000e+01 -1.1000000000e+01 8.0000000000e+00
5.0893855044e-04 -1.0500000000e+01 -1.1500000000e+01 8.0000000000e+00
5.0893855044e-04 -1.2500000000e+01 -1.1500000000e+01 8.0000000000e+00
5.0893855044e-04 -1.3000000000e+01 -9.0000000000e+00 8.0000000000e+00
7.4050122145e-04 -1.3000000000e+01 -9.5000000000e+00 8.0000000000e+00
1.5676410981e-03 -1.1500000000e+01 -1.1500000000e+01 1.0500000000e+01
1.3834384135e-03 -1.1000000000e+01 -1.1500000000e+01 1.0500000000e+01
1.3834384135e-03 -1.2000000000e+01 -1.1500000000e+01 1.0500000000e+01
9.5082238943e-04 -1.0500000000e+01 -1.1500000000e+01 1.0500000000e+01
9.5082238943e-04 -1.2500000000e+01 -1.1500000000e+01 1.0500000000e+01
8.3909781358e-04 -1.3000000000e+01 -1.0000000000e+01 8.0000000000e+00
7.4050122145e-04 -1.3000000000e+01 -1.0500000000e+01 8.0000000000e+00
5.0893855044e-04 -1.3000000000e+01 -1.1000000000e+01 8.0000000000e+00
9.5082238943e-04 -1.3000000000e+01 -9.0000000000e+00 1.0500000000e+01
1.3834384135e-03 -1.3000000000e+01 -9.5000000000e+00 1.0500000000e+01
1.5676410981e-03 -1.1500000000e+01 -1.1500000000e+01 8.5000000000e+00
1.3834384135e-03 -1.1000000000e+01 -1.1500000000e+01 8.5000000000e+00
1.3834384135e-03 -1.2000000000e+01 -1.1500000000e+01 8.5000000000e+00
9.5082238943e-04 -1.0500000000e+01 -1.1500000000e+01 8.5000000000e+00
9.5082238943e-04 -1.2500000000e+01 -1.1500000000e+01 8.5000000000e+00
1.5676410981e-03 -1.3000000000e+01 -1.0000000000e+01 1.0500000000e+01
1.3834384135e-03 -1.3000000000e+01 -1.0500000000e+01 1.0500000000e+01
9.5082238943e-04 -1.3000000000e+01 -1.1000000000e+01 1.0500000000e+01
5.0893855044e-04 -1.3000000000e+01 -1.1500000000e+01 1.0500000000e+01
9.5082238943e-04 -1.3000000000e+01 -9.0000000000e+00 8.5000000000e+00
1.3834384135e-03 -1.3000000000e+01 -9.5000000000e+00 8.5000000000e+00
2.2809043390e-03 -1.1500000000e+01 -1.1500000000e+01 1.0000000000e+01
2.0128910142e-03 -1.1000000000e+01 -1.1500000000e+01 1.0000000000e+01
2.0128910142e-03 -1.2000000000e+01 -1.1500000000e+01 1.0000000000e+01
1.3834384135e-03 -1.0500000000e+01 -1.1500000000e+01 1.0000000000e+01
1.3834384135e-03 -1.2500000000e+01 -1.1500000000e+01 1.0000000000e+01
1.5676410981e-03 -1.3000000000e+01 -1.0000000000e+01 8.5000000000e+00
1.3834384135e-03 -1.3000000000e+01 -1.0500000000e+01 8.5000000000e+00
9.5082238943e-04 -1.3000000000e+01 -1.1000000000e+01 8.5000000000e+00
1.3834384135e-03 -1.3000000000e+01 -9.0000000000e+00 1.0000000000e+01
2.0128910142e-03 -1.3000000000e+01 -9.5000000000e+00 1.0000000000e+01
2.2809043390e-03 -1.1500000000e+01 -1.1500000000e+01 9.0000000000e+00
2.0128910142e-03 -1.1000000000e+01 -1.1500000000e+01 9.0000000000e+00
2.0128910142e-03 -1.2000000000e+01 -1.1500000000e+01 9.0000000000e+00
1.3834384135e-03 -1.0500000000e+01 -1.1500000000e+01 9.0000000000e+00
1.3834384135e-03 -1.2500000000e+01 -1.1500000000e+01 9.0000000000e+00
2.2809043390e-03 -1.3000000000e+01 -1.0000000000e+01 1.0000000000e+01
2.0128910142e-03 -1.3000000000e+01 -1.0500000000e+01 1.0000000000e+01
1.3834384135e-03 -1.3000000000e+01 -1.1000000000e+01 1.0000000000e+01
7.4050122145e-04 -1.3000000000e+01 -1.1500000000e+01 1.0000000000e+01
1.3834384135e-03 -1.3000000000e+01 -9.0000000000e+00 9.0000000000e+00
2.0128910142e-03 -1.3000000000e+01 -9.5000000000e+00 9.0000000000e+00
2.5846032233e-03 -1.1500000000e+01 -1.1500000000e+01 9.5000000000e+00
2.2809043390e-03 -1.1000000000e+01 -1.1500000000e+01 9.5000000000e+00
2.2809043390e-03 -1.2000000000e+01 -1.1500000000e+01 9.5000000000e+00
1.5676410981e-03 -1.0500000000e+01 -1.1500000000e+01 9.5000000000e+00
1.5676410981e-03 -1.2500000000e+01 -1.1500000000e+01 9.5000000000e+00
2.2809043390e-03 -1.3000000000e+01 -1.0000000000e+01 9.0000000000e+00
2.0128910142e-03 -1.3000000000e+01 -1.0500000000e+01 9.0000000000e+00
1.3834384135e-03 -1.3000000000e+01 -1.1000000000e+01 9.0000000000e+00
1.5676410981e-03 -1.3000000000e+01 -9.0000000000e+00 9.5000000000e+00
2.2809043390e-03 -1.3000000000e+01 -9.5000000000e+00 9.5000000000e+00
2.5846032233e-03 -1.1500000000e+01 -1.0000000000e+01 1.1000000000e+01
2.2809043390e-03 -1.1500000000e+01 -1.0500000000e+01 1.1000000000e+01
2.2809043390e-03 -1.1500000000e+01 -9.5000000000e+00 1.1000000000e+01
2.0128910142e-03 -1.1000000000e+01 -9.5000000000e+00 1.1000000000e+01
2.2809043390e-03 -1.1000000000e+01 -1.0000000000e+01 1.1000000000e+01
2.0128910142e-03 -1.1000000000e+01 -1.0500000000e+01 1.1000000000e+01
1.5676410981e-03 -1.1500000000e+01 -1.1000000000e+01 1.1000000000e+01
2.0128910142e-03 -1.2000000000e+01 -9.5000000000e+00 1.1000000000e+01
2.2809043390e-03 -1.2000000000e+01 -1.0000000000e+01 1.1000000000e+01
2.0128910142e-03 -1.2000000000e+01 -1.0500000000e+01 1.1000000000e+01
1.3834384135e-03 -1.1000000000e+01 -1.1000000000e+01 1.1000000000e+01
1.3834384135e-03 -1.2000000000e+01 -1.1000000000e+01 1.1000000000e+01
1.3834384135e-03 -1.2500000000e+01 -9.5000000000e+00 1.1000000000e+01
1.5676410981e-03 -1.1500000000e+01 -9.0000000000e+00 1.1000000000e+01
1.3834384135e-03 -1.1000000000e+01 -9.0000000000e+00 1.1000000000e+01
1.3834384135e-03 -1.2000000000e+01 -9.0000000000e+00 1.1000000000e+01
9.5082238943e-04 -1.0500000000e+01 -9.0000000000e+00 1.1000000000e+01
1.3834384135e-03 -1.0500000000e+01 -9.5000000000e+00 1.1000000000e+01
1.5676410981e-03 -1.0500000000e+01 -1.0000000000e+01 1.1000000000e+01
1.3834384135e-03 -1.0500000000e+01 -1.0500000000e+01 1.1000000000e+01
9.5082238943e-04 -1.0500000000e+01 -1.1000000000e+01 1.1000000000e+01
8.3909781358e-04 -1.1500000000e+01 -1.1500000000e+01 1.1000000000e+01
7.4050122145e-04 -1.1000000000e+01 -1.1500000000e+01 1.1000000000e+01
7.4050122145e-04 -1.2000000000e+01 -1.1500000000e+01 1.1000000000e+01
9.5082238943e-04 -1.2500000000e+01 -9.0000000000e+00 1.1000000000e+01
1.5676410981e-03 -1.2500000000e+01 -1.0000000000e+01 1.1000000000e+01
1.3834384135e-03 -1.2500000000e+01 -1.0500000000e+01 1.1000000000e+01
9.5082238943e-04 -1.2500000000e+01 -1.1000000000e+01 1.1000000000e+01
5.0893855044e-04 -1.0500000000e+01 -1.1500000000e+01 1.1000000000e+01
5.0893855044e-04 -1.2500000000e+01 -1.1500000000e+01 1.1000000000e+01
2.5846032233e-03 -1.3000000000e+01 -1.0000000000e+01 9.5000000000e+00
2.2809043390e-03 -1.3000000000e+01 -1.0500000000e+01 9.5000000000e+00
1.5676410981e-03 -1.3000000000e+01 -1.1000000000e+01 9.5000000000e+00
5.0893855044e-04 -1.3000000000e+01 -9.0000000000e+00 1.1000000000e+01
7.4050122145e-04 -1.3000000000e+01 -9.5000000000e+00 1.1000000000e+01
8.3909781358e-04 -1.1500000000e+01 -8.5000000000e+00 1.1000000000e+01
7.4050122145e-04 -1.1000000000e+01 -8.5000000000e+00 1.1000000000e+01
7.4050122145e-04 -1.2000000000e+01 -8.5000000000e+00 1.1000000000e+01
5.0893855044e-04 -1.0500000000e+01 -8.5000000000e+00 1.1000000000e+01
5.0893855044e-04 -1.2500000000e+01 -8.5000000000e+00 1.1000000000e+01
2.7241517553e-04 -1.0000000000e+01 -8.5000000000e+00 1.1000000000e+01
5.0893855044e-04 -1.0000000000e+01 -9.0000000000e+00 1.1000000000e+01
7.4050122145e-04 -1.0000000000e+01 -9.5000000000e+00 1.1000000000e+01
8.3909781358e-04 -1.0000000000e+01 -1.0000000000e+01 1.1000000000e+01
7.4050122145e-04 -1.0000000000e+01 -1.0500000000e+01 1.1000000000e+01
5.0893855044e-04 -1.0000000000e+01 -1.1000000000e+01 1.1000000000e+01
2.7241517553e-04 -1.0000000000e+01 -1.1500000000e+01 1.1000000000e+01
8.3909781358e-04 -1.1500000000e+01 -8.5000000000e+00 8.0000000000e+00
7.4050122145e-04 -1.1000000000e+01 -8.5000000000e+00 8.0000000000e+00
7.4050122145e-04 -1.2000000000e+01 -8.5000000000e+00 8.0000000000e+00
5.0893855044e-04 -1.0500000000e+01 -8.5000000000e+00 8.0000000000e+00
5.0893855044e-04 -1.2500000000e+01 -8.5000000000e+00 8.0000000000e+00
2.7241517553e-04 -1.3000000000e+01 -8.5000000000e+00 1.1000000000e+01
2.7241517553e-04 -1.0000000000e+01 -8.5000000000e+00 8.0000000000e+00
5.0893855044e-04 -1.0000000000e+01 -9.0000000000e+00 8.0000000000e+00
7.4050122145e-04 -1.0000000000e+01 -9.5000000000e+00 8.0000000000e+00
8.3909781358e-04 -1.0000000000e+01 -1.0000000000e+01 8.0000000000e+00
7.4050122145e-04 -1.0000000000e+01 -1.0500000000e+01 8.0000000000e+00
5.0893855044e-04 -1.0000000000e+01 -1.1000000000e+01 8.0000000000e+00
2.7241517553e-04 -1.0000000000e+01 -1.1500000000e+01 8.0000000000e+00
1.5676410981e-03 -1.1500000000e+01 -8.5000000000e+00 1.0500000000e+01
1.3834384135e-03 -1.1000000000e+01 -8.5000000000e+00 1.0500000000e+01
1.3834384135e-03 -1.2000000000e+01 -8.5000000000e+00 1.0500000000e+01
9.5082238943e-04 -1.0500000000e+01 -8.5000000000e+00 1.0500000000e+01
9.5082238943e-04 -1.2500000000e+01 -8.5000000000e+00 1.0500000000e+01
5.0893855044e-04 -1.0000000000e+01 -8.5000000000e+00 1.0500000000e+01
9.5082238943e-04 -1.0000000000e+01 -9.0000000000e+00 1.0500000000e+01
1.3834384135e-03 -1.0000000000e+01 -9.5000000000e+00 1.0500000000e+01
1.5676410981e-03 -1.0000000000e+01 -1.0000000000e+01 1.0500000000e+01
1.3834384135e-03 -1.0000000000e+01 -1.0500000000e+01 1.0500000000e+01
9.5082238943e-04 -1.0000000000e+01 -1.1000000000e+01 1.0500000000e+01
5.0893855044e-04 -1.0000000000e+01 -1.1500000000e+01 1.0500000000e+01
1.5676410981e-03 -1.1500000000e+01 -8.5000000000e+00 8.5000000000e+00
1.3834384135e-03 -1.1000000000e+01 -8.5000000000e+00 8.5000000000e+00
1.3834384135e-03 -1.2000000000e+01 -8.5000000000e+00 8.5000000000e+00
9.5082238943e-04 -1.0500000000e+01 -8.5000000000e+00 8.5000000000e+00
9.5082238943e-04 -1.2500000000e+01 -8.5000000000e+00 8.5000000000e+00
5.0893855044e-04 -1.3000000000e+01 -8.5000000000e+00 1.0500000000e+01
5.0893855044e-04 -1.0000000000e+01 -8.5000000000e+00 8.5000000000e+00
9.5082238943e-04 -1.0000000000e+01 -9.0000000000e+00 8.5000000000e+00
1.3834384135e-03 -1.0000000000e+01 -9.5000000000e+00 8.5000000000e+00
1.5676410981e-03 -1.0000000000e+01 -1.0000000000e+01 8.5000000000e+00
1.3834384135e-03 -1.0000000000e+01 -1.0500000000e+01 8.5000000000e+00
9.5082238943e-04 -1.0000000000e+01 -1.1000000000e+01 8.5000000000e+00
5.0893855044e-04 -1.0000000000e+01 -1.1500000000e+01 8.5000000000e+00
2.2809043390e-03 -1.1500000000e+01 -8.5000000000e+00 1.0000000000e+01
2.0128910142e-03 -1.1000000000e+01 -8.5000000000e+00 1.0000000000e+01
2.0128910142e-03 -1.2000000000e+01 -8.5000000000e+00 1.0000000000e+01
1.3834384135e-03 -1.0500000000e+01 -8.5000000000e+00 1.0000000000e+01
1.3834384135e-03 -1.2500000000e+01 -8.5000000000e+00 1.0000000000e+01
7.4050122145e-04 -1.0000000000e+01 -8.5000000000e+00 1.0000000000e+01
1.3834384135e-03 -1.0000000000e+01 -9.0000000000e+00 1.0000000000e+01
2.0128910142e-03 -1.0000000000e+01 -9.5000000000e+00 1.0000000000e+01
2.2809043390e-03 -1.0000000000e+01 -1.0000000000e+01 1.0000000000e+01
2.0128910142e-03 -1.0000000000e+01 -1.0500000000e+01 1.0000000000e+01
1.3834384135e-03 -1.0000000000e+01 -1.1000000000e+01 1.0000000000e+01
7.4050122145e-04 -1.0000000000e+01 -1.1500000000e+01 1.0000000000e+01
2.2809043390e-03 -1.1500000000e+01 -8.5000000000e+00 9.0000000000e+00
2.0128910142e-03 -1.1000000000e+01 -8.5000000000e+00 9.0000000000e+00
2.0128910142e-03 -1.2000000000e+01 -8.5000000000e+00 9.0000000000e+00
1.3834384135e-03 -1.0500000000e+01 -8.5000000000e+00 9.0000000000e+00
1.3834384135e-03 -1.2500000000e+01 -8.5000000000e+00 9.0000000000e+00
7.4050122145e-04 -1.3000000000e+01 -8.5000000000e+00 1.0000000000e+01
7.4050122145e-04 -1.0000000000e+01 -8.5000000000e+00 9.0000000000e+00
1.3834384135e-03 -1.0000000000e+01 -9.0000000000e+00 9.0000000000e+00
2.0128910142e-03 -1.0000000000e+01 -9.5000000000e+00 9.0000000000e+00
2.2809043390e-03 -1.0000000000e+01 -1.0000000000e+01 9.0000000000e+00
2.0128910142e-03 -1.0000000000e+01 -1.0500000000e+01 9.0000000000e+00
1.3834384135e-03 -1.0000000000e+01 -1.1000000000e+01 9.0000000000e+00
7.4050122145e-04 -1.0000000000e+01 -1.1500000000e+01 9.0000000000e+00
2.5846032233e-03 -1.1500000000e+01 -8.5000000000e+00 9.5000000000e+00
2.2809043390e-03 -1.1000000000e+01 -8.5000000000e+00 9.5000000000e+00
2.2809043390e-03 -1.2000000000e+01 -8.5000000000e+00 9.5000000000e+00
1.5676410981e-03 -1.0500000000e+01 -8.5000000000e+00 9.5000000000e+00
1.5676410981e-03 -1.2500000000e+01 -8.5000000000e+00 9.5000000000e+00
8.3909781358e-04 -1.0000000000e+01 -8.5000000000e+00 9.5000000000e+00
1.5676410981e-03 -1.0000000000e+01 -9.0000000000e+00 9.5000000000e+00
2.2809043390e-03 -1.0000000000e+01 -9.5000000000e+00 9.5000000000e+00
2.5846032233e-03 -1.0000000000e+01 -1.0000000000e+01 9.5000000000e+00
2.2809043390e-03 -1.0000000000e+01 -1.0500000000e+01 9.5000000000e+00
1.5676410981e-03 -1.0000000000e+01 -1.1000000000e+01 9.5000000000e+00
8.3909781358e-04 -1.0000000000e+01 -1.1500000000e+01 9.5000000000e+00
1.0774229197e-03 -1.1500000000e+01 -1.0000000000e+01 7.5000000000e+00
9.5082238943e-04 -1.1500000000e+01 -1.0500000000e+01 7.5000000000e+00
9.5082238943e-04 -1.1500000000e+01 -9.5000000000e+00 7.5000000000e+00
8.3909781358e-04 -1.1000000000e+01 -9.5000000000e+00 7.5000000000e+00
9.5082238943e-04 -1.1000000000e+01 -1.0000000000e+01 7.5000000000e+00
8.3909781358e-04 -1.1000000000e+01 -1.0500000000e+01 7.5000000000e+00
6.5349003429e-04 -1.1500000000e+01 -1.1000000000e+01 7.5000000000e+00
8.3909781358e-04 -1.2000000000e+01 -9.5000000000e+00 7.5000000000e+00
9.5082238943e-04 -1.2000000000e+01 -1.0000000000e+01 7.5000000000e+00
8.3909781358e-04 -1.2000000000e+01 -1.0500000000e+01 7.5000000000e+00
5.7670293113e-04 -1.1000000000e+01 -1.1000000000e+01 7.5000000000e+00
5.7670293113e-04 -1.2000000000e+01 -1.1000000000e+01 7.5000000000e+00
5.7670293113e-04 -1.2500000000e+01 -9.5000000000e+00 7.5000000000e+00
6.5349003429e-04 -1.1500000000e+01 -9.0000000000e+00 7.5000000000e+00
5.7670293113e-04 -1.1000000000e+01 -9.0000000000e+00 7.5000000000e+00
5.7670293113e-04 -1.2000000000e+01 -9.0000000000e+00 7.5000000000e+00
3.9636174161e-04 -1.0500000000e+01 -9.0000000000e+00 7.5000000000e+00
5.7670293113e-04 -1.0500000000e+01 -9.5000000000e+00 7.5000000000e+00
6.5349003429e-04 -1.0500000000e+01 -1.0000000000e+01 7.5000000000e+00
5.7670293113e-04 -1.0500000000e+01 -1.0500000000e+01 7.5000000000e+00
3.9636174161e-04 -1.0500000000e+01 -1.1000000000e+01 7.5000000000e+00
3.4978800928e-04 -1.1500000000e+01 -1.1500000000e+01 7.5000000000e+00
3.0868683475e-04 -1.1000000000e+01 -1.1500000000e+01 7.5000000000e+00
3.0868683475e-04 -1.2000000000e+01 -1.1500000000e+01 7.5000000000e+00
3.9636174161e-04 -1.2500000000e+01 -9.0000000000e+00 7.5000000000e+00
6.5349003429e-04 -1.2500000000e+01 -1.0000000000e+01 7.5000000000e+00
5.7670293113e-04 -1.2500000000e+01 -1.0500000000e+01 7.5000000000e+00
3.9636174161e-04 -1.2500000000e+01 -1.1000000000e+01 7.5000000000e+00
2.1215715203e-04 -1.0500000000e+01 -1.1500000000e+01 7.5000000000e+00
2.1215715203e-04 -1.2500000000e+01 -1.1500000000e+01 7.5000000000e+00
8.3909781358e-04 -1.3000000000e+01 -8.5000000000e+00 9.5000000000e+00
7.4050122145e-04 -1.3000000000e+01 -8.5000000000e+00 9.0000000000e+00
5.0893855044e-04 -1.3000000000e+01 -8.5000000000e+00 8.5000000000e+00
2.7241517553e-04 -1.3000000000e+01 -8.5000000000e+00 8.0000000000e+00
8.3909781358e-04 -1.3000000000e+01 -1.0000000000e+01 1.1000000000e+01
7.4050122145e-04 -1.3000000000e+01 -1.0500000000e+01 1.1000000000e+01
5.0893855044e-04 -1.3000000000e+01 -1.1000000000e+01 1.1000000000e+01
2.7241517553e-04 -1.3000000000e+01 -1.1500000000e+01 1.1000000000e+01
8.3909781358e-04 -1.3000000000e+01 -1.1500000000e+01 9.5000000000e+00
7.4050122145e-04 -1.3000000000e+01 -1.1500000000e+01 9.0000000000e+00
5.0893855044e-04 -1.3000000000e+01 -1.1500000000e+01 8.5000000000e+00
2.7241517553e-04 -1.3000000000e+01 -1.1500000000e+01 8.0000000000e+00
2.1215715203e-04 -1.3000000000e+01 -9.0000000000e+00 7.5000000000e+00
3.0868683475e-04 -1.3000000000e+01 -9.5000000000e+00 7.5000000000e+00
3.4978800928e-04 -1.1500000000e+01 -8.5000000000e+00 7.5000000000e+00
3.0868683475e-04 -1.1000000000e+01 -8.5000000000e+00 7.5000000000e+00
3.0868683475e-04 -1.2000000000e+01 -8.5000000000e+00 7.5000000000e+00
2.1215715203e-04 -1.0500000000e+01 -8.5000000000e+00 7.5000000000e+00
2.1215715203e-04 -1.2500000000e+01 -8.5000000000e+00 7.5000000000e+00
1.1355954026e-04 -1.0000000000e+01 -8.5000000000e+00 7.5000000000e+00
2.1215715203e-04 -1.0000000000e+01 -9.0000000000e+00 7.5000000000e+00
3.0868683475e-04 -1.0000000000e+01 -9.5000000000e+00 7.5000000000e+00
3.4978800928e-04 -1.0000000000e+01 -1.0000000000e+01 7.5000000000e+00
3.0868683475e-04 -1.0000000000e+01 -1.0500000000e+01 7.5000000000e+00
2.1215715203e-04 -1.0000000000e+01 -1.1000000000e+01 7.5000000000e+00
1.1355954026e-04 -1.0000000000e+01 -1.1500000000e+01 7.5000000000e+00
1.4581333601e-04 -1.1500000000e+01 -1.2000000000e+01 7.5000000000e+00
1.2867981738e-04 -1.1000000000e+01 -1.2000000000e+01 7.5000000000e+00
1.2867981738e-04 -1.2000000000e+01 -1.2000000000e+01 7.5000000000e+00
8.8440258883e-05 -1.0500000000e+01 -1.2000000000e+01 7.5000000000e+00
8.8440258883e-05 -1.2500000000e+01 -1.2000000000e+01 7.5000000000e+00
1.1355954026e-04 -1.3000000000e+01 -8.5000000000e+00 7.5000000000e+00
3.4978800928e-04 -1.3000000000e+01 -1.0000000000e+01 7.5000000000e+00
3.0868683475e-04 -1.3000000000e+01 -1.0500000000e+01 7.5000000000e+00
2.1215715203e-04 -1.3000000000e+01 -1.1000000000e+01 7.5000000000e+00
1.1355954026e-04 -1.3000000000e+01 -1.1500000000e+01 7.5000000000e+00
4.7338659308e-05 -1.0000000000e+01 -1.2000000000e+01 7.5000000000e+00
4.7338659308e-05 -1.3000000000e+01 -1.2000000000e+01 7.5000000000e+00
4.7338659308e-05 -1.3500000000e+01 -8.5000000000e+00 7.5000000000e+00
8.8440258883e-05 -1.3500000000e+01 -9.0000000000e+00 7.5000000000e+00
1.2867981738e-04 -1.3500000000e+01 -9.5000000000e+00 7.5000000000e+00
3.4978800928e-04 -1.1500000000e+01 -1.2000000000e+01 1.1000000000e+01
3.0868683475e-04 -1.1000000000e+01 -1.2000000000e+01 1.1000000000e+01
3.0868683475e-04 -1.2000000000e+01 -1.2000000000e+01 1.1000000000e+01
2.1215715203e-04 -1.0500000000e+01 -1.2000000000e+01 1.1000000000e+01
2.1215715203e-04 -1.2500000000e+01 -1.2000000000e+01 1.1000000000e+01
1.1355954026e-04 -1.0000000000e+01 -1.2000000000e+01 1.1000000000e+01
1.1355954026e-04 -1.3000000000e+01 -1.2000000000e+01 1.1000000000e+01
1.4581333601e-04 -1.3500000000e+01 -1.0000000000e+01 7.5000000000e+00
1.2867981738e-04 -1.3500000000e+01 -1.0500000000e+01 7.5000000000e+00
8.8440258883e-05 -1.3500000000e+01 -1.1000000000e+01 7.5000000000e+00
4.7338659308e-05 -1.3500000000e+01 -1.1500000000e+01 7.5000000000e+00
1.1355954026e-04 -1.3500000000e+01 -8.5000000000e+00 1.1000000000e+01
2.1215715203e-04 -1.3500000000e+01 -9.0000000000e+00 1.1000000000e+01
3.0868683475e-04 -1.3500000000e+01 -9.5000000000e+00 1.1000000000e+01
3.4978800928e-04 -1.1500000000e+01 -1.2000000000e+01 8.0000000000e+00
3.0868683475e-04 -1.1000000000e+01 -1.2000000000e+01 8.0000000000e+00
3.0868683475e-04 -1.2000000000e+01 -1.2000000000e+01 8.0000000000e+00
2.1215715203e-04 -1.0500000000e+01 -1.2000000000e+01 8.0000000000e+00
2.1215715203e-04 -1.2500000000e+01 -1.2000000000e+01 8.0000000000e+00
1.1355954026e-04 -1.0000000000e+01 -1.2000000000e+01 8.0000000000e+00
1.1355954026e-04 -1.3000000000e+01 -1.2000000000e+01 8.0000000000e+00
3.4978800928e-04 -1.3500000000e+01 -1.0000000000e+01 1.1000000000e+01
3.0868683475e-04 -1.3500000000e+01 -1.0500000000e+01 1.1000000000e+01
2.1215715203e-04 -1.3500000000e+01 -1.1000000000e+01 1.1000000000e+01
1.1355954026e-04 -1.3500000000e+01 -1.1500000000e+01 1.1000000000e+01
4.7338659308e-05 -1.3500000000e+01 -1.2000000000e+01 1.1000000000e+01
1.1355954026e-04 -1.3500000000e+01 -8.5000000000e+00 8.0000000000e+00
2.1215715203e-04 -1.3500000000e+01 -9.0000000000e+00 8.0000000000e+00
3.0868683475e-04 -1.3500000000e+01 -9.5000000000e+00 8.0000000000e+00
6.5349003429e-04 -1.1500000000e+01 -1.2000000000e+01 1.0500000000e+01
5.7670293113e-04 -1.1000000000e+01 -1.2000000000e+01 1.0500000000e+01
5.7670293113e-04 -1.2000000000e+01 -1.2000000000e+01 1.0500000000e+01
3.9636174161e-04 -1.0500000000e+01 -1.2000000000e+01 1.0500000000e+01
3.9636174161e-04 -1.2500000000e+01 -1.2000000000e+01 1.0500000000e+01
2.1215715203e-04 -1.0000000000e+01 -1.2000000000e+01 1.0500000000e+01
2.1215715203e-04 -1.3000000000e+01 -1.2000000000e+01 1.0500000000e+01
3.4978800928e-04 -1.3500000000e+01 -1.0000000000e+01 8.0000000000e+00
3.0868683475e-04 -1.3500000000e+01 -1.0500000000e+01 8.0000000000e+00
2.1215715203e-04 -1.3500000000e+01 -1.1000000000e+01 8.0000000000e+00
1.1355954026e-04 -1.3500000000e+01 -1.1500000000e+01 8.0000000000e+00
2.1215715203e-04 -1.3500000000e+01 -8.5000000000e+00 1.0500000000e+01
3.9636174161e-04 -1.3500000000e+01 -9.0000000000e+00 1.0500000000e+01
5.7670293113e-04 -1.3500000000e+01 -9.5000000000e+00 1.0500000000e+01
6.5349003429e-04 -1.1500000000e+01 -1.2000000000e+01 8.5000000000e+00
5.7670293113e-04 -1.1000000000e+01 -1.2000000000e+01 8.5000000000e+00
5.7670293113e-04 -1.2000000000e+01 -1.2000000000e+01 8.5000000000e+00
3.9636174161e-04 -1.0500000000e+01 -1.2000000000e+01 8.5000000000e+00
3.9636174161e-04 -1.2500000000e+01 -1.2000000000e+01 8.5000000000e+00
2.1215715203e-04 -1.0000000000e+01 -1.2000000000e+01 8.5000000000e+00
2.1215715203e-04 -1.3000000000e+01 -1.2000000000e+01 8.5000000000e+00
6.5349003429e-04 -1.3500000000e+01 -1.0000000000e+01 1.0500000000e+01
5.7670293113e-04 -1.3500000000e+01 -1.0500000000e+01 1.0500000000e+01
3.9636174161e-04 -1.3500000000e+01 -1.1000000000e+01 1.0500000000e+01
2.1215715203e-04 -1.3500000000e+01 -1.1500000000e+01 1.0500000000e+01
8.8440258883e-05 -1.3500000000e+01 -1.2000000000e+01 1.0500000000e+01
2.1215715203e-04 -1.3500000000e+01 -8.5000000000e+00 8.5000000000e+00
3.9636174161e-04 -1.3500000000e+01 -9.0000000000e+00 8.5000000000e+00
5.7670293113e-04 -1.3500000000e+01 -9.5000000000e+00 8.5000000000e+00
9.5082238943e-04 -1.1500000000e+01 -1.2000000000e+01 1.0000000000e+01
8.3909781358e-04 -1.1000000000e+01 -1.2000000000e+01 1.0000000000e+01
8.3909781358e-04 -1.2000000000e+01 -1.2000000000e+01 1.0000000000e+01
5.7670293113e-04 -1.0500000000e+01 -1.2000000000e+01 1.0000000000e+01
5.7670293113e-04 -1.2500000000e+01 -1.2000000000e+01 1.0000000000e+01
3.0868683475e-04 -1.0000000000e+01 -1.2000000000e+01 1.0000000000e+01
3.0868683475e-04 -1.3000000000e+01 -1.2000000000e+01 1.0000000000e+01
6.5349003429e-04 -1.3500000000e+01 -1.0000000000e+01 8.5000000000e+00
5.7670293113e-04 -1.3500000000e+01 -1.0500000000e+01 8.5000000000e+00
3.9636174161e-04 -1.3500000000e+01 -1.1000000000e+01 8.5000000000e+00
2.1215715203e-04 -1.3500000000e+01 -1.1500000000e+01 8.5000000000e+00
3.0868683475e-04 -1.3500000000e+01 -8.5000000000e+00 1.0000000000e+01
5.7670293113e-04 -1.3500000000e+01 -9.0000000000e+00 1.0000000000e+01
8.3909781358e-04 -1.3500000000e+01 -9.5000000000e+00 1.0000000000e+01
9.5082238943e-04 -1.1500000000e+01 -1.2000000000e+01 9.0000000000e+00
8.3909781358e-04 -1.1000000000e+01 -1.2000000000e+01 9.0000000000e+00
8.3909781358e-04 -1.2000000000e+01 -1.2000000000e+01 9.0000000000e+00
5.7670293113e-04 -1.0500000000e+01 -1.2000000000e+01 9.0000000000e+00
5.7670293113e-04 -1.2500000000e+01 -1.2000000000e+01 9.0000000000e+00
3.0868683475e-04 -1.0000000000e+01 -1.2000000000e+01 9.0000000000e+00
3.0868683475e-04 -1.3000000000e+01 -1.2000000000e+01 9.0000000000e+00
9.5082238943e-04 -1.3500000000e+01 -1.0000000000e+01 1.0000000000e+01
8.3909781358e-04 -1.3500000000e+01 -1.0500000000e+01 1.0000000000e+01
5.7670293113e-04 -1.3500000000e+01 -1.1000000000e+01 1.0000000000e+01
3.0868683475e-04 -1.3500000000e+01 -1.1500000000e+01 1.0000000000e+01
1.2867981738e-04 -1.3500000000e+01 -1.2000000000e+01 1.0000000000e+01
3.0868683475e-04 -1.3500000000e+01 -8.5000000000e+00 9.0000000000e+00
5.7670293113e-04 -1.3500000000e+01 -9.0000000000e+00 9.0000000000e+00
8.3909781358e-04 -1.3500000000e+01 -9.5000000000e+00 9.0000000000e+00
1.0774229197e-03 -1.1500000000e+01 -1.2000000000e+01 9.5000000000e+00
9.5082238943e-04 -1.1000000000e+01 -1.2000000000e+01 9.5000000000e+00
9.5082238943e-04 -1.2000000000e+01 -1.2000000000e+01 9.5000000000e+00
6.5349003429e-04 -1.0500000000e+01 -1.2000000000e+01 9.5000000000e+00
6.5349003429e-04 -1.2500000000e+01 -1.2000000000e+01 9.5000000000e+00
3.4978800928e-04 -1.0000000000e+01 -1.2000000000e+01 9.5000000000e+00
3.4978800928e-04 -1.3000000000e+01 -1.2000000000e+01 9.5000000000e+00
9.5082238943e-04 -1.3500000000e+01 -1.0000000000e+01 9.0000000000e+00
8.3909781358e-04 -1.3500000000e+01 -1.0500000000e+01 9.0000000000e+00
5.7670293113e-04 -1.3500000000e+01 -1.1000000000e+01 9.0000000000e+00
3.0868683475e-04 -1.3500000000e+01 -1.1500000000e+01 9.0000000000e+00
3.4978800928e-04 -1.3500000000e+01 -8.5000000000e+00 9.5000000000e+00
6.5349003429e-04 -1.3500000000e+01 -9.0000000000e+00 9.5000000000e+00
9.5082238943e-04 -1.3500000000e+01 -9.5000000000e+00 9.5000000000e+00
1.0774229197e-03 -1.1500000000e+01 -1.0000000000e+01 1.1500000000e+01
9.5082238943e-04 -1.1500000000e+01 -1.0500000000e+01 1.1500000000e+01
9.5082238943e-04 -1.1500000000e+01 -9.5000000000e+00 1.1500000000e+01
8.3909781358e-04 -1.1000000000e+01 -9.5000000000e+00 1.1500000000e+01
9.5082238943e-04 -1.1000000000e+01 -1.0000000000e+01 1.1500000000e+01
8.3909781358e-04 -1.1000000000e+01 -1.0500000000e+01 1.1500000000e+01
6.5349003429e-04 -1.1500000000e+01 -1.1000000000e+01 1.1500000000e+01
8.3909781358e-04 -1.2000000000e+01 -9.5000000000e+00 1.1500000000e+01
9.5082238943e-04 -1.2000000000e+01 -1.0000000000e+01 1.1500000000e+01
8.3909781358e-04 -1.2000000000e+01 -1.0500000000e+01 1.1500000000e+01
5.7670293113e-04 -1.1000000000e+01 -1.1000000000e+01 1.1500000000e+01
5.7670293113e-04 -1.2000000000e+01 -1.1000000000e+01 1.1500000000e+01
5.7670293113e-04 -1.2500000000e+01 -9.5000000000e+00 1.1500000000e+01
6.5349003429e-04 -1.1500000000e+01 -9.0000000000e+00 1.1500000000e+01
5.7670293113e-04 -1.1000000000e+01 -9.0000000000e+00 1.1500000000e+01
5.7670293113e-04 -1.2000000000e+01 -9.0000000000e+00 1.1500000000e+01
3.9636174161e-04 -1.0500000000e+01 -9.0000000000e+00 1.1500000000e+01
5.7670293113e-04 -1.0500000000e+01 -9.5000000000e+00 1.1500000000e+01
6.5349003429e-04 -1.0500000000e+01 -1.0000000000e+01 1.1500000000e+01
5.7670293113e-04 -1.0500000000e+01 -1.0500000000e+01 1.1500000000e+01
3.9636174161e-04 -1.0500000000e+01 -1.1000000000e+01 1.1500000000e+01
3.4978800928e-04 -1.1500000000e+01 -1.1500000000e+01 1.1500000000e+01
3.0868683475e-04 -1.1000000000e+01 -1.1500000000e+01 1.1500000000e+01
3.0868683475e-04 -1.2000000000e+01 -1.1500000000e+01 1.1500000000e+01
3.9636174161e-04 -1.2500000000e+01 -9.0000000000e+00 1.1500000000e+01
6.5349003429e-04 -1.2500000000e+01 -1.0000000000e+01 1.1500000000e+01
5.7670293113e-04 -1.2500000000e+01 -1.0500000000e+01 1.1500000000e+01
3.9636174161e-04 -1.2500000000e+01 -1.1000000000e+01 1.1500000000e+01
2.1215715203e-04 -1.0500000000e+01 -1.1500000000e+01 1.1500000000e+01
2.1215715203e-04 -1.2500000000e+01 -1.1500000000e+01 1.1500000000e+01
2.1215715203e-04 -1.3000000000e+01 -9.0000000000e+00 1.1500000000e+01
3.0868683475e-04 -1.3000000000e+01 -9.5000000000e+00 1.1500000000e+01
3.4978800928e-04 -1.1500000000e+01 -8.5000000000e+00 1.1500000000e+01
3.0868683475e-04 -1.1000000000e+01 -8.5000000000e+00 1.1500000000e+01
3.0868683475e-04 -1.2000000000e+01 -8.5000000000e+00 1.1500000000e+01
2.1215715203e-04 -1.0500000000e+01 -8.5000000000e+00 1.1500000000e+01
2.1215715203e-04 -1.2500000000e+01 -8.5000000000e+00 1.1500000000e+01
1.1355954026e-04 -1.0000000000e+01 -8.5000000000e+00 1.1500000000e+01
2.1215715203e-04 -1.0000000000e+01 -9.0000000000e+00 1.1500000000e+01
3.0868683475e-04 -1.0000000000e+01 -9.5000000000e+00 1.1500000000e+01
3.4978800928e-04 -1.0000000000e+01 -1.0000000000e+01 1.1500000000e+01
3.0868683475e-04 -1.0000000000e+01 -1.0500000000e+01 1.1500000000e+01
2.1215715203e-04 -1.0000000000e+01 -1.1000000000e+01 1.1500000000e+01
1.1355954026e-04 -1.0000000000e+01 -1.1500000000e+01 1.1500000000e+01
1.4581333601e-04 -1.1500000000e+01 -1.2000000000e+01 1.1500000000e+01
1.2867981738e-04 -1.1000000000e+01 -1.2000000000e+01 1.1500000000e+01
1.2867981738e-04 -1.2000000000e+01 -1.2000000000e+01 1.1500000000e+01
8.8440258883e-05 -1.0500000000e+01 -1.2000000000e+01 1.1500000000e+01
8.8440258883e-05 -1.2500000000e+01 -1.2000000000e+01 1.1500000000e+01
1.1355954026e-04 -1.3000000000e+01 -8.5000000000e+00 1.1500000000e+01
3.4978800928e-04 -1.3000000000e+01 -1.0000000000e+01 1.1500000000e+01
3.0868683475e-04 -1.3000000000e+01 -1.0500000000e+01 1.1500000000e+01
2.1215715203e-04 -1.3000000000e+01 -1.1000000000e+01 1.1500000000e+01
1.1355954026e-04 -1.3000000000e+01 -1.1500000000e+01 1.1500000000e+01
4.7338659308e-05 -1.0000000000e+01 -1.2000000000e+01 1.1500000000e+01
4.7338659308e-05 -1.3000000000e+01 -1.2000000000e+01 1.1500000000e+01
1.0774229197e-03 -1.3500000000e+01 -1.0000000000e+01 9.5000000000e+00
9.5082238943e-04 -1.3500000000e+01 -1.0500000000e+01 9.5000000000e+00
6.5349003429e-04 -1.3500000000e+01 -1.1000000000e+01 9.5000000000e+00
3.4978800928e-04 -1.3500000000e+01 -1.1500000000e+01 9.5000000000e+00
4.7338659308e-05 -1.3500000000e+01 -8.5000000000e+00 1.1500000000e+01
8.8440258883e-05 -1.3500000000e+01 -9.0000000000e+00 1.1500000000e+01
1.2867981738e-04 -1.3500000000e+01 -9.5000000000e+00 1.1500000000e+01
1.4581333601e-04 -1.1500000000e+01 -8.0000000000e+00 1.1500000000e+01
1.2867981738e-04 -1.1000000000e+01 -8.0000000000e+00 1.1500000000e+01
1.2867981738e-04 -1.2000000000e+01 -8.0000000000e+00 1.1500000000e+01
8.8440258883e-05 -1.0500000000e+01 -8.0000000000e+00 1.1500000000e+01
8.8440258883e-05 -1.2500000000e+01 -8.0000000000e+00 1.1500000000e+01
4.7338659308e-05 -1.0000000000e+01 -8.0000000000e+00 1.1500000000e+01
4.7338659308e-05 -1.3000000000e+01 -8.0000000000e+00 1.1500000000e+01
4.7338659308e-05 -9.5000000000e+00 -8.5000000000e+00 1.1500000000e+01
8.8440258883e-05 -9.5000000000e+00 -9.0000000000e+00 1.1500000000e+01
1.2867981738e-04 -9.5000000000e+00 -9.5000000000e+00 1.1500000000e+01
1.4581333601e-04 -9.5000000000e+00 -1.0000000000e+01 1.1500000000e+01
1.2867981738e-04 -9.5000000000e+00 -1.0500000000e+01 1.1500000000e+01
8.8440258883e-05 -9.5000000000e+00 -1.1000000000e+01 1.1500000000e+01
4.7338659308e-05 -9.5000000000e+00 -1.1500000000e+01 1.1500000000e+01
1.4581333601e-04 -1.1500000000e+01 -8.0000000000e+00 7.5000000000e+00
1.2867981738e-04 -1.1000000000e+01 -8.0000000000e+00 7.5000000000e+00
1.2867981738e-04 -1.2000000000e+01 -8.0000000000e+00 7.5000000000e+00
8.8440258883e-05 -1.0500000000e+01 -8.0000000000e+00 7.5000000000e+00
8.8440258883e-05 -1.2500000000e+01 -8.0000000000e+00 7.5000000000e+00
4.7338659308e-05 -1.0000000000e+01 -8.0000000000e+00 7.5000000000e+00
4.7338659308e-05 -1.3000000000e+01 -8.0000000000e+00 7.5000000000e+00
4.7338659308e-05 -9.5000000000e+00 -8.5000000000e+00 7.5000000000e+00
8.8440258883e-05 -9.5000000000e+00 -9.0000000000e+00 7.5000000000e+00
1.2867981738e-04 -9.5000000000e+00 -9.5000000000e+00 7.5000000000e+00
1.4581333601e-04 -9.5000000000e+00 -1.0000000000e+01 7.5000000000e+00
1.2867981738e-04 -9.5000000000e+00 -1.0500000000e+01 7.5000000000e+00
8.8440258883e-05 -9.5000000000e+00 -1.1000000000e+01 7.5000000000e+00
4.7338659308e-05 -9.5000000000e+00 -1.1500000000e+01 7.5000000000e+00
3.4978800928e-04 -1.1500000000e+01 -8.0000000000e+00 1.1000000000e+01
3.0868683475e-04 -1.1000000000e+01 -8.0000000000e+00 1.1000000000e+01
3.0868683475e-04 -1.2000000000e+01 -8.0000000000e+00 1.1000000000e+01
2.1215715203e-04 -1.0500000000e+01 -8.0000000000e+00 1.1000000000e+01
2.1215715203e-04 -1.2500000000e+01 -8.0000000000e+00 1.1000000000e+01
1.1355954026e-04 -1.0000000000e+01 -8.0000000000e+00 1.1000000000e+01
1.1355954026e-04 -1.3000000000e+01 -8.0000000000e+00 1.1000000000e+01
4.7338659308e-05 -9.5000000000e+00 -8.0000000000e+00 1.1000000000e+01
1.1355954026e-04 -9.5000000000e+00 -8.5000000000e+00 1.1000000000e+01
2.1215715203e-04 -9.5000000000e+00 -9.0000000000e+00 1.1000000000e+01
3.0868683475e-04 -9.5000000000e+00 -9.5000000000e+00 1.1000000000e+01
3.4978800928e-04 -9.5000000000e+00 -1.0000000000e+01 1.1000000000e+01
3.0868683475e-04 -9.5000000000e+00 -1.0500000000e+01 1.1000000000e+01
2.1215715203e-04 -9.5000000000e+00 -1.1000000000e+01 1.1000000000e+01
1.1355954026e-04 -9.5000000000e+00 -1.1500000000e+01 1.1000000000e+01
4.7338659308e-05 -9.5000000000e+00 -1.2000000000e+01 1.1000000000e+01
3.4978800928e-04 -1.1500000000e+01 -8.0000000000e+00 8.0000000000e+00
3.0868683475e-04 -1.1000000000e+01 -8.0000000000e+00 8.0000000000e+00
3.0868683475e-04 -1.2000000000e+01 -8.0000000000e+00 8.0000000000e+00
2.1215715203e-04 -1.0500000000e+01 -8.0000000000e+00 8.0000000000e+00
2.1215715203e-04 -1.2500000000e+01 -8.0000000000e+00 8.0000000000e+00
1.1355954026e-04 -1.0000000000e+01 -8.0000000000e+00 8.0000000000e+00
1.1355954026e-04 -1.3000000000e+01 -8.0000000000e+00 8.0000000000e+00
4.7338659308e-05 -1.3500000000e+01 -8.0000000000e+00 1.1000000000e+01
4.7338659308e-05 -9.5000000000e+00 -8.0000000000e+00 8.0000000000e+00
1.1355954026e-04 -9.5000000000e+00 -8.5000000000e+00 8.0000000000e+00
2.1215715203e-04 -9.5000000000e+00 -9.0000000000e+00 8.0000000000e+00
3.0868683475e-04 -9.5000000000e+00 -9.5000000000e+00 8.0000000000e+00
3.4978800928e-04 -9.5000000000e+00 -1.0000000000e+01 8.0000000000e+00
3.0868683475e-04 -9.5000000000e+00 -1.0500000000e+01 8.0000000000e+00
2.1215715203e-04 -9.5000000000e+00 -1.1000000000e+01 8.0000000000e+00
1.1355954026e-04 -9.5000000000e+00 -1.1500000000e+01 8.0000000000e+00
4.7338659308e-05 -9.5000000000e+00 -1.2000000000e+01 8.0000000000e+00
6.5349003429e-04 -1.1500000000e+01 -8.0000000000e+00 1.0500000000e+01
5.7670293113e-04 -1.1000000000e+01 -8.0000000000e+00 1.0500000000e+01
5.7670293113e-04 -1.2000000000e+01 -8.0000000000e+00 1.0500000000e+01
3.9636174161e-04 -1.0500000000e+01 -8.0000000000e+00 1.0500000000e+01
3.9636174161e-04 -1.2500000000e+01 -8.0000000000e+00 1.0500000000e+01
2.1215715203e-04 -1.0000000000e+01 -8.0000000000e+00 1.0500000000e+01
2.1215715203e-04 -1.3000000000e+01 -8.0000000000e+00 1.0500000000e+01
8.8440258883e-05 -9.5000000000e+00 -8.0000000000e+00 1.0500000000e+01
2.1215715203e-04 -9.5000000000e+00 -8.5000000000e+00 1.0500000000e+01
3.9636174161e-04 -9.5000000000e+00 -9.0000000000e+00 1.0500000000e+01
5.7670293113e-04 -9.5000000000e+00 -9.5000000000e+00 1.0500000000e+01
6.5349003429e-04 -9.5000000000e+00 -1.0000000000e+01 1.0500000000e+01
5.7670293113e-04 -9.5000000000e+00 -1.0500000000e+01 1.0500000000e+01
3.9636174161e-04 -9.5000000000e+00 -1.1000000000e+01 1.0500000000e+01
2.1215715203e-04 -9.5000000000e+00 -1.1500000000e+01 1.0500000000e+01
8.8440258883e-05 -9.5000000000e+00 -1.2000000000e+01 1.0500000000e+01
6.5349003429e-04 -1.1500000000e+01 -8.0000000000e+00 8.5000000000e+00
5.7670293113e-04 -1.1000000000e+01 -8.0000000000e+00 8.5000000000e+00
5.7670293113e-04 -1.2000000000e+01 -8.0000000000e+00 8.5000000000e+00
3.9636174161e-04 -1.0500000000e+01 -8.0000000000e+00 8.5000000000e+00
3.9636174161e-04 -1.2500000000e+01 -8.0000000000e+00 8.5000000000e+00
2.1215715203e-04 -1.0000000000e+01 -8.0000000000e+00 8.5000000000e+00
2.1215715203e-04 -1.3000000000e+01 -8.0000000000e+00 8.5000000000e+00
8.8440258883e-05 -1.3500000000e+01 -8.0000000000e+00 1.0500000000e+01
8.8440258883e-05 -9.5000000000e+00 -8.0000000000e+00 8.5000000000e+00
2.1215715203e-04 -9.5000000000e+00 -8.5000000000e+00 8.5000000000e+00
3.9636174161e-04 -9.5000000000e+00 -9.0000000000e+00 8.5000000000e+00
5.7670293113e-04 -9.5000000000e+00 -9.5000000000e+00 8.5000000000e+00
6.5349003429e-04 -9.5000000000e+00 -1.0000000000e+01 8.5000000000e+00
5.7670293113e-04 -9.5000000000e+00 -1.0500000000e+01 8.5000000000e+00
3.9636174161e-04 -9.5000000000e+00 -1.1000000000e+01 8.5000000000e+00
2.1215715203e-04 -9.5000000000e+00 -1.1500000000e+01 8.5000000000e+00
8.8440258883e-05 -9.5000000000e+00 -1.2000000000e+01 8.5000000000e+00
9.5082238943e-04 -1.1500000000e+01 -8.0000000000e+00 1.0000000000e+01
8.3909781358e-04 -1.1000000000e+01 -8.0000000000e+00 1.0000000000e+01
8.3909781358e-04 -1.2000000000e+01 -8.0000000000e+00 1.0000000000e+01
5.7670293113e-04 -1.0500000000e+01 -8.0000000000e+00 1.0000000000e+01
5.7670293113e-04 -1.2500000000e+01 -8.0000000000e+00 1.0000000000e+01
3.0868683475e-04 -1.0000000000e+01 -8.0000000000e+00 1.0000000000e+01
3.0868683475e-04 -1.3000000000e+01 -8.0000000000e+00 1.0000000000e+01
1.2867981738e-04 -9.5000000000e+00 -8.0000000000e+00 1.0000000000e+01
3.0868683475e-04 -9.5000000000e+00 -8.5000000000e+00 1.0000000000e+01
5.7670293113e-04 -9.5000000000e+00 -9.0000000000e+00 1.0000000000e+01
8.3909781358e-04 -9.5000000000e+00 -9.5000000000e+00 1.0000000000e+01
9.5082238943e-04 -9.5000000000e+00 -1.0000000000e+01 1.0000000000e+01
8.3909781358e-04 -9.5000000000e+00 -1.0500000000e+01 1.0000000000e+01
5.7670293113e-04 -9.5000000000e+00 -1.1000000000e+01 1.0000000000e+01
3.0868683475e-04 -9.5000000000e+00 -1.1500000000e+01 1.0000000000e+01
1.2867981738e-04 -9.5000000000e+00 -1.2000000000e+01 1.0000000000e+01
9.5082238943e-04 -1.1500000000e+01 -8.0000000000e+00 9.0000000000e+00
8.3909781358e-04 -1.1000000000e+01 -8.0000000000e+00 9.0000000000e+00
8.3909781358e-04 -1.2000000000e+01 -8.0000000000e+00 9.0000000000e+00
5.7670293113e-04 -1.0500000000e+01 -8.0000000000e+00 9.0000000000e+00
5.7670293113e-04 -1.2500000000e+01 -8.0000000000e+00 9.0000000000e+00
3.0868683475e-04 -1.0000000000e+01 -8.0000000000e+00 9.0000000000e+00
3.0868683475e-04 -1.3000000000e+01 -8.0000000000e+00 9.0000000000e+00
1.2867981738e-04 -1.3500000000e+01 -8.0000000000e+00 1.0000000000e+01
1.2867981738e-04 -9.5000000000e+00 -8.0000000000e+00 9.0000000000e+00
3.0868683475e-04 -9.5000000000e+00 -8.5000000000e+00 9.0000000000e+00
5.7670293113e-04 -9.5000000000e+00 -9.0000000000e+00 9.0000000000e+00
8.3909781358e-04 -9.5000000000e+00 -9.5000000000e+00 9.0000000000e+00
9.5082238943e-04 -9.5000000000e+00 -1.0000000000e+01 9.0000000000e+00
8.3909781358e-04 -9.5000000000e+00 -1.0500000000e+01 9.0000000000e+00
5.7670293113e-04 -9.5000000000e+00 -1.1000000000e+01 9.0000000000e+00
3.0868683475e-04 -9.5000000000e+00 -1.1500000000e+01 9.0000000000e+00
1.2867981738e-04 -9.5000000000e+00 -1.2000000000e+01 9.0000000000e+00
1.0774229197e-03 -1.1500000000e+01 -8.0000000000e+00 9.5000000000e+00
9.5082238943e-04 -1.1000000000e+01 -8.0000000000e+00 9.5000000000e+00
9.5082238943e-04 -1.2000000000e+01 -8.0000000000e+00 9.5000000000e+00
6.5349003429e-04 -1.0500000000e+01 -8.0000000000e+00 9.5000000000e+00
6.5349003429e-04 -1.2500000000e+01 -8.0000000000e+00 9.5000000000e+00
3.4978800928e-04 -1.0000000000e+01 -8.0000000000e+00 9.5000000000e+00
3.4978800928e-04 -1.3000000000e+01 -8.0000000000e+00 9.5000000000e+00
1.4581333601e-04 -9.5000000000e+00 -8.0000000000e+00 9.5000000000e+00
3.4978800928e-04 -9.5000000000e+00 -8.5000000000e+00 9.5000000000e+00
6.5349003429e-04 -9.5000000000e+00 -9.0000000000e+00 9.5000000000e+00
9.5082238943e-04 -9.5000000000e+00 -9.5000000000e+00 9.5000000000e+00
1.0774229197e-03 -9.5000000000e+00 -1.0000000000e+01 9.5000000000e+00
9.5082238943e-04 -9.5000000000e+00 -1.0500000000e+01 9.5000000000e+00
6.5349003429e-04 -9.5000000000e+00 -1.1000000000e+01 9.5000000000e+00
3.4978800928e-04 -9.5000000000e+00 -1.1500000000e+01 9.5000000000e+00
1.4581333601e-04 -9.5000000000e+00 -1.2000000000e+01 9.5000000000e+00
3.4978800928e-04 -1.1500000000e+01 -1.0000000000e+01 7.0000000000e+00
3.0868683475e-04 -1.1500000000e+01 -1.0500000000e+01 7.0000000000e+00
3.0868683475e-04 -1.1500000000e+01 -9.5000000000e+00 7.0000000000e+00
2.7241517553e-04 -1.1000000000e+01 -9.5000000000e+00 7.0000000000e+00
3.0868683475e-04 -1.1000000000e+01 -1.0000000000e+01 7.0000000000e+00
2.7241517553e-04 -1.1000000000e+01 -1.0500000000e+01 7.0000000000e+00
2.1215715203e-04 -1.1500000000e+01 -1.1000000000e+01 7.0000000000e+00
2.7241517553e-04 -1.2000000000e+01 -9.5000000000e+00 7.0000000000e+00
3.0868683475e-04 -1.2000000000e+01 -1.0000000000e+01 7.0000000000e+00
2.7241517553e-04 -1.2000000000e+01 -1.0500000000e+01 7.0000000000e+00
1.8722802952e-04 -1.1000000000e+01 -1.1000000000e+01 7.0000000000e+00
1.8722802952e-04 -1.2000000000e+01 -1.1000000000e+01 7.0000000000e+00
1.8722802952e-04 -1.2500000000e+01 -9.5000000000e+00 7.0000000000e+00
2.1215715203e-04 -1.1500000000e+01 -9.0000000000e+00 7.0000000000e+00
1.8722802952e-04 -1.1000000000e+01 -9.0000000000e+00 7.0000000000e+00
1.8722802952e-04 -1.2000000000e+01 -9.0000000000e+00 7.0000000000e+00
1.2867981738e-04 -1.0500000000e+01 -9.0000000000e+00 7.0000000000e+00
1.8722802952e-04 -1.0500000000e+01 -9.5000000000e+00 7.0000000000e+00
2.1215715203e-04 -1.0500000000e+01 -1.0000000000e+01 7.0000000000e+00
1.8722802952e-04 -1.0500000000e+01 -1.0500000000e+01 7.0000000000e+00
1.2867981738e-04 -1.0500000000e+01 -1.1000000000e+01 7.0000000000e+00
1.1355954026e-04 -1.1500000000e+01 -1.1500000000e+01 7.0000000000e+00
1.0021594254e-04 -1.1000000000e+01 -1.1500000000e+01 7.0000000000e+00
1.0021594254e-04 -1.2000000000e+01 -1.1500000000e+01 7.0000000000e+00
1.2867981738e-04 -1.2500000000e+01 -9.0000000000e+00 7.0000000000e+00
2.1215715203e-04 -1.2500000000e+01 -1.0000000000e+01 7.0000000000e+00
1.8722802952e-04 -1.2500000000e+01 -1.0500000000e+01 7.0000000000e+00
1.2867981738e-04 -1.2500000000e+01 -1.1000000000e+01 7.0000000000e+00
6.8877342873e-05 -1.0500000000e+01 -1.1500000000e+01 7.0000000000e+00
6.8877342873e-05 -1.2500000000e+01 -1.1500000000e+01 7.0000000000e+00
6.8877342873e-05 -1.3000000000e+01 -9.0000000000e+00 7.0000000000e+00
1.0021594254e-04 -1.3000000000e+01 -9.5000000000e+00 7.0000000000e+00
1.1355954026e-04 -1.1500000000e+01 -8.5000000000e+00 7.0000000000e+00
1.0021594254e-04 -1.1000000000e+01 -8.5000000000e+00 7.0000000000e+00
1.0021594254e-04 -1.2000000000e+01 -8.5000000000e+00 7.0000000000e+00
6.8877342873e-05 -1.0500000000e+01 -8.5000000000e+00 7.0000000000e+00
6.8877342873e-05 -1.2500000000e+01 -8.5000000000e+00 7.0000000000e+00
6.8877342873e-05 -1.0000000000e+01 -9.0000000000e+00 7.0000000000e+00
1.0021594254e-04 -1.0000000000e+01 -9.5000000000e+00 7.0000000000e+00
1.1355954026e-04 -1.0000000000e+01 -1.0000000000e+01 7.0000000000e+00
1.0021594254e-04 -1.0000000000e+01 -1.0500000000e+01 7.0000000000e+00
6.8877342873e-05 -1.0000000000e+01 -1.1000000000e+01 7.0000000000e+00
4.7338659308e-05 -1.1500000000e+01 -1.2000000000e+01 7.0000000000e+00
4.1776220212e-05 -1.1000000000e+01 -1.2000000000e+01 7.0000000000e+00
4.1776220212e-05 -1.2000000000e+01 -1.2000000000e+01 7.0000000000e+00
1.1355954026e-04 -1.3000000000e+01 -1.0000000000e+01 7.0000000000e+00
1.0021594254e-04 -1.3000000000e+01 -1.0500000000e+01 7.0000000000e+00
6.8877342873e-05 -1.3000000000e+01 -1.1000000000e+01 7.0000000000e+00
1.4581333601e-04 -1.3500000000e+01 -8.0000000000e+00 9.5000000000e+00
1.2867981738e-04 -1.3500000000e+01 -8.0000000000e+00 9.0000000000e+00
8.8440258883e-05 -1.3500000000e+01 -8.0000000000e+00 8.5000000000e+00
4.7338659308e-05 -1.3500000000e+01 -8.0000000000e+00 8.0000000000e+00
1.4581333601e-04 -1.3500000000e+01 -1.0000000000e+01 1.1500000000e+01
1.2867981738e-04 -1.3500000000e+01 -1.0500000000e+01 1.1500000000e+01
8.8440258883e-05 -1.3500000000e+01 -1.1000000000e+01 1.1500000000e+01
4.7338659308e-05 -1.3500000000e+01 -1.1500000000e+01 1.1500000000e+01
1.4581333601e-04 -1.3500000000e+01 -1.2000000000e+01 9.5000000000e+00
1.2867981738e-04 -1.3500000000e+01 -1.2000000000e+01 9.0000000000e+00
8.8440258883e-05 -1.3500000000e+01 -1.2000000000e+01 8.5000000000e+00
4.7338659308e-05 -1.3500000000e+01 -1.2000000000e+01 8.0000000000e+00
4.1776220212e-05 -1.3500000000e+01 -9.5000000000e+00 7.0000000000e+00
4.7338659308e-05 -1.1500000000e+01 -8.0000000000e+00 7.0000000000e+00
4.1776220212e-05 -1.1000000000e+01 -8.0000000000e+00 7.0000000000e+00
4.1776220212e-05 -1.2000000000e+01 -8.0000000000e+00 7.0000000000e+00
4.1776220212e-05 -9.5000000000e+00 -9.5000000000e+00 7.0000000000e+00
4.7338659308e-05 -9.5000000000e+00 -1.0000000000e+01 7.0000000000e+00
4.1776220212e-05 -9.5000000000e+00 -1.0500000000e+01 7.0000000000e+00
4.7338659308e-05 -1.3500000000e+01 -1.0000000000e+01 7.0000000000e+00
4.1776220212e-05 -1.3500000000e+01 -1.0500000000e+01 7.0000000000e+00
4.7338659308e-05 -1.1500000000e+01 -1.2500000000e+01 1.1500000000e+01
4.1776220212e-05 -1.1000000000e+01 -1.2500000000e+01 1.1500000000e+01
4.1776220212e-05 -1.2000000000e+01 -1.2500000000e+01 1.1500000000e+01
4.1776220212e-05 -1.4000000000e+01 -9.5000000000e+00 1.1500000000e+01
4.7338659308e-05 -1.1500000000e+01 -1.2500000000e+01 7.5000000000e+00
4.1776220212e-05 -1.1000000000e+01 -1.2500000000e+01 7.5000000000e+00
4.1776220212e-05 -1.2000000000e+01 -1.2500000000e+01 7.5000000000e+00
4.7338659308e-05 -1.4000000000e+01 -1.0000000000e+01 1.1500000000e+01
4.1776220212e-05 -1.4000000000e+01 -1.0500000000e+01 1.1500000000e+01
4.1776220212e-05 -1.4000000000e+01 -9.5000000000e+00 7.5000000000e+00
1.1355954026e-04 -1.1500000000e+01 -1.2500000000e+01 1.1000000000e+01
1.0021594254e-04 -1.1000000000e+01 -1.2500000000e+01 1.1000000000e+01
1.0021594254e-04 -1.2000000000e+01 -1.2500000000e+01 1.1000000000e+01
6.8877342873e-05 -1.0500000000e+01 -1.2500000000e+01 1.1000000000e+01
6.8877342873e-05 -1.2500000000e+01 -1.2500000000e+01 1.1000000000e+01
4.7338659308e-05 -1.4000000000e+01 -1.0000000000e+01 7.5000000000e+00
4.1776220212e-05 -1.4000000000e+01 -1.0500000000e+01 7.5000000000e+00
6.8877342873e-05 -1.4000000000e+01 -9.0000000000e+00 1.1000000000e+01
1.0021594254e-04 -1.4000000000e+01 -9.5000000000e+00 1.1000000000e+01
1.1355954026e-04 -1.1500000000e+01 -1.2500000000e+01 8.0000000000e+00
1.0021594254e-04 -1.1000000000e+01 -1.2500000000e+01 8.0000000000e+00
1.0021594254e-04 -1.2000000000e+01 -1.2500000000e+01 8.0000000000e+00
6.8877342873e-05 -1.0500000000e+01 -1.2500000000e+01 8.0000000000e+00
6.8877342873e-05 -1.2500000000e+01 -1.2500000000e+01 8.0000000000e+00
1.1355954026e-04 -1.4000000000e+01 -1.0000000000e+01 1.1000000000e+01
1.0021594254e-04 -1.4000000000e+01 -1.0500000000e+01 1.1000000000e+01
6.8877342873e-05 -1.4000000000e+01 -1.1000000000e+01 1.1000000000e+01
6.8877342873e-05 -1.4000000000e+01 -9.0000000000e+00 8.0000000000e+00
1.0021594254e-04 -1.4000000000e+01 -9.5000000000e+00 8.0000000000e+00
2.1215715203e-04 -1.1500000000e+01 -1.2500000000e+01 1.0500000000e+01
1.8722802952e-04 -1.1000000000e+01 -1.2500000000e+01 1.0500000000e+01
1.8722802952e-04 -1.2000000000e+01 -1.2500000000e+01 1.0500000000e+01
1.2867981738e-04 -1.0500000000e+01 -1.2500000000e+01 1.0500000000e+01
1.2867981738e-04 -1.2500000000e+01 -1.2500000000e+01 1.0500000000e+01
6.8877342873e-05 -1.0000000000e+01 -1.2500000000e+01 1.0500000000e+01
6.8877342873e-05 -1.3000000000e+01 -1.2500000000e+01 1.0500000000e+01
1.1355954026e-04 -1.4000000000e+01 -1.0000000000e+01 8.0000000000e+00
1.0021594254e-04 -1.4000000000e+01 -1.0500000000e+01 8.0000000000e+00
6.8877342873e-05 -1.4000000000e+01 -1.1000000000e+01 8.0000000000e+00
6.8877342873e-05 -1.4000000000e+01 -8.5000000000e+00 1.0500000000e+01
1.2867981738e-04 -1.4000000000e+01 -9.0000000000e+00 1.0500000000e+01
1.8722802952e-04 -1.4000000000e+01 -9.5000000000e+00 1.0500000000e+01
2.1215715203e-04 -1.1500000000e+01 -1.2500000000e+01 8.5000000000e+00
1.8722802952e-04 -1.1000000000e+01 -1.2500000000e+01 8.5000000000e+00
1.8722802952e-04 -1.2000000000e+01 -1.2500000000e+01 8.5000000000e+00
1.2867981738e-04 -1.0500000000e+01 -1.2500000000e+01 8.5000000000e+00
1.2867981738e-04 -1.2500000000e+01 -1.2500000000e+01 8.5000000000e+00
6.8877342873e-05 -1.0000000000e+01 -1.2500000000e+01 8.5000000000e+00
6.8877342873e-05 -1.3000000000e+01 -1.2500000000e+01 8.5000000000e+00
2.1215715203e-04 -1.4000000000e+01 -1.0000000000e+01 1.0500000000e+01
1.8722802952e-04 -1.4000000000e+01 -1.0500000000e+01 1.0500000000e+01
1.2867981738e-04 -1.4000000000e+01 -1.1000000000e+01 1.0500000000e+01
6.8877342873e-05 -1.4000000000e+01 -1.1500000000e+01 1.0500000000e+01
6.8877342873e-05 -1.4000000000e+01 -8.5000000000e+00 8.5000000000e+00
1.2867981738e-04 -1.4000000000e+01 -9.0000000000e+00 8.5000000000e+00
1.8722802952e-04 -1.4000000000e+01 -9.5000000000e+00 8.5000000000e+00
3.0868683475e-04 -1.1500000000e+01 -1.2500000000e+01 1.0000000000e+01
2.7241517553e-04 -1.1000000000e+01 -1.2500000000e+01 1.0000000000e+01
2.7241517553e-04 -1.2000000000e+01 -1.2500000000e+01 1.0000000000e+01
1.8722802952e-04 -1.0500000000e+01 -1.2500000000e+01 1.0000000000e+01
1.8722802952e-04 -1.2500000000e+01 -1.2500000000e+01 1.0000000000e+01
1.0021594254e-04 -1.0000000000e+01 -1.2500000000e+01 1.0000000000e+01
1.0021594254e-04 -1.3000000000e+01 -1.2500000000e+01 1.0000000000e+01
4.1776220212e-05 -9.5000000000e+00 -1.2500000000e+01 1.0000000000e+01
4.1776220212e-05 -1.3500000000e+01 -1.2500000000e+01 1.0000000000e+01
2.1215715203e-04 -1.4000000000e+01 -1.0000000000e+01 8.5000000000e+00
1.8722802952e-04 -1.4000000000e+01 -1.0500000000e+01 8.5000000000e+00
1.2867981738e-04 -1.4000000000e+01 -1.1000000000e+01 8.5000000000e+00
6.8877342873e-05 -1.4000000000e+01 -1.1500000000e+01 8.5000000000e+00
4.1776220212e-05 -1.4000000000e+01 -8.0000000000e+00 1.0000000000e+01
1.0021594254e-04 -1.4000000000e+01 -8.5000000000e+00 1.0000000000e+01
1.8722802952e-04 -1.4000000000e+01 -9.0000000000e+00 1.0000000000e+01
2.7241517553e-04 -1.4000000000e+01 -9.5000000000e+00 1.0000000000e+01
3.0868683475e-04 -1.1500000000e+01 -1.2500000000e+01 9.0000000000e+00
2.7241517553e-04 -1.1000000000e+01 -1.2500000000e+01 9.0000000000e+00
2.7241517553e-04 -1.2000000000e+01 -1.2500000000e+01 9.0000000000e+00
1.8722802952e-04 -1.0500000000e+01 -1.2500000000e+01 9.0000000000e+00
1.8722802952e-04 -1.2500000000e+01 -1.2500000000e+01 9.0000000000e+00
1.0021594254e-04 -1.0000000000e+01 -1.2500000000e+01 9.0000000000e+00
1.0021594254e-04 -1.3000000000e+01 -1.2500000000e+01 9.0000000000e+00
4.1776220212e-05 -9.5000000000e+00 -1.2500000000e+01 9.0000000000e+00
4.1776220212e-05 -1.3500000000e+01 -1.2500000000e+01 9.0000000000e+00
3.0868683475e-04 -1.4000000000e+01 -1.0000000000e+01 1.0000000000e+01
2.7241517553e-04 -1.4000000000e+01 -1.0500000000e+01 1.0000000000e+01
1.8722802952e-04 -1.4000000000e+01 -1.1000000000e+01 1.0000000000e+01
1.0021594254e-04 -1.4000000000e+01 -1.1500000000e+01 1.0000000000e+01
4.1776220212e-05 -1.4000000000e+01 -1.2000000000e+01 1.0000000000e+01
4.1776220212e-05 -1.4000000000e+01 -8.0000000000e+00 9.0000000000e+00
1.0021594254e-04 -1.4000000000e+01 -8.5000000000e+00 9.0000000000e+00
1.8722802952e-04 -1.4000000000e+01 -9.0000000000e+00 9.0000000000e+00
2.7241517553e-04 -1.4000000000e+01 -9.5000000000e+00 9.0000000000e+00
3.4978800928e-04 -1.1500000000e+01 -1.2500000000e+01 9.5000000000e+00
3.0868683475e-04 -1.1000000000e+01 -1.2500000000e+01 9.5000000000e+00
3.0868683475e-04 -1.2000000000e+01 -1.2500000000e+01 9.5000000000e+00
2.1215715203e-04 -1.0500000000e+01 -1.2500000000e+01 9.5000000000e+00
2.1215715203e-04 -1.2500000000e+01 -1.2500000000e+01 9.5000000000e+00
1.1355954026e-04 -1.0000000000e+01 -1.2500000000e+01 9.5000000000e+00
1.1355954026e-04 -1.3000000000e+01 -1.2500000000e+01 9.5000000000e+00
4.7338659308e-05 -9.5000000000e+00 -1.2500000000e+01 9.5000000000e+00
4.7338659308e-05 -1.3500000000e+01 -1.2500000000e+01 9.5000000000e+00
3.0868683475e-04 -1.4000000000e+01 -1.0000000000e+01 9.0000000000e+00
2.7241517553e-04 -1.4000000000e+01 -1.0500000000e+01 9.0000000000e+00
1.8722802952e-04 -1.4000000000e+01 -1.1000000000e+01 9.0000000000e+00
1.0021594254e-04 -1.4000000000e+01 -1.1500000000e+01 9.0000000000e+00
4.1776220212e-05 -1.4000000000e+01 -1.2000000000e+01 9.0000000000e+00
4.7338659308e-05 -1.4000000000e+01 -8.0000000000e+00 9.5000000000e+00
1.1355954026e-04 -1.4000000000e+01 -8.5000000000e+00 9.5000000000e+00
2.1215715203e-04 -1.4000000000e+01 -9.0000000000e+00 9.5000000000e+00
3.0868683475e-04 -1.4000000000e+01 -9.5000000000e+00 9.5000000000e+00
3.4978800928e-04 -1.1500000000e+01 -1.0000000000e+01 1.2000000000e+01
3.0868683475e-04 -1.1500000000e+01 -1.0500000000e+01 1.2000000000e+01
3.0868683475e-04 -1.1500000000e+01 -9.5000000000e+00 1.2000000000e+01
2.7241517553e-04 -1.1000000000e+01 -9.5000000000e+00 1.2000000000e+01
3.0868683475e-04 -1.1000000000e+01 -1.0000000000e+01 1.2000000000e+01
2.7241517553e-04 -1.1000000000e+01 -1.0500000000e+01 1.2000000000e+01
2.1215715203e-04 -1.1500000000e+01 -1.1000000000e+01 1.2000000000e+01
2.7241517553e-04 -1.2000000000e+01 -9.5000000000e+00 1.2000000000e+01
3.0868683475e-04 -1.2000000000e+01 -1.0000000000e+01 1.2000000000e+01
2.7241517553e-04 -1.2000000000e+01 -1.0500000000e+01 1.2000000000e+01
1.8722802952e-04 -1.1000000000e+01 -1.1000000000e+01 1.2000000000e+01
1.8722802952e-04 -1.2000000000e+01 -1.1000000000e+01 1.2000000000e+01
1.8722802952e-04 -1.2500000000e+01 -9.5000000000e+00 1.2000000000e+01
2.1215715203e-04 -1.1500000000e+01 -9.0000000000e+00 1.2000000000e+01
1.8722802952e-04 -1.1000000000e+01 -9.0000000000e+00 1.2000000000e+01
1.8722802952e-04 -1.2000000000e+01 -9.0000000000e+00 1.2000000000e+01
1.2867981738e-04 -1.0500000000e+01 -9.0000000000e+00 1.2000000000e+01
1.8722802952e-04 -1.0500000000e+01 -9.5000000000e+00 1.2000000000e+01
2.1215715203e-04 -1.0500000000e+01 -1.0000000000e+01 1.2000000000e+01
1.8722802952e-04 -1.0500000000e+01 -1.0500000000e+01 1.2000000000e+01
1.2867981738e-04 -1.0500000000e+01 -1.1000000000e+01 1.2000000000e+01
1.1355954026e-04 -1.1500000000e+01 -1.1500000000e+01 1.2000000000e+01
1.0021594254e-04 -1.1000000000e+01 -1.1500000000e+01 1.2000000000e+01
1.0021594254e-04 -1.2000000000e+01 -1.1500000000e+01 1.2000000000e+01
1.2867981738e-04 -1.2500000000e+01 -9.0000000000e+00 1.2000000000e+01
2.1215715203e-04 -1.2500000000e+01 -1.0000000000e+01 1.2000000000e+01
1.8722802952e-04 -1.2500000000e+01 -1.0500000000e+01 1.2000000000e+01
1.2867981738e-04 -1.2500000000e+01 -1.1000000000e+01 1.2000000000e+01
6.8877342873e-05 -1.0500000000e+01 -1.1500000000e+01 1.2000000000e+01
6.8877342873e-05 -1.2500000000e+01 -1.1500000000e+01 1.2000000000e+01
6.8877342873e-05 -1.3000000000e+01 -9.0000000000e+00 1.2000000000e+01
1.0021594254e-04 -1.3000000000e+01 -9.5000000000e+00 1.2000000000e+01
1.1355954026e-04 -1.1500000000e+01 -8.5000000000e+00 1.2000000000e+01
1.0021594254e-04 -1.1000000000e+01 -8.5000000000e+00 1.2000000000e+01
1.0021594254e-04 -1.2000000000e+01 -8.5000000000e+00 1.2000000000e+01
6.8877342873e-05 -1.0500000000e+01 -8.5000000000e+00 1.2000000000e+01
6.8877342873e-05 -1.2500000000e+01 -8.5000000000e+00 1.2000000000e+01
6.8877342873e-05 -1.0000000000e+01 -9.0000000000e+00 1.2000000000e+01
1.0021594254e-04 -1.0000000000e+01 -9.5000000000e+00 1.2000000000e+01
1.1355954026e-04 -1.0000000000e+01 -1.0000000000e+01 1.2000000000e+01
1.0021594254e-04 -1.0000000000e+01 -1.0500000000e+01 1.2000000000e+01
6.8877342873e-05 -1.0000000000e+01 -1.1000000000e+01 1.2000000000e+01
4.7338659308e-05 -1.1500000000e+01 -1.2000000000e+01 1.2000000000e+01
4.1776220212e-05 -1.1000000000e+01 -1.2000000000e+01 1.2000000000e+01
4.1776220212e-05 -1.2000000000e+01 -1.2000000000e+01 1.2000000000e+01
1.1355954026e-04 -1.3000000000e+01 -1.0000000000e+01 1.2000000000e+01
1.0021594254e-04 -1.3000000000e+01 -1.0500000000e+01 1.2000000000e+01
6.8877342873e-05 -1.3000000000e+01 -1.1000000000e+01 1.2000000000e+01
4.1776220212e-05 -1.3500000000e+01 -9.5000000000e+00 1.2000000000e+01
4.7338659308e-05 -1.1500000000e+01 -8.0000000000e+00 1.2000000000e+01
4.1776220212e-05 -1.1000000000e+01 -8.0000000000e+00 1.2000000000e+01
4.1776220212e-05 -1.2000000000e+01 -8.0000000000e+00 1.2000000000e+01
4.1776220212e-05 -9.5000000000e+00 -9.5000000000e+00 1.2000000000e+01
4.7338659308e-05 -9.5000000000e+00 -1.0000000000e+01 1.2000000000e+01
4.1776220212e-05 -9.5000000000e+00 -1.0500000000e+01 1.2000000000e+01
4.7338659308e-05 -1.3500000000e+01 -1.0000000000e+01 1.2000000000e+01
4.1776220212e-05 -1.3500000000e+01 -1.0500000000e+01 1.2000000000e+01
3.4978800928e-04 -1.4000000000e+01 -1.0000000000e+01 9.5000000000e+00
3.0868683475e-04 -1.4000000000e+01 -1.0500000000e+01 9.5000000000e+00
2.1215715203e-04 -1.4000000000e+01 -1.1000000000e+01 9.5000000000e+00
1.1355954026e-04 -1.4000000000e+01 -1.1500000000e+01 9.5000000000e+00
4.7338659308e-05 -1.4000000000e+01 -1.2000000000e+01 9.5000000000e+00
4.7338659308e-05 -1.1500000000e+01 -7.5000000000e+00 1.1500000000e+01
4.1776220212e-05 -1.1000000000e+01 -7.5000000000e+00 1.1500000000e+01
4.1776220212e-05 -1.2000000000e+01 -7.5000000000e+00 1.1500000000e+01
4.1776220212e-05 -9.0000000000e+00 -9.5000000000e+00 1.1500000000e+01
4.7338659308e-05 -9.0000000000e+00 -1.0000000000e+01 1.1500000000e+01
4.1776220212e-05 -9.0000000000e+00 -1.0500000000e+01 1.1500000000e+01
4.7338659308e-05 -1.1500000000e+01 -7.5000000000e+00 7.5000000000e+00
4.1776220212e-05 -1.1000000000e+01 -7.5000000000e+00 7.5000000000e+00
4.1776220212e-05 -1.2000000000e+01 -7.5000000000e+00 7.5000000000e+00
4.1776220212e-05 -9.0000000000e+00 -9.5000000000e+00 7.5000000000e+00
4.7338659308e-05 -9.0000000000e+00 -1.0000000000e+01 7.5000000000e+00
4.1776220212e-05 -9.0000000000e+00 -1.0500000000e+01 7.5000000000e+00
1.1355954026e-04 -1.1500000000e+01 -7.5000000000e+00 1.1000000000e+01
1.0021594254e-04 -1.1000000000e+01 -7.5000000000e+00 1.1000000000e+01
1.0021594254e-04 -1.2000000000e+01 -7.5000000000e+00 1.1000000000e+01
6.8877342873e-05 -1.0500000000e+01 -7.5000000000e+00 1.1000000000e+01
6.8877342873e-05 -1.2500000000e+01 -7.5000000000e+00 1.1000000000e+01
6.8877342873e-05 -9.0000000000e+00 -9.0000000000e+00 1.1000000000e+01
1.0021594254e-04 -9.0000000000e+00 -9.5000000000e+00 1.1000000000e+01
1.1355954026e-04 -9.0000000000e+00 -1.0000000000e+01 1.1000000000e+01
1.0021594254e-04 -9.0000000000e+00 -1.0500000000e+01 1.1000000000e+01
6.8877342873e-05 -9.0000000000e+00 -1.1000000000e+01 1.1000000000e+01
1.1355954026e-04 -1.1500000000e+01 -7.5000000000e+00 8.0000000000e+00
1.0021594254e-04 -1.1000000000e+01 -7.5000000000e+00 8.0000000000e+00
1.0021594254e-04 -1.2000000000e+01 -7.5000000000e+00 8.0000000000e+00
6.8877342873e-05 -1.0500000000e+01 -7.5000000000e+00 8.0000000000e+00
6.8877342873e-05 -1.2500000000e+01 -7.5000000000e+00 8.0000000000e+00
6.8877342873e-05 -9.0000000000e+00 -9.0000000000e+00 8.0000000000e+00
1.0021594254e-04 -9.0000000000e+00 -9.5000000000e+00 8.0000000000e+00
1.1355954026e-04 -9.0000000000e+00 -1.0000000000e+01 8.0000000000e+00
1.0021594254e-04 -9.0000000000e+00 -1.0500000000e+01 8.0000000000e+00
6.8877342873e-05 -9.0000000000e+00 -1.1000000000e+01 8.0000000000e+00
2.1215715203e-04 -1.1500000000e+01 -7.5000000000e+00 1.0500000000e+01
1.8722802952e-04 -1.1000000000e+01 -7.5000000000e+00 1.0500000000e+01
1.8722802952e-04 -1.2000000000e+01 -7.5000000000e+00 1.0500000000e+01
1.2867981738e-04 -1.0500000000e+01 -7.5000000000e+00 1.0500000000e+01
1.2867981738e-04 -1.2500000000e+01 -7.5000000000e+00 1.0500000000e+01
6.8877342873e-05 -1.0000000000e+01 -7.5000000000e+00 1.0500000000e+01
6.8877342873e-05 -1.3000000000e+01 -7.5000000000e+00 1.0500000000e+01
6.8877342873e-05 -9.0000000000e+00 -8.5000000000e+00 1.0500000000e+01
1.2867981738e-04 -9.0000000000e+00 -9.0000000000e+00 1.0500000000e+01
1.8722802952e-04 -9.0000000000e+00 -9.5000000000e+00 1.0500000000e+01
2.1215715203e-04 -9.0000000000e+00 -1.0000000000e+01 1.0500000000e+01
1.8722802952e-04 -9.0000000000e+00 -1.0500000000e+01 1.0500000000e+01
1.2867981738e-04 -9.0000000000e+00 -1.1000000000e+01 1.0500000000e+01
6.8877342873e-05 -9.0000000000e+00 -1.1500000000e+01 1.0500000000e+01
2.1215715203e-04 -1.1500000000e+01 -7.5000000000e+00 8.5000000000e+00
1.8722802952e-04 -1.1000000000e+01 -7.5000000000e+00 8.5000000000e+00
1.8722802952e-04 -1.2000000000e+01 -7.5000000000e+00 8.5000000000e+00
1.2867981738e-04 -1.0500000000e+01 -7.5000000000e+00 8.5000000000e+00
1.2867981738e-04 -1.2500000000e+01 -7.5000000000e+00 8.5000000000e+00
6.8877342873e-05 -1.0000000000e+01 -7.5000000000e+00 8.5000000000e+00
6.8877342873e-05 -1.3000000000e+01 -7.5000000000e+00 8.5000000000e+00
6.8877342873e-05 -9.0000000000e+00 -8.5000000000e+00 8.5000000000e+00
1.2867981738e-04 -9.0000000000e+00 -9.0000000000e+00 8.5000000000e+00
1.8722802952e-04 -9.0000000000e+00 -9.5000000000e+00 8.5000000000e+00
2.1215715203e-04 -9.0000000000e+00 -1.0000000000e+01 8.5000000000e+00
1.8722802952e-04 -9.0000000000e+00 -1.0500000000e+01 8.5000000000e+00
1.2867981738e-04 -9.0000000000e+00 -1.1000000000e+01 8.5000000000e+00
6.8877342873e-05 -9.0000000000e+00 -1.1500000000e+01 8.5000000000e+00
3.0868683475e-04 -1.1500000000e+01 -7.5000000000e+00 1.0000000000e+01
2.7241517553e-04 -1.1000000000e+01 -7.5000000000e+00 1.0000000000e+01
2.7241517553e-04 -1.2000000000e+01 -7.5000000000e+00 1.0000000000e+01
1.8722802952e-04 -1.0500000000e+01 -7.5000000000e+00 1.0000000000e+01
1.8722802952e-04 -1.2500000000e+01 -7.5000000000e+00 1.0000000000e+01
1.0021594254e-04 -1.0000000000e+01 -7.5000000000e+00 1.0000000000e+01
1.0021594254e-04 -1.3000000000e+01 -7.5000000000e+00 1.0000000000e+01
4.1776220212e-05 -9.5000000000e+00 -7.5000000000e+00 1.0000000000e+01
4.1776220212e-05 -1.3500000000e+01 -7.5000000000e+00 1.0000000000e+01
4.1776220212e-05 -9.0000000000e+00 -8.0000000000e+00 1.0000000000e+01
1.0021594254e-04 -9.0000000000e+00 -8.5000000000e+00 1.0000000000e+01
1.8722802952e-04 -9.0000000000e+00 -9.0000000000e+00 1.0000000000e+01
2.7241517553e-04 -9.0000000000e+00 -9.5000000000e+00 1.0000000000e+01
3.0868683475e-04 -9.0000000000e+00 -1.0000000000e+01 1.0000000000e+01
2.7241517553e-04 -9.0000000000e+00 -1.0500000000e+01 1.0000000000e+01
1.8722802952e-04 -9.0000000000e+00 -1.1000000000e+01 1.0000000000e+01
1.0021594254e-04 -9.0000000000e+00 -1.1500000000e+01 1.0000000000e+01
4.1776220212e-05 -9.0000000000e+00 -1.2000000000e+01 1.0000000000e+01
3.0868683475e-04 -1.1500000000e+01 -7.5000000000e+00 9.0000000000e+00
2.7241517553e-04 -1.1000000000e+01 -7.5000000000e+00 9.0000000000e+00
2.7241517553e-04 -1.2000000000e+01 -7.5000000000e+00 9.0000000000e+00
1.8722802952e-04 -1.0500000000e+01 -7.5000000000e+00 9.0000000000e+00
1.8722802952e-04 -1.2500000000e+01 -7.5000000000e+00 9.0000000000e+00
1.0021594254e-04 -1.0000000000e+01 -7.5000000000e+00 9.0000000000e+00
1.0021594254e-04 -1.3000000000e+01 -7.5000000000e+00 9.0000000000e+00
4.1776220212e-05 -9.5000000000e+00 -7.5000000000e+00 9.0000000000e+00
4.1776220212e-05 -1.3500000000e+01 -7.5000000000e+00 9.0000000000e+00
4.1776220212e-05 -9.0000000000e+00 -8.0000000000e+00 9.0000000000e+00
1.0021594254e-04 -9.0000000000e+00 -8.5000000000e+00 9.0000000000e+00
1.8722802952e-04 -9.0000000000e+00 -9.0000000000e+00 9.0000000000e+00
2.7241517553e-04 -9.0000000000e+00 -9.5000000000e+00 9.0000000000e+00
3.0868683475e-04 -9.0000000000e+00 -1.0000000000e+01 9.0000000000e+00
2.7241517553e-04 -9.0000000000e+00 -1.0500000000e+01 9.0000000000e+00
1.8722802952e-04 -9.0000000000e+00 -1.1000000000e+01 9.0000000000e+00
1.0021594254e-04 -9.0000000000e+00 -1.1500000000e+01 9.0000000000e+00
4.1776220212e-05 -9.0000000000e+00 -1.2000000000e+01 9.0000000000e+00
3.4978800928e-04 -1.1500000000e+01 -7.5000000000e+00 9.5000000000e+00
3.0868683475e-04 -1.1000000000e+01 -7.5000000000e+00 9.5000000000e+00
3.0868683475e-04 -1.2000000000e+01 -7.5000000000e+00 9.5000000000e+00
2.1215715203e-04 -1.0500000000e+01 -7.5000000000e+00 9.5000000000e+00
2.1215715203e-04 -1.2500000000e+01 -7.5000000000e+00 9.5000000000e+00
1.1355954026e-04 -1.0000000000e+01 -7.5000000000e+00 9.5000000000e+00
1.1355954026e-04 -1.3000000000e+01 -7.5000000000e+00 9.5000000000e+00
4.7338659308e-05 -9.5000000000e+00 -7.5000000000e+00 9.5000000000e+00
4.7338659308e-05 -1.3500000000e+01 -7.5000000000e+00 9.5000000000e+00
4.7338659308e-05 -9.0000000000e+00 -8.0000000000e+00 9.5000000000e+00
1.1355954026e-04 -9.0000000000e+00 -8.5000000000e+00 9.5000000000e+00
2.1215715203e-04 -9.0000000000e+00 -9.0000000000e+00 9.5000000000e+00
3.0868683475e-04 -9.0000000000e+00 -9.5000000000e+00 9.5000000000e+00
3.4978800928e-04 -9.0000000000e+00 -1.0000000000e+01 9.5000000000e+00
3.0868683475e-04 -9.0000000000e+00 -1.0500000000e+01 9.5000000000e+00
2.1215715203e-04 -9.0000000000e+00 -1.1000000000e+01 9.5000000000e+00
1.1355954026e-04 -9.0000000000e+00 -1.1500000000e+01 9.5000000000e+00
4.7338659308e-05 -9.0000000000e+00 -1.2000000000e+01 9.5000000000e+00
8.8440258883e-05 -1.1500000000e+01 -1.0000000000e+01 6.5000000000e+00
7.8048254528e-05 -1.1500000000e+01 -1.0500000000e+01 6.5000000000e+00
7.8048254528e-05 -1.1500000000e+01 -9.5000000000e+00 6.5000000000e+00
6.8877342873e-05 -1.1000000000e+01 -9.5000000000e+00 6.5000000000e+00
7.8048254528e-05 -1.1000000000e+01 -1.0000000000e+01 6.5000000000e+00
6.8877342873e-05 -1.1000000000e+01 -1.0500000000e+01 6.5000000000e+00
5.3641728566e-05 -1.1500000000e+01 -1.1000000000e+01 6.5000000000e+00
6.8877342873e-05 -1.2000000000e+01 -9.5000000000e+00 6.5000000000e+00
7.8048254528e-05 -1.2000000000e+01 -1.0000000000e+01 6.5000000000e+00
6.8877342873e-05 -1.2000000000e+01 -1.0500000000e+01 6.5000000000e+00
4.7338659308e-05 -1.1000000000e+01 -1.1000000000e+01 6.5000000000e+00
4.7338659308e-05 -1.2000000000e+01 -1.1000000000e+01 6.5000000000e+00
4.7338659308e-05 -1.2500000000e+01 -9.5000000000e+00 6.5000000000e+00
5.3641728566e-05 -1.1500000000e+01 -9.0000000000e+00 6.5000000000e+00
4.7338659308e-05 -1.1000000000e+01 -9.0000000000e+00 6.5000000000e+00
4.7338659308e-05 -1.2000000000e+01 -9.0000000000e+00 6.5000000000e+00
4.7338659308e-05 -1.0500000000e+01 -9.5000000000e+00 6.5000000000e+00
5.3641728566e-05 -1.0500000000e+01 -1.0000000000e+01 6.5000000000e+00
4.7338659308e-05 -1.0500000000e+01 -1.0500000000e+01 6.5000000000e+00
5.3641728566e-05 -1.2500000000e+01 -1.0000000000e+01 6.5000000000e+00
4.7338659308e-05 -1.2500000000e+01 -1.0500000000e+01 6.5000000000e+00
5.3641728566e-05 -1.1500000000e+01 -1.3000000000e+01 1.0500000000e+01
4.7338659308e-05 -1.1000000000e+01 -1.3000000000e+01 1.0500000000e+01
4.7338659308e-05 -1.2000000000e+01 -1.3000000000e+01 1.0500000000e+01
4.7338659308e-05 -1.4500000000e+01 -9.5000000000e+00 1.0500000000e+01
5.3641728566e-05 -1.1500000000e+01 -1.3000000000e+01 8.5000000000e+00
4.7338659308e-05 -1.1000000000e+01 -1.3000000000e+01 8.5000000000e+00
4.7338659308e-05 -1.2000000000e+01 -1.3000000000e+01 8.5000000000e+00
5.3641728566e-05 -1.4500000000e+01 -1.0000000000e+01 1.0500000000e+01
4.7338659308e-05 -1.4500000000e+01 -1.0500000000e+01 1.0500000000e+01
4.7338659308e-05 -1.4500000000e+01 -9.5000000000e+00 8.5000000000e+00
7.8048254528e-05 -1.1500000000e+01 -1.3000000000e+01 1.0000000000e+01
6.8877342873e-05 -1.1000000000e+01 -1.3000000000e+01 1.0000000000e+01
6.8877342873e-05 -1.2000000000e+01 -1.3000000000e+01 1.0000000000e+01
4.7338659308e-05 -1.0500000000e+01 -1.3000000000e+01 1.0000000000e+01
4.7338659308e-05 -1.2500000000e+01 -1.3000000000e+01 1.0000000000e+01
5.3641728566e-05 -1.4500000000e+01 -1.0000000000e+01 8.5000000000e+00
4.7338659308e-05 -1.4500000000e+01 -1.0500000000e+01 8.5000000000e+00
4.7338659308e-05 -1.4500000000e+01 -9.0000000000e+00 1.0000000000e+01
6.8877342873e-05 -1.4500000000e+01 -9.5000000000e+00 1.0000000000e+01
7.8048254528e-05 -1.1500000000e+01 -1.3000000000e+01 9.0000000000e+00
6.8877342873e-05 -1.1000000000e+01 -1.3000000000e+01 9.0000000000e+00
6.8877342873e-05 -1.2000000000e+01 -1.3000000000e+01 9.0000000000e+00
4.7338659308e-05 -1.0500000000e+01 -1.3000000000e+01 9.0000000000e+00
4.7338659308e-05 -1.2500000000e+01 -1.3000000000e+01 9.0000000000e+00
7.8048254528e-05 -1.4500000000e+01 -1.0000000000e+01 1.0000000000e+01
6.8877342873e-05 -1.4500000000e+01 -1.0500000000e+01 1.0000000000e+01
4.7338659308e-05 -1.4500000000e+01 -1.1000000000e+01 1.0000000000e+01
4.7338659308e-05 -1.4500000000e+01 -9.0000000000e+00 9.0000000000e+00
6.8877342873e-05 -1.4500000000e+01 -9.5000000000e+00 9.0000000000e+00
8.8440258883e-05 -1.1500000000e+01 -1.3000000000e+01 9.5000000000e+00
7.8048254528e-05 -1.1000000000e+01 -1.3000000000e+01 9.5000000000e+00
7.8048254528e-05 -1.2000000000e+01 -1.3000000000e+01 9.5000000000e+00
5.3641728566e-05 -1.0500000000e+01 -1.3000000000e+01 9.5000000000e+00
5.3641728566e-05 -1.2500000000e+01 -1.3000000000e+01 9.5000000000e+00
7.8048254528e-05 -1.4500000000e+01 -1.0000000000e+01 9.0000000000e+00
6.8877342873e-05 -1.4500000000e+01 -1.0500000000e+01 9.0000000000e+00
4.7338659308e-05 -1.4500000000e+01 -1.1000000000e+01 9.0000000000e+00
5.3641728566e-05 -1.4500000000e+01 -9.0000000000e+00 9.5000000000e+00
7.8048254528e-05 -1.4500000000e+01 -9.5000000000e+00 9.5000000000e+00
8.8440258883e-05 -1.1500000000e+01 -1.0000000000e+01 1.2500000000e+01
7.8048254528e-05 -1.1500000000e+01 -1.0500000000e+01 1.2500000000e+01
7.8048254528e-05 -1.1500000000e+01 -9.5000000000e+00 1.2500000000e+01
6.8877342873e-05 -1.1000000000e+01 -9.5000000000e+00 1.2500000000e+01
7.8048254528e-05 -1.1000000000e+01 -1.0000000000e+01 1.2500000000e+01
6.8877342873e-05 -1.1000000000e+01 -1.0500000000e+01 1.2500000000e+01
5.3641728566e-05 -1.1500000000e+01 -1.1000000000e+01 1.2500000000e+01
6.8877342873e-05 -1.2000000000e+01 -9.5000000000e+00 1.2500000000e+01
7.8048254528e-05 -1.2000000000e+01 -1.0000000000e+01 1.2500000000e+01
6.8877342873e-05 -1.2000000000e+01 -1.0500000000e+01 1.2500000000e+01
4.7338659308e-05 -1.1000000000e+01 -1.1000000000e+01 1.2500000000e+01
4.7338659308e-05 -1.2000000000e+01 -1.1000000000e+01 1.2500000000e+01
4.7338659308e-05 -1.2500000000e+01 -9.5000000000e+00 1.2500000000e+01
5.3641728566e-05 -1.1500000000e+01 -9.0000000000e+00 1.2500000000e+01
4.7338659308e-05 -1.1000000000e+01 -9.0000000000e+00 1.2500000000e+01
4.7338659308e-05 -1.2000000000e+01 -9.0000000000e+00 1.2500000000e+01
4.7338659308e-05 -1.0500000000e+01 -9.5000000000e+00 1.2500000000e+01
5.3641728566e-05 -1.0500000000e+01 -1.0000000000e+01 1.2500000000e+01
4.7338659308e-05 -1.0500000000e+01 -1.0500000000e+01 1.2500000000e+01
5.3641728566e-05 -1.2500000000e+01 -1.0000000000e+01 1.2500000000e+01
4.7338659308e-05 -1.2500000000e+01 -1.0500000000e+01 1.2500000000e+01
8.8440258883e-05 -1.4500000000e+01 -1.0000000000e+01 9.5000000000e+00
7.8048254528e-05 -1.4500000000e+01 -1.0500000000e+01 9.5000000000e+00
5.3641728566e-05 -1.4500000000e+01 -1.1000000000e+01 9.5000000000e+00
5.3641728566e-05 -1.1500000000e+01 -7.0000000000e+00 1.0500000000e+01
4.7338659308e-05 -1.1000000000e+01 -7.0000000000e+00 1.0500000000e+01
4.7338659308e-05 -1.2000000000e+01 -7.0000000000e+00 1.0500000000e+01
4.7338659308e-05 -8.5000000000e+00 -9.5000000000e+00 1.0500000000e+01
5.3641728566e-05 -8.5000000000e+00 -1.0000000000e+01 1.0500000000e+01
4.7338659308e-05 -8.5000000000e+00 -1.0500000000e+01 1.0500000000e+01
5.3641728566e-05 -1.1500000000e+01 -7.0000000000e+00 8.5000000000e+00
4.7338659308e-05 -1.1000000000e+01 -7.0000000000e+00 8.5000000000e+00
4.7338659308e-05 -1.2000000000e+01 -7.0000000000e+00 8.5000000000e+00
4.7338659308e-05 -8.5000000000e+00 -9.5000000000e+00 8.5000000000e+00
5.3641728566e-05 -8.5000000000e+00 -1.0000000000e+01 8.5000000000e+00
4.7338659308e-05 -8.5000000000e+00 -1.0500000000e+01 8.5000000000e+00
7.8048254528e-05 -1.1500000000e+01 -7.0000000000e+00 1.0000000000e+01
6.8877342873e-05 -1.1000000000e+01 -7.0000000000e+00 1.0000000000e+01
6.8877342873e-05 -1.2000000000e+01 -7.0000000000e+00 1.0000000000e+01
4.7338659308e-05 -1.0500000000e+01 -7.0000000000e+00 1.0000000000e+01
4.7338659308e-05 -1.2500000000e+01 -7.0000000000e+00 1.0000000000e+01
4.7338659308e-05 -8.5000000000e+00 -9.0000000000e+00 1.0000000000e+01
6.8877342873e-05 -8.5000000000e+00 -9.5000000000e+00 1.0000000000e+01
7.8048254528e-05 -8.5000000000e+00 -1.0000000000e+01 1.0000000000e+01
6.8877342873e-05 -8.5000000000e+00 -1.0500000000e+01 1.0000000000e+01
4.7338659308e-05 -8.5000000000e+00 -1.1000000000e+01 1.0000000000e+01
7.8048254528e-05 -1.1500000000e+01 -7.0000000000e+00 9.0000000000e+00
6.8877342873e-05 -1.1000000000e+01 -7.0000000000e+00 9.0000000000e+00
6.8877342873e-05 -1.2000000000e+01 -7.0000000000e+00 9.0000000000e+00
4.7338659308e-05 -1.0500000000e+01 -7.0000000000e+00 9.0000000000e+00
4.7338659308e-05 -1.2500000000e+01 -7.0000000000e+00 9.0000000000e+00
4.7338659308e-05 -8.5000000000e+00 -9.0000000000e+00 9.0000000000e+00
6.8877342873e-05 -8.5000000000e+00 -9.5000000000e+00 9.0000000000e+00
7.8048254528e-05 -8.5000000000e+00 -1.0000000000e+01 9.0000000000e+00
6.8877342873e-05 -8.5000000000e+00 -1.0500000000e+01 9.0000000000e+00
4.7338659308e-05 -8.5000000000e+00 -1.1000000000e+01 9.0000000000e+00
8.8440258883e-05 -1.1500000000e+01 -7.0000000000e+00 9.5000000000e+00
7.8048254528e-05 -1.1000000000e+01 -7.0000000000e+00 9.5000000000e+00
7.8048254528e-05 -1.2000000000e+01 -7.0000000000e+00 9.5000000000e+00
5.3641728566e-05 -1.0500000000e+01 -7.0000000000e+00 9.5000000000e+00
5.3641728566e-05 -1.2500000000e+01 -7.0000000000e+00 9.5000000000e+00
5.3641728566e-05 -8.5000000000e+00 -9.0000000000e+00 9.5000000000e+00
7.8048254528e-05 -8.5000000000e+00 -9.5000000000e+00 9.5000000000e+00
8.8440258883e-05 -8.5000000000e+00 -1.0000000000e+01 9.5000000000e+00
7.8048254528e-05 -8.5000000000e+00 -1.0500000000e+01 9.5000000000e+00
5.3641728566e-05 -8.5000000000e+00 -1.1000000000e+01 9.5000000000e+00
