0.200000
0.000039 -5.000000 0.500000 1.000000
0.000029 -4.500000 0.500000 1.000000
0.000037 -5.500000 0.500000 1.500000
0.000031 -4.500000 0.500000 1.500000
0.000047 -5.000000 0.500000 1.500000
0.000034 -5.500000 0.500000 2.000000
0.000022 -4.500000 0.500000 2.000000
0.000041 -5.000000 0.500000 2.000000
0.000021 -5.000000 0.500000 2.500000
0.000030 -5.500000 0.500000 1.000000
0.000033 -4.500000 1.000000 0.000000
0.000025 -4.000000 1.000000 0.000000
0.000100 -5.000000 1.000000 0.500000
0.000066 -6.000000 1.000000 1.000000
0.000038 -4.000000 1.000000 0.500000
0.000086 -4.500000 1.000000 0.500000
0.000159 -5.500000 1.000000 1.000000
0.000184 -5.000000 1.000000 1.000000
0.000037 -4.000000 1.000000 1.000000
0.000126 -4.500000 1.000000 1.000000
0.000077 -6.000000 1.000000 1.500000
0.000194 -5.500000 1.000000 1.500000
0.000021 -4.000000 1.000000 1.500000
0.000131 -4.500000 1.000000 1.500000
0.000203 -5.000000 1.000000 1.500000
0.000069 -6.000000 1.000000 2.000000
0.000184 -5.500000 1.000000 2.000000
0.000102 -4.500000 1.000000 2.000000
0.000189 -5.000000 1.000000 2.000000
0.000031 -6.000000 1.000000 2.500000
0.000058 -4.500000 1.000000 2.500000
0.000122 -5.000000 1.000000 2.500000
0.000117 -5.500000 1.000000 2.500000
0.000023 -4.500000 1.000000 3.000000
0.000046 -5.000000 1.000000 3.000000
0.000032 -5.500000 1.000000 3.000000
0.000061 -5.500000 1.000000 0.500000
0.000047 -5.500000 1.500000 0.000000
0.000038 -4.000000 1.500000 -0.500000
0.000122 -5.000000 1.500000 0.000000
0.000150 -4.500000 1.500000 0.000000
0.000029 -6.500000 1.500000 0.500000
0.000022 -3.500000 1.500000 0.000000
0.000125 -6.000000 1.500000 0.500000
0.000093 -4.000000 1.500000 0.000000
0.000304 -5.500000 1.500000 0.500000
0.000404 -5.000000 1.500000 0.500000
0.000048 -6.500000 1.500000 1.000000
0.000283 -6.000000 1.500000 1.000000
0.000124 -4.000000 1.500000 0.500000
0.000323 -4.500000 1.500000 0.500000
0.000609 -5.500000 1.500000 1.000000
0.000642 -5.000000 1.500000 1.000000
0.000123 -4.000000 1.500000 1.000000
0.000044 -6.500000 1.500000 1.500000
0.000431 -4.500000 1.500000 1.000000
0.000314 -6.000000 1.500000 1.500000
0.000683 -5.500000 1.500000 1.500000
0.000072 -4.000000 1.500000 1.500000
0.000024 -6.500000 1.500000 2.000000
0.000440 -4.500000 1.500000 1.500000
0.000698 -5.000000 1.500000 1.500000
0.000289 -6.000000 1.500000 2.000000
0.000646 -5.500000 1.500000 2.000000
0.000031 -4.000000 1.500000 2.000000
0.000354 -4.500000 1.500000 2.000000
0.000649 -5.000000 1.500000 2.000000
0.000154 -6.000000 1.500000 2.500000
0.000435 -5.500000 1.500000 2.500000
0.000215 -4.500000 1.500000 2.500000
0.000439 -5.000000 1.500000 2.500000
0.000030 -4.500000 1.500000 -0.500000
0.000099 -4.500000 1.500000 3.000000
0.000192 -5.000000 1.500000 3.000000
0.000159 -5.500000 1.500000 3.000000
0.000032 -4.500000 1.500000 3.500000
0.000037 -5.000000 1.500000 3.500000
0.000022 -3.500000 2.000000 -1.000000
0.000030 -5.500000 2.000000 -0.500000
0.000079 -5.000000 2.000000 -0.500000
0.000147 -4.500000 2.000000 -0.500000
0.000040 -6.500000 2.000000 0.000000
0.000119 -6.000000 2.000000 0.000000
0.000051 -3.500000 2.000000 -0.500000
0.000325 -5.500000 2.000000 0.000000
0.000129 -4.000000 2.000000 -0.500000
0.000137 -6.500000 2.000000 0.500000
0.000055 -3.500000 2.000000 0.000000
0.000537 -6.000000 2.000000 0.500000
0.000271 -4.000000 2.000000 0.000000
0.000489 -4.500000 2.000000 0.000000
0.000526 -5.000000 2.000000 0.000000
0.001080 -5.500000 2.000000 0.500000
0.001228 -5.000000 2.000000 0.500000
0.000021 -3.500000 2.000000 0.500000
0.000154 -6.500000 2.000000 1.000000
0.000329 -4.000000 2.000000 0.500000
0.000911 -4.500000 2.000000 0.500000
0.000856 -6.000000 2.000000 1.000000
0.001671 -5.500000 2.000000 1.000000
0.001701 -5.000000 2.000000 1.000000
0.000319 -4.000000 2.000000 1.000000
0.000141 -6.500000 2.000000 1.500000
0.001127 -4.500000 2.000000 1.000000
0.000879 -6.000000 2.000000 1.500000
0.001746 -5.500000 2.000000 1.500000
0.000209 -4.000000 2.000000 1.500000
0.001141 -4.500000 2.000000 1.500000
0.001770 -5.000000 2.000000 1.500000
0.000086 -6.500000 2.000000 2.000000
0.000790 -6.000000 2.000000 2.000000
0.001626 -5.500000 2.000000 2.000000
0.000110 -4.000000 2.000000 2.000000
0.000937 -4.500000 2.000000 2.000000
0.001628 -5.000000 2.000000 2.000000
0.000439 -6.000000 2.000000 2.500000
0.000030 -4.000000 2.000000 2.500000
0.000599 -4.500000 2.000000 2.500000
0.001128 -5.000000 2.000000 2.500000
0.001113 -5.500000 2.000000 2.500000
0.000030 -4.000000 2.000000 -1.000000
0.000068 -6.000000 2.000000 3.000000
0.000298 -4.500000 2.000000 3.000000
0.000536 -5.000000 2.000000 3.000000
0.000479 -5.500000 2.000000 3.000000
0.000104 -4.500000 2.000000 3.500000
0.000138 -5.000000 2.000000 3.500000
0.000055 -5.500000 2.000000 3.500000
0.000051 -5.000000 2.500000 -1.000000
0.000081 -4.500000 2.500000 -1.000000
0.000062 -3.500000 2.500000 -1.000000
0.000033 -6.500000 2.500000 -0.500000
0.000104 -4.000000 2.500000 -1.000000
0.000090 -6.000000 2.500000 -0.500000
0.000241 -5.500000 2.500000 -0.500000
0.000436 -5.000000 2.500000 -0.500000
0.000028 -7.000000 2.500000 0.000000
0.000219 -6.500000 2.500000 0.000000
0.000107 -3.500000 2.500000 -0.500000
0.000336 -4.000000 2.500000 -0.500000
0.000490 -4.500000 2.500000 -0.500000
0.000646 -6.000000 2.500000 0.000000
0.001501 -5.000000 2.500000 0.000000
0.001263 -5.500000 2.500000 0.000000
0.000037 -7.000000 2.500000 0.500000
0.000109 -3.500000 2.500000 0.000000
0.000597 -4.000000 2.500000 0.000000
0.000377 -6.500000 2.500000 0.500000
0.001526 -6.000000 2.500000 0.500000
0.001229 -4.500000 2.500000 0.000000
0.002690 -5.500000 2.500000 0.500000
0.002740 -5.000000 2.500000 0.500000
0.000043 -3.500000 2.500000 0.500000
0.000040 -7.000000 2.500000 1.000000
0.000716 -4.000000 2.500000 0.500000
0.000373 -6.500000 2.500000 1.000000
0.001994 -4.500000 2.500000 0.500000
0.001849 -6.000000 2.500000 1.000000
0.003414 -5.500000 2.500000 1.000000
0.003461 -5.000000 2.500000 1.000000
0.000701 -4.000000 2.500000 1.000000
0.002353 -4.500000 2.500000 1.000000
0.000315 -6.500000 2.500000 1.500000
0.001823 -6.000000 2.500000 1.500000
0.003515 -5.000000 2.500000 1.500000
0.000527 -4.000000 2.500000 1.500000
0.002373 -4.500000 2.500000 1.500000
0.003457 -5.500000 2.500000 1.500000
0.000162 -6.500000 2.500000 2.000000
0.001554 -6.000000 2.500000 2.000000
0.000322 -4.000000 2.500000 2.000000
0.002009 -4.500000 2.500000 2.000000
0.003211 -5.000000 2.500000 2.000000
0.003167 -5.500000 2.500000 2.000000
0.000833 -6.000000 2.500000 2.500000
0.000125 -4.000000 2.500000 2.500000
0.001342 -4.500000 2.500000 2.500000
0.002251 -5.000000 2.500000 2.500000
0.002175 -5.500000 2.500000 2.500000
0.000029 -5.500000 2.500000 -1.000000
0.000041 -4.000000 2.500000 3.000000
0.000696 -4.500000 2.500000 3.000000
0.001119 -5.000000 2.500000 3.000000
0.000979 -5.500000 2.500000 3.000000
0.000132 -6.000000 2.500000 3.000000
0.000257 -4.500000 2.500000 3.500000
0.000329 -5.000000 2.500000 3.500000
0.000141 -5.500000 2.500000 3.500000
0.000050 -4.500000 2.500000 4.000000
0.000033 -5.000000 2.500000 4.000000
0.000036 -5.000000 3.000000 -1.500000
0.000039 -4.500000 3.000000 -1.500000
0.000040 -3.500000 3.000000 -1.500000
0.000043 -4.000000 3.000000 -1.500000
0.000027 -5.500000 3.000000 -1.500000
0.000037 -6.500000 3.000000 -1.000000
0.000273 -5.000000 3.000000 -1.000000
0.000314 -4.500000 3.000000 -1.000000
0.000123 -3.500000 3.000000 -1.000000
0.000259 -4.000000 3.000000 -1.000000
0.000173 -5.500000 3.000000 -1.000000
0.000089 -6.000000 3.000000 -1.000000
0.000067 -7.000000 3.000000 -0.500000
0.000234 -6.500000 3.000000 -0.500000
0.000598 -6.000000 3.000000 -0.500000
0.001124 -5.500000 3.000000 -0.500000
0.000181 -3.500000 3.000000 -0.500000
0.000660 -4.000000 3.000000 -0.500000
0.001149 -4.500000 3.000000 -0.500000
0.001344 -5.000000 3.000000 -0.500000
0.000079 -7.000000 3.000000 0.000000
0.000622 -6.500000 3.000000 0.000000
0.002969 -5.500000 3.000000 0.000000
0.001796 -6.000000 3.000000 0.000000
0.002367 -4.500000 3.000000 0.000000
0.000183 -3.500000 3.000000 0.000000
0.000074 -7.000000 3.000000 0.500000
0.001074 -4.000000 3.000000 0.000000
0.003052 -5.000000 3.000000 0.000000
0.000704 -6.500000 3.000000 0.500000
0.002873 -6.000000 3.000000 0.500000
0.004785 -5.500000 3.000000 0.500000
0.004833 -5.000000 3.000000 0.500000
0.000102 -3.500000 3.000000 0.500000
0.001307 -4.000000 3.000000 0.500000
0.000063 -7.000000 3.000000 1.000000
0.003497 -4.500000 3.000000 0.500000
0.000648 -6.500000 3.000000 1.000000
0.003057 -6.000000 3.000000 1.000000
0.005534 -5.500000 3.000000 1.000000
0.000036 -3.500000 3.000000 1.000000
0.001344 -4.000000 3.000000 1.000000
0.004031 -4.500000 3.000000 1.000000
0.005648 -5.000000 3.000000 1.000000
0.000029 -7.000000 3.000000 1.500000
0.000548 -6.500000 3.000000 1.500000
0.005541 -5.500000 3.000000 1.500000
0.001118 -4.000000 3.000000 1.500000
0.004062 -4.500000 3.000000 1.500000
0.005678 -5.000000 3.000000 1.500000
0.002985 -6.000000 3.000000 1.500000
0.000312 -6.500000 3.000000 2.000000
0.005080 -5.500000 3.000000 2.000000
0.000750 -4.000000 3.000000 2.000000
0.003517 -4.500000 3.000000 2.000000
0.005201 -5.000000 3.000000 2.000000
0.002529 -6.000000 3.000000 2.000000
0.000052 -6.500000 3.000000 2.500000
0.000353 -4.000000 3.000000 2.500000
0.002424 -4.500000 3.000000 2.500000
0.003721 -5.000000 3.000000 2.500000
0.003572 -5.500000 3.000000 2.500000
0.001471 -6.000000 3.000000 2.500000
0.000124 -4.000000 3.000000 3.000000
0.001299 -4.500000 3.000000 3.000000
0.001949 -5.000000 3.000000 3.000000
0.001747 -5.500000 3.000000 3.000000
0.000385 -6.000000 3.000000 3.000000
0.000046 -4.000000 3.000000 3.500000
0.000498 -4.500000 3.000000 3.500000
0.000641 -5.000000 3.000000 3.500000
0.000402 -5.500000 3.000000 3.500000
0.000024 -4.000000 3.000000 4.000000
0.000104 -4.500000 3.000000 4.000000
0.000093 -5.000000 3.000000 4.000000
0.000023 -5.000000 3.500000 -2.000000
0.000022 -5.500000 3.500000 -2.000000
0.000048 -6.500000 3.500000 -1.500000
0.000146 -4.500000 3.500000 -1.500000
0.000020 -3.000000 3.500000 -1.500000
0.000074 -3.500000 3.500000 -1.500000
0.000124 -4.000000 3.500000 -1.500000
0.000148 -5.000000 3.500000 -1.500000
0.000129 -5.500000 3.500000 -1.500000
0.000088 -6.000000 3.500000 -1.500000
0.000091 -7.000000 3.500000 -1.000000
0.000240 -6.500000 3.500000 -1.000000
0.000505 -6.000000 3.500000 -1.000000
0.000807 -5.500000 3.500000 -1.000000
0.000474 -4.000000 3.500000 -1.000000
0.000023 -3.000000 3.500000 -1.000000
0.000180 -3.500000 3.500000 -1.000000
0.000765 -4.500000 3.500000 -1.000000
0.000903 -5.000000 3.500000 -1.000000
0.000697 -6.500000 3.500000 -0.500000
0.000111 -7.000000 3.500000 -0.500000
0.001651 -6.000000 3.500000 -0.500000
0.002524 -5.500000 3.500000 -0.500000
0.000267 -3.500000 3.500000 -0.500000
0.001019 -4.000000 3.500000 -0.500000
0.001985 -4.500000 3.500000 -0.500000
0.002549 -5.000000 3.500000 -0.500000
0.000106 -7.000000 3.500000 0.000000
0.000951 -6.500000 3.500000 0.000000
0.004724 -5.000000 3.500000 0.000000
0.000291 -3.500000 3.500000 0.000000
0.001614 -4.000000 3.500000 0.000000
0.003552 -4.500000 3.500000 0.000000
0.004682 -5.500000 3.500000 0.000000
0.003035 -6.000000 3.500000 0.000000
0.000099 -7.000000 3.500000 0.500000
0.000915 -6.500000 3.500000 0.500000
0.003871 -6.000000 3.500000 0.500000
0.000225 -3.500000 3.500000 0.500000
0.002045 -4.000000 3.500000 0.500000
0.005007 -4.500000 3.500000 0.500000
0.006661 -5.000000 3.500000 0.500000
0.006531 -5.500000 3.500000 0.500000
0.000085 -7.000000 3.500000 1.000000
0.000842 -6.500000 3.500000 1.000000
0.003928 -6.000000 3.500000 1.000000
0.007194 -5.500000 3.500000 1.000000
0.000135 -3.500000 3.500000 1.000000
0.002163 -4.000000 3.500000 1.000000
0.005675 -4.500000 3.500000 1.000000
0.007446 -5.000000 3.500000 1.000000
0.000036 -7.000000 3.500000 1.500000
0.000050 -3.500000 3.500000 1.500000
0.001953 -4.000000 3.500000 1.500000
0.005708 -4.500000 3.500000 1.500000
0.007468 -5.000000 3.500000 1.500000
0.007195 -5.500000 3.500000 1.500000
0.003814 -6.000000 3.500000 1.500000
0.000719 -6.500000 3.500000 1.500000
0.000377 -6.500000 3.500000 2.000000
0.000025 -7.000000 3.500000 -1.500000
0.001444 -4.000000 3.500000 2.000000
0.005040 -4.500000 3.500000 2.000000
0.006858 -5.000000 3.500000 2.000000
0.000786 -4.000000 3.500000 2.500000
0.003548 -4.500000 3.500000 2.500000
0.004902 -5.000000 3.500000 2.500000
0.004582 -5.500000 3.500000 2.500000
0.001743 -6.000000 3.500000 2.500000
0.000039 -6.500000 3.500000 2.500000
0.000334 -4.000000 3.500000 3.000000
0.001946 -4.500000 3.500000 3.000000
0.002602 -5.000000 3.500000 3.000000
0.002177 -5.500000 3.500000 3.000000
0.000339 -6.000000 3.500000 3.000000
0.000129 -4.000000 3.500000 3.500000
0.000769 -4.500000 3.500000 3.500000
0.000902 -5.000000 3.500000 3.500000
0.000474 -5.500000 3.500000 3.500000
0.000055 -4.000000 3.500000 4.000000
0.000166 -4.500000 3.500000 4.000000
0.000150 -5.000000 3.500000 4.000000
0.000026 -5.500000 3.500000 4.000000
0.000043 -6.500000 4.000000 -2.000000
0.000064 -6.000000 4.000000 -2.000000
0.000075 -5.500000 4.000000 -2.000000
0.000055 -4.500000 4.000000 -2.000000
0.000024 -3.500000 4.000000 -2.000000
0.000038 -4.000000 4.000000 -2.000000
0.000073 -5.000000 4.000000 -2.000000
0.000026 -7.000000 4.000000 -2.000000
0.000090 -7.000000 4.000000 -1.500000
0.000449 -5.500000 4.000000 -1.500000
0.000226 -4.000000 4.000000 -1.500000
0.000021 -3.000000 4.000000 -1.500000
0.000100 -3.500000 4.000000 -1.500000
0.000361 -4.500000 4.000000 -1.500000
0.000445 -5.000000 4.000000 -1.500000
0.000338 -6.000000 4.000000 -1.500000
0.000202 -6.500000 4.000000 -1.500000
0.000542 -6.500000 4.000000 -1.000000
0.001161 -6.000000 4.000000 -1.000000
0.001610 -5.500000 4.000000 -1.000000
0.000025 -3.000000 4.000000 -1.000000
0.000217 -3.500000 4.000000 -1.000000
0.000644 -4.000000 4.000000 -1.000000
0.001196 -4.500000 4.000000 -1.000000
0.001586 -5.000000 4.000000 -1.000000
0.000109 -7.000000 4.000000 -1.000000
0.000837 -6.500000 4.000000 -0.500000
0.003401 -5.000000 4.000000 -0.500000
0.000344 -3.500000 4.000000 -0.500000
0.001288 -4.000000 4.000000 -0.500000
0.002575 -4.500000 4.000000 -0.500000
0.003385 -5.500000 4.000000 -0.500000
0.002288 -6.000000 4.000000 -0.500000
0.000097 -7.000000 4.000000 -0.500000
0.000086 -7.000000 4.000000 0.000000
0.000851 -6.500000 4.000000 0.000000
0.000411 -3.500000 4.000000 0.000000
0.002042 -4.000000 4.000000 0.000000
0.004307 -4.500000 4.000000 0.000000
0.005538 -5.000000 4.000000 0.000000
0.005384 -5.500000 4.000000 0.000000
0.003327 -6.000000 4.000000 0.000000
0.000082 -7.000000 4.000000 0.500000
0.003658 -6.000000 4.000000 0.500000
0.000397 -3.500000 4.000000 0.500000
0.002656 -4.000000 4.000000 0.500000
0.005877 -4.500000 4.000000 0.500000
0.007288 -5.000000 4.000000 0.500000
0.006894 -5.500000 4.000000 0.500000
0.000759 -6.500000 4.000000 0.500000
0.000070 -7.000000 4.000000 1.000000
0.003620 -6.000000 4.000000 1.000000
0.000325 -3.500000 4.000000 1.000000
0.002871 -4.000000 4.000000 1.000000
0.006534 -4.500000 4.000000 1.000000
0.007876 -5.000000 4.000000 1.000000
0.007243 -5.500000 4.000000 1.000000
0.000719 -6.500000 4.000000 1.000000
0.000025 -7.000000 4.000000 1.500000
0.000212 -3.500000 4.000000 1.500000
0.002809 -4.000000 4.000000 1.500000
0.006548 -4.500000 4.000000 1.500000
0.007870 -5.000000 4.000000 1.500000
0.007202 -5.500000 4.000000 1.500000
0.003516 -6.000000 4.000000 1.500000
0.000609 -6.500000 4.000000 1.500000
0.000274 -6.500000 4.000000 2.000000
0.000056 -3.500000 4.000000 2.000000
0.002199 -4.000000 4.000000 2.000000
0.005810 -4.500000 4.000000 2.000000
0.007045 -5.000000 4.000000 2.000000
0.006371 -5.500000 4.000000 2.000000
0.002808 -6.000000 4.000000 2.000000
0.001364 -4.000000 4.000000 2.500000
0.004052 -4.500000 4.000000 2.500000
0.004823 -5.000000 4.000000 2.500000
0.004195 -5.500000 4.000000 2.500000
0.001364 -6.000000 4.000000 2.500000
0.000666 -4.000000 4.000000 3.000000
0.002183 -4.500000 4.000000 3.000000
0.002462 -5.000000 4.000000 3.000000
0.001877 -5.500000 4.000000 3.000000
0.000185 -6.000000 4.000000 3.000000
0.000286 -4.000000 4.000000 3.500000
0.000825 -4.500000 4.000000 3.500000
0.000836 -5.000000 4.000000 3.500000
0.000336 -5.500000 4.000000 3.500000
0.000103 -4.000000 4.000000 4.000000
0.000167 -4.500000 4.000000 4.000000
0.000131 -5.000000 4.000000 4.000000
0.000021 -4.000000 4.000000 4.500000
0.000021 -4.500000 4.000000 4.500000
0.000025 -5.000000 4.500000 -2.500000
0.000030 -5.500000 4.500000 -2.500000
0.000028 -6.000000 4.500000 -2.500000
0.000020 -6.500000 4.500000 -2.500000
0.000111 -6.500000 4.500000 -2.000000
0.000179 -5.500000 4.500000 -2.000000
0.000068 -4.000000 4.500000 -2.000000
0.000032 -3.500000 4.500000 -2.000000
0.000118 -4.500000 4.500000 -2.000000
0.000164 -5.000000 4.500000 -2.000000
0.000159 -6.000000 4.500000 -2.000000
0.000086 -7.000000 4.500000 -1.500000
0.000710 -5.000000 4.500000 -1.500000
0.000104 -3.500000 4.500000 -1.500000
0.000277 -4.000000 4.500000 -1.500000
0.000510 -4.500000 4.500000 -1.500000
0.000750 -5.500000 4.500000 -1.500000
0.000596 -6.000000 4.500000 -1.500000
0.000313 -6.500000 4.500000 -1.500000
0.000572 -6.500000 4.500000 -1.000000
0.001339 -6.000000 4.500000 -1.000000
0.001837 -5.000000 4.500000 -1.000000
0.000024 -3.000000 4.500000 -1.000000
0.000221 -3.500000 4.500000 -1.000000
0.000698 -4.000000 4.500000 -1.000000
0.001359 -4.500000 4.500000 -1.000000
0.001861 -5.500000 4.500000 -1.000000
0.000074 -7.000000 4.500000 -1.000000
0.000063 -7.000000 4.500000 -0.500000
0.000025 -3.000000 4.500000 -0.500000
0.000369 -3.500000 4.500000 -0.500000
0.001367 -4.000000 4.500000 -0.500000
0.002724 -4.500000 4.500000 -0.500000
0.003530 -5.000000 4.500000 -0.500000
0.003454 -5.500000 4.500000 -0.500000
0.002222 -6.000000 4.500000 -0.500000
0.000665 -6.500000 4.500000 -0.500000
0.000061 -7.000000 4.500000 0.000000
0.002915 -6.000000 4.500000 0.000000
0.000023 -3.000000 4.500000 0.000000
0.000501 -3.500000 4.500000 0.000000
0.002192 -4.000000 4.500000 0.000000
0.004425 -4.500000 4.500000 0.000000
0.005456 -5.000000 4.500000 0.000000
0.005161 -5.500000 4.500000 0.000000
0.000615 -6.500000 4.500000 0.000000
0.000559 -3.500000 4.500000 0.500000
0.002921 -4.000000 4.500000 0.500000
0.005919 -4.500000 4.500000 0.500000
0.006990 -5.000000 4.500000 0.500000
0.006335 -5.500000 4.500000 0.500000
0.003025 -6.000000 4.500000 0.500000
0.000556 -6.500000 4.500000 0.500000
0.000057 -7.000000 4.500000 0.500000
0.000040 -7.000000 4.500000 1.000000
0.000510 -6.500000 4.500000 1.000000
0.000526 -3.500000 4.500000 1.000000
0.003234 -4.000000 4.500000 1.000000
0.006503 -4.500000 4.500000 1.000000
0.007453 -5.000000 4.500000 1.000000
0.006565 -5.500000 4.500000 1.000000
0.002970 -6.000000 4.500000 1.000000
0.000410 -3.500000 4.500000 1.500000
0.003197 -4.000000 4.500000 1.500000
0.006491 -4.500000 4.500000 1.500000
0.007423 -5.000000 4.500000 1.500000
0.006489 -5.500000 4.500000 1.500000
0.002764 -6.000000 4.500000 1.500000
0.000360 -6.500000 4.500000 1.500000
0.000217 -3.500000 4.500000 2.000000
0.002608 -4.000000 4.500000 2.000000
0.005660 -4.500000 4.500000 2.000000
0.006419 -5.000000 4.500000 2.000000
0.005399 -5.500000 4.500000 2.000000
0.001863 -6.000000 4.500000 2.000000
0.000086 -6.500000 4.500000 2.000000
0.000073 -3.500000 4.500000 2.500000
0.001722 -4.000000 4.500000 2.500000
0.003828 -4.500000 4.500000 2.500000
0.004202 -5.000000 4.500000 2.500000
0.003167 -5.500000 4.500000 2.500000
0.000611 -6.000000 4.500000 2.500000
0.000929 -4.000000 4.500000 3.000000
0.001958 -4.500000 4.500000 3.000000
0.002035 -5.000000 4.500000 3.000000
0.001091 -5.500000 4.500000 3.000000
0.000035 -6.000000 4.500000 3.000000
0.000401 -4.000000 4.500000 3.500000
0.000682 -4.500000 4.500000 3.500000
0.000614 -5.000000 4.500000 3.500000
0.000119 -5.500000 4.500000 3.500000
0.000122 -4.000000 4.500000 4.000000
0.000137 -4.500000 4.500000 4.000000
0.000080 -5.000000 4.500000 4.000000
0.000021 -4.000000 4.500000 4.500000
0.000035 -6.500000 5.000000 -2.500000
0.000025 -4.500000 5.000000 -2.500000
0.000040 -5.000000 5.000000 -2.500000
0.000047 -5.500000 5.000000 -2.500000
0.000044 -6.000000 5.000000 -2.500000
0.000137 -6.500000 5.000000 -2.000000
0.000224 -6.000000 5.000000 -2.000000
0.000227 -5.000000 5.000000 -2.000000
0.000028 -3.500000 5.000000 -2.000000
0.000079 -4.000000 5.000000 -2.000000
0.000155 -4.500000 5.000000 -2.000000
0.000256 -5.500000 5.000000 -2.000000
0.000051 -7.000000 5.000000 -1.500000
0.000286 -6.500000 5.000000 -1.500000
0.000080 -3.500000 5.000000 -1.500000
0.000247 -4.000000 5.000000 -1.500000
0.000503 -4.500000 5.000000 -1.500000
0.000728 -5.000000 5.000000 -1.500000
0.000769 -5.500000 5.000000 -1.500000
0.000601 -6.000000 5.000000 -1.500000
0.000041 -7.000000 5.000000 -1.000000
0.001130 -6.000000 5.000000 -1.000000
0.001622 -5.500000 5.000000 -1.000000
0.000021 -3.000000 5.000000 -1.000000
0.000175 -3.500000 5.000000 -1.000000
0.000581 -4.000000 5.000000 -1.000000
0.001174 -4.500000 5.000000 -1.000000
0.001609 -5.000000 5.000000 -1.000000
0.000420 -6.500000 5.000000 -1.000000
0.000037 -7.000000 5.000000 -0.500000
0.000030 -3.000000 5.000000 -0.500000
0.000319 -3.500000 5.000000 -0.500000
0.001132 -4.000000 5.000000 -0.500000
0.002247 -4.500000 5.000000 -0.500000
0.002878 -5.000000 5.000000 -0.500000
0.002781 -5.500000 5.000000 -0.500000
0.001708 -6.000000 5.000000 -0.500000
0.000433 -6.500000 5.000000 -0.500000
0.000384 -6.500000 5.000000 0.000000
0.000033 -3.000000 5.000000 0.000000
0.000481 -3.500000 5.000000 0.000000
0.001859 -4.000000 5.000000 0.000000
0.003607 -4.500000 5.000000 0.000000
0.004341 -5.000000 5.000000 0.000000
0.004007 -5.500000 5.000000 0.000000
0.002113 -6.000000 5.000000 0.000000
0.000036 -7.000000 5.000000 0.000000
0.000028 -3.000000 5.000000 0.500000
0.000602 -3.500000 5.000000 0.500000
0.002573 -4.000000 5.000000 0.500000
0.004850 -4.500000 5.000000 0.500000
0.005521 -5.000000 5.000000 0.500000
0.004825 -5.500000 5.000000 0.500000
0.002114 -6.000000 5.000000 0.500000
0.000346 -6.500000 5.000000 0.500000
0.000029 -7.000000 5.000000 0.500000
0.000641 -3.500000 5.000000 1.000000
0.002960 -4.000000 5.000000 1.000000
0.005375 -4.500000 5.000000 1.000000
0.005921 -5.000000 5.000000 1.000000
0.004930 -5.500000 5.000000 1.000000
0.002029 -6.000000 5.000000 1.000000
0.000280 -6.500000 5.000000 1.000000
0.000575 -3.500000 5.000000 1.500000
0.002982 -4.000000 5.000000 1.500000
0.005377 -4.500000 5.000000 1.500000
0.005892 -5.000000 5.000000 1.500000
0.004777 -5.500000 5.000000 1.500000
0.001710 -6.000000 5.000000 1.500000
0.000117 -6.500000 5.000000 1.500000
0.000401 -3.500000 5.000000 2.000000
0.002569 -4.000000 5.000000 2.000000
0.004645 -4.500000 5.000000 2.000000
0.004894 -5.000000 5.000000 2.000000
0.003575 -5.500000 5.000000 2.000000
0.000813 -6.000000 5.000000 2.000000
0.000221 -3.500000 5.000000 2.500000
0.001783 -4.000000 5.000000 2.500000
0.002984 -4.500000 5.000000 2.500000
0.002987 -5.000000 5.000000 2.500000
0.001691 -5.500000 5.000000 2.500000
0.000061 -6.000000 5.000000 2.500000
0.000121 -3.500000 5.000000 3.000000
0.000981 -4.000000 5.000000 3.000000
0.001403 -4.500000 5.000000 3.000000
0.001283 -5.000000 5.000000 3.000000
0.000319 -5.500000 5.000000 3.000000
0.000064 -3.500000 5.000000 3.500000
0.000395 -4.000000 5.000000 3.500000
0.000453 -4.500000 5.000000 3.500000
0.000283 -5.000000 5.000000 3.500000
0.000035 -3.500000 5.000000 4.000000
0.000092 -4.000000 5.000000 4.000000
0.000086 -4.500000 5.000000 4.000000
0.000026 -5.000000 5.000000 4.000000
0.000036 -6.500000 5.500000 -2.500000
0.000051 -6.000000 5.500000 -2.500000
0.000053 -5.500000 5.500000 -2.500000
0.000027 -4.500000 5.500000 -2.500000
0.000042 -5.000000 5.500000 -2.500000
0.000208 -5.500000 5.500000 -2.000000
0.000051 -4.000000 5.500000 -2.000000
0.000115 -4.500000 5.500000 -2.000000
0.000184 -5.000000 5.500000 -2.000000
0.000180 -6.000000 5.500000 -2.000000
0.000101 -6.500000 5.500000 -2.000000
0.000022 -7.000000 5.500000 -1.500000
0.000172 -6.500000 5.500000 -1.500000
0.000046 -3.500000 5.500000 -1.500000
0.000154 -4.000000 5.500000 -1.500000
0.000327 -4.500000 5.500000 -1.500000
0.000482 -5.000000 5.500000 -1.500000
0.000506 -5.500000 5.500000 -1.500000
0.000390 -6.000000 5.500000 -1.500000
0.000234 -6.500000 5.500000 -1.000000
0.001014 -5.500000 5.500000 -1.000000
0.000108 -3.500000 5.500000 -1.000000
0.000363 -4.000000 5.500000 -1.000000
0.000744 -4.500000 5.500000 -1.000000
0.001015 -5.000000 5.500000 -1.000000
0.000689 -6.000000 5.500000 -1.000000
0.000234 -6.500000 5.500000 -0.500000
0.000024 -3.000000 5.500000 -0.500000
0.000211 -3.500000 5.500000 -0.500000
0.000721 -4.000000 5.500000 -0.500000
0.001417 -4.500000 5.500000 -0.500000
0.001793 -5.000000 5.500000 -0.500000
0.001715 -5.500000 5.500000 -0.500000
0.001020 -6.000000 5.500000 -0.500000
0.000201 -6.500000 5.500000 0.000000
0.000034 -3.000000 5.500000 0.000000
0.000349 -3.500000 5.500000 0.000000
0.001214 -4.000000 5.500000 0.000000
0.002281 -4.500000 5.500000 0.000000
0.002696 -5.000000 5.500000 0.000000
0.002442 -5.500000 5.500000 0.000000
0.001219 -6.000000 5.500000 0.000000
0.000037 -3.000000 5.500000 0.500000
0.000487 -3.500000 5.500000 0.500000
0.001737 -4.000000 5.500000 0.500000
0.003095 -4.500000 5.500000 0.500000
0.003434 -5.000000 5.500000 0.500000
0.002907 -5.500000 5.500000 0.500000
0.001199 -6.000000 5.500000 0.500000
0.000169 -6.500000 5.500000 0.500000
0.000033 -3.000000 5.500000 1.000000
0.000575 -3.500000 5.500000 1.000000
0.002093 -4.000000 5.500000 1.000000
0.003450 -4.500000 5.500000 1.000000
0.003690 -5.000000 5.500000 1.000000
0.002934 -5.500000 5.500000 1.000000
0.001102 -6.000000 5.500000 1.000000
0.000089 -6.500000 5.500000 1.000000
0.000021 -3.000000 5.500000 1.500000
0.000588 -3.500000 5.500000 1.500000
0.002143 -4.000000 5.500000 1.500000
0.003447 -4.500000 5.500000 1.500000
0.003644 -5.000000 5.500000 1.500000
0.002697 -5.500000 5.500000 1.500000
0.000704 -6.000000 5.500000 1.500000
0.000495 -3.500000 5.500000 2.000000
0.001968 -4.000000 5.500000 2.000000
0.002932 -4.500000 5.500000 2.000000
0.002889 -5.000000 5.500000 2.000000
0.001694 -5.500000 5.500000 2.000000
0.000084 -6.000000 5.500000 2.000000
0.000353 -3.500000 5.500000 2.500000
0.001404 -4.000000 5.500000 2.500000
0.001796 -4.500000 5.500000 2.500000
0.001609 -5.000000 5.500000 2.500000
0.000454 -5.500000 5.500000 2.500000
0.000219 -3.500000 5.500000 3.000000
0.000740 -4.000000 5.500000 3.000000
0.000802 -4.500000 5.500000 3.000000
0.000520 -5.000000 5.500000 3.000000
0.000123 -3.500000 5.500000 3.500000
0.000259 -4.000000 5.500000 3.500000
0.000229 -4.500000 5.500000 3.500000
0.000046 -5.000000 5.500000 3.500000
0.000047 -3.500000 5.500000 4.000000
0.000056 -4.000000 5.500000 4.000000
0.000033 -4.500000 5.500000 4.000000
0.000023 -6.000000 6.000000 -2.500000
0.000026 -5.500000 6.000000 -2.500000
0.000091 -5.500000 6.000000 -2.000000
0.000048 -4.500000 6.000000 -2.000000
0.000081 -5.000000 6.000000 -2.000000
0.000078 -6.000000 6.000000 -2.000000
0.000042 -6.500000 6.000000 -2.000000
0.000067 -6.500000 6.000000 -1.500000
0.000061 -4.000000 6.000000 -1.500000
0.000136 -4.500000 6.000000 -1.500000
0.000205 -5.000000 6.000000 -1.500000
0.000215 -5.500000 6.000000 -1.500000
0.000165 -6.000000 6.000000 -1.500000
0.000043 -3.500000 6.000000 -1.000000
0.000149 -4.000000 6.000000 -1.000000
0.000312 -4.500000 6.000000 -1.000000
0.000429 -5.000000 6.000000 -1.000000
0.000429 -5.500000 6.000000 -1.000000
0.000289 -6.000000 6.000000 -1.000000
0.000087 -6.500000 6.000000 -1.000000
0.000083 -6.500000 6.000000 -0.500000
0.000092 -3.500000 6.000000 -0.500000
0.000307 -4.000000 6.000000 -0.500000
0.000603 -4.500000 6.000000 -0.500000
0.000764 -5.000000 6.000000 -0.500000
0.000727 -5.500000 6.000000 -0.500000
0.000430 -6.000000 6.000000 -0.500000
0.000023 -3.000000 6.000000 0.000000
0.000171 -3.500000 6.000000 0.000000
0.000542 -4.000000 6.000000 0.000000
0.000996 -4.500000 6.000000 0.000000
0.001163 -5.000000 6.000000 0.000000
0.001042 -5.500000 6.000000 0.000000
0.000487 -6.000000 6.000000 0.000000
0.000067 -6.500000 6.000000 0.000000
0.000033 -3.000000 6.000000 0.500000
0.000271 -3.500000 6.000000 0.500000
0.000820 -4.000000 6.000000 0.500000
0.001387 -4.500000 6.000000 0.500000
0.001501 -5.000000 6.000000 0.500000
0.001219 -5.500000 6.000000 0.500000
0.000468 -6.000000 6.000000 0.500000
0.000037 -6.500000 6.000000 0.500000
0.000039 -3.000000 6.000000 1.000000
0.000366 -3.500000 6.000000 1.000000
0.001052 -4.000000 6.000000 1.000000
0.001568 -4.500000 6.000000 1.000000
0.001618 -5.000000 6.000000 1.000000
0.001207 -5.500000 6.000000 1.000000
0.000369 -6.000000 6.000000 1.000000
0.000042 -3.000000 6.000000 1.500000
0.000415 -3.500000 6.000000 1.500000
0.001106 -4.000000 6.000000 1.500000
0.001568 -4.500000 6.000000 1.500000
0.001576 -5.000000 6.000000 1.500000
0.000975 -5.500000 6.000000 1.500000
0.000074 -6.000000 6.000000 1.500000
0.000036 -3.000000 6.000000 2.000000
0.000412 -3.500000 6.000000 2.000000
0.001057 -4.000000 6.000000 2.000000
0.001299 -4.500000 6.000000 2.000000
0.001143 -5.000000 6.000000 2.000000
0.000360 -5.500000 6.000000 2.000000
0.000026 -3.000000 6.000000 2.500000
0.000349 -3.500000 6.000000 2.500000
0.000767 -4.000000 6.000000 2.500000
0.000793 -4.500000 6.000000 2.500000
0.000499 -5.000000 6.000000 2.500000
0.000020 -3.000000 6.000000 3.000000
0.000237 -3.500000 6.000000 3.000000
0.000380 -4.000000 6.000000 3.000000
0.000334 -4.500000 6.000000 3.000000
0.000051 -5.000000 6.000000 3.000000
0.000111 -3.500000 6.000000 3.500000
0.000130 -4.000000 6.000000 3.500000
0.000061 -4.500000 6.000000 3.500000
0.000031 -3.500000 6.000000 4.000000
0.000025 -4.000000 6.000000 4.000000
0.000027 -5.500000 6.500000 -2.000000
0.000023 -5.000000 6.500000 -2.000000
0.000024 -6.000000 6.500000 -2.000000
0.000028 -4.500000 6.500000 -1.500000
0.000040 -5.000000 6.500000 -1.500000
0.000041 -5.500000 6.500000 -1.500000
0.000030 -6.000000 6.500000 -1.500000
0.000029 -4.000000 6.500000 -1.000000
0.000059 -4.500000 6.500000 -1.000000
0.000079 -5.000000 6.500000 -1.000000
0.000077 -5.500000 6.500000 -1.000000
0.000052 -6.000000 6.500000 -1.000000
0.000061 -4.000000 6.500000 -0.500000
0.000112 -4.500000 6.500000 -0.500000
0.000133 -5.000000 6.500000 -0.500000
0.000123 -5.500000 6.500000 -0.500000
0.000060 -6.000000 6.500000 -0.500000
0.000042 -3.500000 6.500000 0.000000
0.000111 -4.000000 6.500000 0.000000
0.000180 -4.500000 6.500000 0.000000
0.000190 -5.000000 6.500000 0.000000
0.000147 -5.500000 6.500000 0.000000
0.000054 -6.000000 6.500000 0.000000
0.000079 -3.500000 6.500000 0.500000
0.000179 -4.000000 6.500000 0.500000
0.000243 -4.500000 6.500000 0.500000
0.000229 -5.000000 6.500000 0.500000
0.000135 -5.500000 6.500000 0.500000
0.000033 -3.000000 6.500000 1.000000
0.000129 -3.500000 6.500000 1.000000
0.000248 -4.000000 6.500000 1.000000
0.000272 -4.500000 6.500000 1.000000
0.000223 -5.000000 6.500000 1.000000
0.000060 -5.500000 6.500000 1.000000
0.000049 -3.000000 6.500000 1.500000
0.000173 -3.500000 6.500000 1.500000
0.000270 -4.000000 6.500000 1.500000
0.000273 -4.500000 6.500000 1.500000
0.000145 -5.000000 6.500000 1.500000
0.000058 -3.000000 6.500000 2.000000
0.000186 -3.500000 6.500000 2.000000
0.000259 -4.000000 6.500000 2.000000
0.000221 -4.500000 6.500000 2.000000
0.000058 -3.000000 6.500000 2.500000
0.000172 -3.500000 6.500000 2.500000
0.000202 -4.000000 6.500000 2.500000
0.000102 -4.500000 6.500000 2.500000
0.000046 -3.000000 6.500000 3.000000
0.000114 -3.500000 6.500000 3.000000
0.000113 -4.000000 6.500000 3.000000
0.000026 -3.000000 6.500000 3.500000
0.000049 -3.500000 6.500000 3.500000
0.000033 -4.000000 6.500000 3.500000
0.000023 -3.500000 7.000000 1.000000
0.000021 -3.000000 7.000000 2.000000
0.000021 -3.500000 7.000000 2.500000
0.000029 -7.000000 5.500000 -2.000000
0.000054 -7.000000 5.000000 -2.000000
0.000056 -7.000000 4.500000 -2.000000
0.006601 -5.500000 3.500000 2.000000
0.003217 -6.000000 3.500000 2.000000
