0.400000
0.000020 1.000000 3.500000 -5.500000
0.000023 1.000000 4.000000 -5.500000
0.000026 1.500000 4.500000 -5.500000
0.000026 1.500000 5.000000 -5.500000
0.000031 -1.000000 1.000000 -6.000000
0.000046 -0.500000 1.500000 -6.000000
0.000033 -1.000000 1.500000 -6.000000
0.000055 0.000000 2.000000 -6.000000
0.000066 -0.500000 2.000000 -6.000000
0.000039 0.500000 2.500000 -6.000000
0.000090 0.000000 2.500000 -6.000000
0.000032 -0.500000 2.500000 -6.000000
0.000099 0.500000 3.000000 -6.000000
0.000075 0.000000 3.000000 -6.000000
0.000068 1.000000 3.500000 -6.000000
0.000110 0.500000 3.500000 -6.000000
0.000030 1.500000 4.000000 -6.000000
0.000119 1.000000 4.000000 -6.000000
0.000060 0.500000 4.000000 -6.000000
0.000088 1.500000 4.500000 -6.000000
0.000107 1.000000 4.500000 -6.000000
0.000041 2.000000 5.000000 -6.000000
0.000104 1.500000 5.000000 -6.000000
0.000044 1.000000 5.000000 -6.000000
0.000065 2.000000 5.500000 -6.000000
0.000071 1.500000 5.500000 -6.000000
0.000027 2.000000 5.500000 -5.500000
0.000022 -2.000000 -0.500000 -6.500000
0.000038 -1.500000 0.000000 -6.500000
0.000055 -2.000000 0.000000 -6.500000
0.000052 -1.000000 0.500000 -6.500000
0.000135 -1.500000 0.500000 -6.500000
0.000027 -2.000000 0.500000 -6.500000
0.000044 -0.500000 1.000000 -6.500000
0.000209 -1.000000 1.000000 -6.500000
0.000124 -1.500000 1.000000 -6.500000
0.000265 -0.500000 1.500000 -6.500000
0.000273 -1.000000 1.500000 -6.500000
0.000207 0.000000 2.000000 -6.500000
0.000417 -0.500000 2.000000 -6.500000
0.000124 -1.000000 2.000000 -6.500000
0.000083 0.500000 2.500000 -6.500000
0.000465 0.000000 2.500000 -6.500000
0.000348 -0.500000 2.500000 -6.500000
0.000351 0.500000 3.000000 -6.500000
0.000500 0.000000 3.000000 -6.500000
0.000048 -0.500000 3.000000 -6.500000
0.000155 1.000000 3.500000 -6.500000
0.000507 0.500000 3.500000 -6.500000
0.000240 0.000000 3.500000 -6.500000
0.000037 1.500000 4.000000 -6.500000
0.000377 1.000000 4.000000 -6.500000
0.000400 0.500000 4.000000 -6.500000
0.000195 1.500000 4.500000 -6.500000
0.000385 1.000000 4.500000 -6.500000
0.000135 0.500000 4.500000 -6.500000
0.000061 2.000000 5.000000 -6.500000
0.000258 1.500000 5.000000 -6.500000
0.000226 1.000000 5.000000 -6.500000
0.000118 2.000000 5.500000 -6.500000
0.000167 1.500000 5.500000 -6.500000
0.000052 1.000000 5.500000 -6.500000
0.000035 2.500000 6.000000 -6.500000
0.000073 2.000000 6.000000 -6.500000
0.000049 1.500000 6.000000 -6.500000
0.000024 2.500000 6.000000 -6.000000
0.000040 2.000000 6.000000 -6.000000
0.000047 -2.500000 -1.000000 -7.000000
0.000020 -3.000000 -1.000000 -7.000000
0.000090 -2.000000 -0.500000 -7.000000
0.000112 -2.500000 -0.500000 -7.000000
0.000184 -1.500000 0.000000 -7.000000
0.000382 -2.000000 0.000000 -7.000000
0.000049 -2.500000 0.000000 -7.000000
0.000223 -1.000000 0.500000 -7.000000
0.000708 -1.500000 0.500000 -7.000000
0.000340 -2.000000 0.500000 -7.000000
0.000131 -0.500000 1.000000 -7.000000
0.000954 -1.000000 1.000000 -7.000000
0.000876 -1.500000 1.000000 -7.000000
0.000031 0.000000 1.500000 -7.000000
0.000907 -0.500000 1.500000 -7.000000
0.001401 -1.000000 1.500000 -7.000000
0.000373 -1.500000 1.500000 -7.000000
0.000528 0.000000 2.000000 -7.000000
0.001615 -0.500000 2.000000 -7.000000
0.001188 -1.000000 2.000000 -7.000000
0.000141 0.500000 2.500000 -7.000000
0.001440 0.000000 2.500000 -7.000000
0.001701 -0.500000 2.500000 -7.000000
0.000152 -1.000000 2.500000 -7.000000
0.000823 0.500000 3.000000 -7.000000
0.001736 0.000000 3.000000 -7.000000
0.000846 -0.500000 3.000000 -7.000000
0.000261 1.000000 3.500000 -7.000000
0.001411 0.500000 3.500000 -7.000000
0.001310 0.000000 3.500000 -7.000000
0.000047 1.500000 4.000000 -7.000000
0.000827 1.000000 4.000000 -7.000000
0.001242 0.500000 4.000000 -7.000000
0.000325 0.000000 4.000000 -7.000000
0.000339 1.500000 4.500000 -7.000000
0.000883 1.000000 4.500000 -7.000000
0.000628 0.500000 4.500000 -7.000000
0.000081 2.000000 5.000000 -7.000000
0.000480 1.500000 5.000000 -7.000000
0.000539 1.000000 5.000000 -7.000000
0.000096 0.500000 5.000000 -7.000000
0.000172 2.000000 5.500000 -7.000000
0.000285 1.500000 5.500000 -7.000000
0.000139 1.000000 5.500000 -7.000000
0.000041 2.500000 6.000000 -7.000000
0.000102 2.000000 6.000000 -7.000000
0.000028 2.500000 6.500000 -7.000000
0.000029 2.000000 6.500000 -7.000000
0.000085 1.500000 6.000000 -7.000000
0.000023 2.500000 6.500000 -6.500000
0.000020 2.000000 6.500000 -6.500000
0.000061 -3.000000 -1.500000 -7.500000
0.000167 -2.500000 -1.000000 -7.500000
0.000105 -3.000000 -1.000000 -7.500000
0.000368 -2.000000 -0.500000 -7.500000
0.000483 -2.500000 -0.500000 -7.500000
0.000035 -3.000000 -0.500000 -7.500000
0.000659 -1.500000 0.000000 -7.500000
0.001252 -2.000000 0.000000 -7.500000
0.000396 -2.500000 0.000000 -7.500000
0.000034 -1.000000 0.000000 -7.500000
0.000678 -1.000000 0.500000 -7.500000
0.002030 -1.500000 0.500000 -7.500000
0.001411 -2.000000 0.500000 -7.500000
0.000344 -0.500000 1.000000 -7.500000
0.002467 -1.000000 1.000000 -7.500000
0.002722 -1.500000 1.000000 -7.500000
0.000486 -2.000000 1.000000 -7.500000
0.000072 0.000000 1.500000 -7.500000
0.002092 -0.500000 1.500000 -7.500000
0.003708 -1.000000 1.500000 -7.500000
0.002082 -1.500000 1.500000 -7.500000
0.001044 0.000000 2.000000 -7.500000
0.003861 -0.500000 2.000000 -7.500000
0.003652 -1.000000 2.000000 -7.500000
0.000280 -1.500000 2.000000 -7.500000
0.000257 0.500000 2.500000 -7.500000
0.003005 0.000000 2.500000 -7.500000
0.004186 -0.500000 2.500000 -7.500000
0.001708 -1.000000 2.500000 -7.500000
0.001520 0.500000 3.000000 -7.500000
0.003809 0.000000 3.000000 -7.500000
0.003035 -0.500000 3.000000 -7.500000
0.000424 1.000000 3.500000 -7.500000
0.002775 0.500000 3.500000 -7.500000
0.003186 0.000000 3.500000 -7.500000
0.000613 -0.500000 3.500000 -7.500000
0.000063 1.500000 4.000000 -7.500000
0.001417 1.000000 4.000000 -7.500000
0.002502 0.500000 4.000000 -7.500000
0.001279 0.000000 4.000000 -7.500000
0.000488 1.500000 4.500000 -7.500000
0.001518 1.000000 4.500000 -7.500000
0.001355 0.500000 4.500000 -7.500000
0.000112 0.000000 4.500000 -7.500000
0.000107 2.000000 5.000000 -7.500000
0.000684 1.500000 5.000000 -7.500000
0.000871 1.000000 5.000000 -7.500000
0.000208 2.000000 5.500000 -7.500000
0.000381 1.500000 5.500000 -7.500000
0.000043 2.500000 6.000000 -7.500000
0.000119 2.000000 6.000000 -7.500000
0.000029 2.500000 6.500000 -7.500000
0.000033 2.000000 6.500000 -7.500000
0.000036 -3.500000 -2.000000 -8.000000
0.000178 -3.000000 -1.500000 -8.000000
0.000034 -3.500000 -1.500000 -8.000000
0.000107 1.500000 6.000000 -7.500000
0.000024 -2.500000 -1.500000 -8.000000
0.000488 -2.500000 -1.000000 -8.000000
0.000272 -3.000000 -1.000000 -8.000000
0.000049 -2.000000 -1.000000 -8.000000
0.001000 -2.000000 -0.500000 -8.000000
0.001109 -2.500000 -0.500000 -8.000000
0.000149 -3.000000 -0.500000 -8.000000
0.000223 1.000000 5.500000 -7.500000
0.000099 -1.500000 -0.500000 -8.000000
0.001532 -1.500000 0.000000 -8.000000
0.002593 -2.000000 0.000000 -8.000000
0.000992 -2.500000 0.000000 -8.000000
0.000093 -1.000000 0.000000 -8.000000
0.001486 -1.000000 0.500000 -8.000000
0.003957 -1.500000 0.500000 -8.000000
0.002998 -2.000000 0.500000 -8.000000
0.000238 -2.500000 0.500000 -8.000000
0.000274 0.500000 5.000000 -7.500000
0.000039 -0.500000 0.500000 -8.000000
0.000746 -0.500000 1.000000 -8.000000
0.004557 -1.000000 1.000000 -8.000000
0.005275 -1.500000 1.000000 -8.000000
0.001683 -2.000000 1.000000 -8.000000
0.000170 0.000000 1.500000 -8.000000
0.003682 -0.500000 1.500000 -8.000000
0.006660 -1.000000 1.500000 -8.000000
0.004573 -1.500000 1.500000 -8.000000
0.000133 -2.000000 1.500000 -8.000000
0.001780 0.000000 2.000000 -8.000000
0.006612 -0.500000 2.000000 -8.000000
0.006795 -1.000000 2.000000 -8.000000
0.001599 -1.500000 2.000000 -8.000000
0.000456 0.500000 2.500000 -8.000000
0.004837 0.000000 2.500000 -8.000000
0.007221 -0.500000 2.500000 -8.000000
0.003979 -1.000000 2.500000 -8.000000
0.000023 -1.500000 2.500000 -8.000000
0.002311 0.500000 3.000000 -8.000000
0.006183 0.000000 3.000000 -8.000000
0.005584 -0.500000 3.000000 -8.000000
0.000619 -1.000000 3.000000 -8.000000
0.000651 1.000000 3.500000 -8.000000
0.004139 0.500000 3.500000 -8.000000
0.005158 0.000000 3.500000 -8.000000
0.001702 -0.500000 3.500000 -8.000000
0.000102 -0.500000 4.000000 -8.000000
0.000097 1.500000 4.000000 -8.000000
0.001963 1.000000 4.000000 -8.000000
0.003650 0.500000 4.000000 -8.000000
0.002304 0.000000 4.000000 -8.000000
0.000612 1.500000 4.500000 -8.000000
0.001968 1.000000 4.500000 -8.000000
0.000125 2.000000 5.000000 -8.000000
0.000774 1.500000 5.000000 -8.000000
0.001044 1.000000 5.000000 -8.000000
0.000215 2.000000 5.500000 -8.000000
0.000041 2.500000 6.000000 -8.000000
0.000122 2.000000 6.000000 -8.000000
0.000026 2.500000 6.500000 -8.000000
0.000033 2.000000 6.500000 -8.000000
0.000029 -3.500000 -2.500000 -8.500000
0.000071 -3.500000 -2.000000 -8.500000
0.000068 -3.000000 -2.000000 -8.500000
0.000357 -3.000000 -1.500000 -8.500000
0.000063 -3.500000 -1.500000 -8.500000
0.000113 1.500000 6.000000 -8.000000
0.000412 1.500000 5.500000 -8.000000
0.000111 -2.500000 -1.500000 -8.500000
0.000983 -2.500000 -1.000000 -8.500000
0.000466 -3.000000 -1.000000 -8.500000
0.000021 -3.500000 -1.000000 -8.500000
0.000259 1.000000 5.500000 -8.000000
0.000220 -2.000000 -1.000000 -8.500000
0.001824 -2.000000 -0.500000 -8.500000
0.001742 -2.500000 -0.500000 -8.500000
0.000265 -3.000000 -0.500000 -8.500000
0.000022 0.500000 5.500000 -8.000000
0.000317 -1.500000 -0.500000 -8.500000
0.002587 -1.500000 0.000000 -8.500000
0.003945 -2.000000 0.000000 -8.500000
0.001539 -2.500000 0.000000 -8.500000
0.000037 -3.000000 0.000000 -8.500000
0.000397 0.500000 5.000000 -8.000000
0.000021 -1.000000 -0.500000 -8.500000
0.000233 -1.000000 0.000000 -8.500000
0.002459 -1.000000 0.500000 -8.500000
0.005826 -1.500000 0.500000 -8.500000
0.004365 -2.000000 0.500000 -8.500000
0.000477 -2.500000 0.500000 -8.500000
0.000087 -0.500000 0.500000 -8.500000
0.001289 -0.500000 1.000000 -8.500000
0.006543 -1.000000 1.000000 -8.500000
0.007422 -1.500000 1.000000 -8.500000
0.002467 -2.000000 1.000000 -8.500000
0.000031 -2.500000 1.000000 -8.500000
0.000348 0.000000 1.500000 -8.500000
0.005194 -0.500000 1.500000 -8.500000
0.009019 -1.000000 1.500000 -8.500000
0.006180 -1.500000 1.500000 -8.500000
0.000460 -2.000000 1.500000 -8.500000
0.001896 0.500000 4.500000 -8.000000
0.000341 0.000000 4.500000 -8.000000
0.002556 0.000000 2.000000 -8.500000
0.008647 -0.500000 2.000000 -8.500000
0.008939 -1.000000 2.000000 -8.500000
0.002247 -1.500000 2.000000 -8.500000
0.000704 0.500000 2.500000 -8.500000
0.006197 0.000000 2.500000 -8.500000
0.009204 -0.500000 2.500000 -8.500000
0.005049 -1.000000 2.500000 -8.500000
0.000259 -1.500000 2.500000 -8.500000
0.006746 -0.500000 3.000000 -8.500000
0.000029 1.000000 3.000000 -8.500000
0.002958 0.500000 3.000000 -8.500000
0.007508 0.000000 3.000000 -8.500000
0.001008 -1.000000 3.000000 -8.500000
0.000062 -1.000000 3.500000 -8.500000
0.000838 1.000000 3.500000 -8.500000
0.004782 0.500000 3.500000 -8.500000
0.005945 0.000000 3.500000 -8.500000
0.002151 -0.500000 3.500000 -8.500000
0.000228 -0.500000 4.000000 -8.500000
0.000137 1.500000 4.000000 -8.500000
0.002170 1.000000 4.000000 -8.500000
0.003997 0.500000 4.000000 -8.500000
0.002603 0.000000 4.000000 -8.500000
0.000417 0.000000 4.500000 -8.500000
0.000644 1.500000 4.500000 -8.500000
0.002037 1.000000 4.500000 -8.500000
0.000124 2.000000 5.000000 -8.500000
0.000774 1.500000 5.000000 -8.500000
0.000027 0.500000 5.500000 -8.500000
0.000205 2.000000 5.500000 -8.500000
0.000034 2.500000 6.000000 -8.500000
0.000020 2.500000 6.500000 -8.500000
0.000027 2.000000 6.500000 -8.500000
0.000113 2.000000 6.000000 -8.500000
0.000058 -3.500000 -2.500000 -9.000000
0.000101 -3.500000 -2.000000 -9.000000
0.000110 1.500000 6.000000 -8.500000
0.000156 -3.000000 -2.000000 -9.000000
0.000503 -3.000000 -1.500000 -9.000000
0.000082 -3.500000 -1.500000 -9.000000
0.000407 1.500000 5.500000 -8.500000
0.000266 1.000000 5.500000 -8.500000
0.000297 -2.500000 -1.500000 -9.000000
0.001399 -2.500000 -1.000000 -9.000000
0.000563 -3.000000 -1.000000 -9.000000
0.000022 -3.500000 -1.000000 -9.000000
0.001062 1.000000 5.000000 -8.500000
0.000511 -2.000000 -1.000000 -9.000000
0.002471 -2.000000 -0.500000 -9.000000
0.002064 -2.500000 -0.500000 -9.000000
0.000275 -3.000000 -0.500000 -9.000000
0.000422 0.500000 5.000000 -8.500000
0.000031 -1.500000 -1.000000 -9.000000
0.000619 -1.500000 -0.500000 -9.000000
0.003369 -1.500000 0.000000 -9.000000
0.004533 -2.000000 0.000000 -9.000000
0.001598 -2.500000 0.000000 -9.000000
0.000044 -3.000000 0.000000 -9.000000
0.000032 -1.000000 -0.500000 -9.000000
0.000422 -1.000000 0.000000 -9.000000
0.003183 -1.000000 0.500000 -9.000000
0.006627 -1.500000 0.500000 -9.000000
0.004620 -2.000000 0.500000 -9.000000
0.000483 -2.500000 0.500000 -9.000000
0.000157 -0.500000 0.500000 -9.000000
0.001757 -0.500000 1.000000 -9.000000
0.007335 -1.000000 1.000000 -9.000000
0.007880 -1.500000 1.000000 -9.000000
0.002491 -2.000000 1.000000 -9.000000
0.000053 -2.500000 1.000000 -9.000000
0.000023 0.000000 5.000000 -8.500000
0.000467 -2.000000 1.500000 -9.000000
0.000022 0.000000 1.000000 -9.000000
0.000517 0.000000 1.500000 -9.000000
0.005862 -0.500000 1.500000 -9.000000
0.009531 -1.000000 1.500000 -9.000000
0.006281 -1.500000 1.500000 -9.000000
0.000022 0.500000 2.000000 -9.000000
0.002985 0.000000 2.000000 -9.000000
0.009066 -0.500000 2.000000 -9.000000
0.009151 -1.000000 2.000000 -9.000000
0.002254 -1.500000 2.000000 -9.000000
0.000041 -2.000000 2.000000 -9.000000
0.001997 0.500000 4.500000 -8.500000
0.000856 0.500000 2.500000 -9.000000
0.006449 0.000000 2.500000 -9.000000
0.009393 -0.500000 2.500000 -9.000000
0.005078 -1.000000 2.500000 -9.000000
0.000271 -1.500000 2.500000 -9.000000
0.001021 -1.000000 3.000000 -9.000000
0.000068 1.000000 3.000000 -9.000000
0.003085 0.500000 3.000000 -9.000000
0.007584 0.000000 3.000000 -9.000000
0.006781 -0.500000 3.000000 -9.000000
0.000086 -1.000000 3.500000 -9.000000
0.002175 -0.500000 3.500000 -9.000000
0.000888 1.000000 3.500000 -9.000000
0.004780 0.500000 3.500000 -9.000000
0.005949 0.000000 3.500000 -9.000000
0.002620 0.000000 4.000000 -9.000000
0.000242 -0.500000 4.000000 -9.000000
0.000152 1.500000 4.000000 -9.000000
0.002139 1.000000 4.000000 -9.000000
0.000430 0.000000 4.500000 -9.000000
0.000611 1.500000 4.500000 -9.000000
0.000026 0.000000 5.000000 -9.000000
0.000420 0.500000 5.000000 -9.000000
0.000114 2.000000 5.000000 -9.000000
0.000027 0.500000 5.500000 -9.000000
0.000167 2.000000 5.500000 -9.000000
0.000026 2.500000 6.000000 -9.000000
0.000086 2.000000 6.000000 -9.000000
0.000085 1.500000 6.000000 -9.000000
0.000082 -3.500000 -2.500000 -9.500000
0.000114 -3.500000 -2.000000 -9.500000
0.000345 1.500000 5.500000 -9.000000
0.000236 -3.000000 -2.000000 -9.500000
0.000556 -3.000000 -1.500000 -9.500000
0.000078 -3.500000 -1.500000 -9.500000
0.000243 1.000000 5.500000 -9.000000
0.000688 1.500000 5.000000 -9.000000
0.000027 -2.500000 -2.000000 -9.500000
0.000461 -2.500000 -1.500000 -9.500000
0.001505 -2.500000 -1.000000 -9.500000
0.000554 -3.000000 -1.000000 -9.500000
0.000041 -2.000000 -1.500000 -9.500000
0.000740 -2.000000 -1.000000 -9.500000
0.002603 -2.000000 -0.500000 -9.500000
0.002043 -2.500000 -0.500000 -9.500000
0.000261 -3.000000 -0.500000 -9.500000
0.000052 -1.500000 -1.000000 -9.500000
0.000838 -1.500000 -0.500000 -9.500000
0.003487 -1.500000 0.000000 -9.500000
0.004495 -2.000000 0.000000 -9.500000
0.001564 -2.500000 0.000000 -9.500000
0.000041 -3.000000 0.000000 -9.500000
0.000988 1.000000 5.000000 -9.000000
0.001956 1.000000 4.500000 -9.000000
0.000041 -1.000000 -0.500000 -9.500000
0.000558 -1.000000 0.000000 -9.500000
0.003294 -1.000000 0.500000 -9.500000
0.006584 -1.500000 0.500000 -9.500000
0.004537 -2.000000 0.500000 -9.500000
0.000458 -2.500000 0.500000 -9.500000
0.000020 -0.500000 0.000000 -9.500000
0.000213 -0.500000 0.500000 -9.500000
0.001900 -0.500000 1.000000 -9.500000
0.007267 -1.000000 1.000000 -9.500000
0.007748 -1.500000 1.000000 -9.500000
0.002424 -2.000000 1.000000 -9.500000
0.000052 -2.500000 1.000000 -9.500000
0.001954 0.500000 4.500000 -9.000000
0.000035 0.000000 1.000000 -9.500000
0.000611 0.000000 1.500000 -9.500000
0.005797 -0.500000 1.500000 -9.500000
0.009321 -1.000000 1.500000 -9.500000
0.006147 -1.500000 1.500000 -9.500000
0.000041 -2.000000 2.000000 -9.500000
0.000444 -2.000000 1.500000 -9.500000
0.003945 0.500000 4.000000 -9.000000
0.000051 0.500000 2.000000 -9.500000
0.002958 0.000000 2.000000 -9.500000
0.008818 -0.500000 2.000000 -9.500000
0.008912 -1.000000 2.000000 -9.500000
0.000262 -1.500000 2.500000 -9.500000
0.002204 -1.500000 2.000000 -9.500000
0.004930 -1.000000 2.500000 -9.500000
0.000885 0.500000 2.500000 -9.500000
0.006191 0.000000 2.500000 -9.500000
0.009067 -0.500000 2.500000 -9.500000
0.000098 1.000000 3.000000 -9.500000
0.002923 0.500000 3.000000 -9.500000
0.007122 0.000000 3.000000 -9.500000
0.006399 -0.500000 3.000000 -9.500000
0.000086 -1.000000 3.500000 -9.500000
0.001032 -1.000000 3.000000 -9.500000
0.000851 1.000000 3.500000 -9.500000
0.004303 0.500000 3.500000 -9.500000
0.000247 -0.500000 4.000000 -9.500000
0.002385 0.000000 4.000000 -9.500000
0.000156 1.500000 4.000000 -9.500000
0.001842 1.000000 4.000000 -9.500000
0.000421 0.000000 4.500000 -9.500000
0.000515 1.500000 4.500000 -9.500000
0.000027 0.000000 5.000000 -9.500000
0.000094 2.000000 5.000000 -9.500000
0.000027 0.500000 5.500000 -9.500000
0.000117 2.000000 5.500000 -9.500000
0.000054 2.000000 6.000000 -9.500000
0.000023 -4.000000 -3.000000 -10.000000
0.000049 1.500000 6.000000 -9.500000
0.000240 1.500000 5.500000 -9.500000
0.000028 -3.500000 -3.000000 -10.000000
0.000090 -3.500000 -2.500000 -10.000000
0.000108 -3.500000 -2.000000 -10.000000
0.000166 1.000000 5.500000 -9.500000
0.000499 1.500000 5.000000 -9.500000
0.000045 -3.000000 -2.500000 -10.000000
0.000277 -3.000000 -2.000000 -10.000000
0.000512 -3.000000 -1.500000 -10.000000
0.000071 -3.500000 -1.500000 -10.000000
0.000062 -2.500000 -2.000000 -10.000000
0.000544 -2.500000 -1.500000 -10.000000
0.001397 -2.500000 -1.000000 -10.000000
0.000494 -3.000000 -1.000000 -10.000000
0.000728 1.000000 5.000000 -9.500000
0.000336 0.500000 5.000000 -9.500000
0.000236 -3.000000 -0.500000 -10.000000
0.000078 -2.000000 -1.500000 -10.000000
0.000832 -2.000000 -1.000000 -10.000000
0.002435 -2.000000 -0.500000 -10.000000
0.000035 -3.000000 0.000000 -10.000000
0.001364 -2.500000 0.000000 -10.000000
0.001795 -2.500000 -0.500000 -10.000000
0.000072 -1.500000 -1.000000 -10.000000
0.000913 -1.500000 -0.500000 -10.000000
0.003210 -1.500000 0.000000 -10.000000
0.003913 -2.000000 0.000000 -10.000000
0.001549 1.000000 4.500000 -9.500000
0.000434 -2.500000 0.500000 -10.000000
0.000047 -1.000000 -0.500000 -10.000000
0.000615 -1.000000 0.000000 -10.000000
0.003036 -1.000000 0.500000 -10.000000
0.005729 -1.500000 0.500000 -10.000000
0.000042 -2.500000 1.000000 -10.000000
0.002146 -2.000000 1.000000 -10.000000
0.003887 -2.000000 0.500000 -10.000000
0.000021 -0.500000 0.000000 -10.000000
0.000248 -0.500000 0.500000 -10.000000
0.001806 -0.500000 1.000000 -10.000000
0.006268 -1.000000 1.000000 -10.000000
0.005191 -1.500000 1.500000 -10.000000
0.000041 0.000000 1.000000 -10.000000
0.000616 0.000000 1.500000 -10.000000
0.004998 -0.500000 1.500000 -10.000000
0.000035 -2.000000 2.000000 -10.000000
0.007314 -1.000000 2.000000 -10.000000
0.000081 0.500000 2.000000 -10.000000
0.002591 0.000000 2.000000 -10.000000
0.000250 -1.500000 2.500000 -10.000000
0.000822 0.500000 2.500000 -10.000000
0.004954 0.000000 2.500000 -10.000000
0.000973 -1.000000 3.000000 -10.000000
0.004870 -0.500000 3.000000 -10.000000
0.007211 -0.500000 2.500000 -10.000000
0.000126 1.000000 3.000000 -10.000000
0.000085 -1.000000 3.500000 -10.000000
0.000238 -0.500000 4.000000 -10.000000
0.000721 1.000000 3.500000 -10.000000
0.003152 0.500000 3.500000 -10.000000
0.001621 0.000000 4.000000 -10.000000
0.003917 0.000000 3.500000 -10.000000
0.000149 1.500000 4.000000 -10.000000
0.000293 0.000000 4.500000 -10.000000
0.000025 0.000000 5.000000 -10.000000
0.000190 0.500000 5.000000 -10.000000
0.000071 2.000000 5.000000 -10.000000
0.000026 2.000000 6.000000 -10.000000
0.000023 -4.000000 -3.000000 -10.500000
0.000021 1.500000 6.000000 -10.000000
0.000067 2.000000 5.500000 -10.000000
0.000034 -3.500000 -3.000000 -10.500000
0.000075 -3.500000 -2.500000 -10.500000
0.000079 -3.500000 -2.000000 -10.500000
0.000129 1.500000 5.500000 -10.000000
0.000082 1.000000 5.500000 -10.000000
0.000304 1.500000 5.000000 -10.000000
0.000047 -3.500000 -1.500000 -10.500000
0.000070 -3.000000 -2.500000 -10.500000
0.000243 -3.000000 -2.000000 -10.500000
0.000360 -3.000000 -1.500000 -10.500000
0.000420 1.000000 5.000000 -10.000000
0.000371 1.500000 4.500000 -10.000000
0.000106 -2.500000 -2.000000 -10.500000
0.000483 -2.500000 -1.500000 -10.500000
0.001001 -2.500000 -1.000000 -10.500000
0.000167 -3.000000 -0.500000 -10.500000
0.000329 -3.000000 -1.000000 -10.500000
0.000128 -2.000000 -1.500000 -10.500000
0.000726 -2.000000 -1.000000 -10.500000
0.001749 -2.000000 -0.500000 -10.500000
0.000039 -3.000000 0.000000 -10.500000
0.000095 -1.500000 -1.000000 -10.500000
0.000800 -1.500000 -0.500000 -10.500000
0.000345 -2.500000 0.500000 -10.500000
0.002268 -1.500000 0.000000 -10.500000
0.002558 -2.000000 0.000000 -10.500000
0.000884 -2.500000 0.000000 -10.500000
0.001171 -2.500000 -0.500000 -10.500000
0.000989 1.000000 4.500000 -10.000000
0.003763 -1.500000 0.500000 -10.500000
0.000049 -1.000000 -0.500000 -10.500000
0.000565 -1.000000 0.000000 -10.500000
0.000041 -2.500000 1.000000 -10.500000
0.002179 -1.000000 0.500000 -10.500000
0.001432 -2.000000 1.000000 -10.500000
0.002487 -2.000000 0.500000 -10.500000
0.004121 -1.000000 1.000000 -10.500000
0.000242 -0.500000 0.500000 -10.500000
0.001389 -0.500000 1.000000 -10.500000
0.000392 -2.000000 1.500000 -10.500000
0.003283 -1.500000 1.500000 -10.500000
0.000051 0.000000 1.000000 -10.500000
0.000538 0.000000 1.500000 -10.500000
0.003354 -0.500000 1.500000 -10.500000
0.000033 -2.000000 2.000000 -10.500000
0.001335 -1.500000 2.000000 -10.500000
0.004579 -1.000000 2.000000 -10.500000
0.000105 0.500000 2.000000 -10.500000
0.001832 0.000000 2.000000 -10.500000
0.000244 -1.500000 2.500000 -10.500000
0.002435 -1.000000 2.500000 -10.500000
0.000618 -1.000000 3.000000 -10.500000
0.000645 0.500000 2.500000 -10.500000
0.003153 0.000000 2.500000 -10.500000
0.002784 -0.500000 3.000000 -10.500000
0.004444 -0.500000 2.500000 -10.500000
0.000084 -1.000000 3.500000 -10.500000
0.000135 1.000000 3.000000 -10.500000
0.001544 0.500000 3.000000 -10.500000
0.000882 -0.500000 3.500000 -10.500000
0.002147 0.000000 3.500000 -10.500000
0.001827 0.500000 3.500000 -10.500000
0.000139 -0.500000 4.000000 -10.500000
0.000772 0.000000 4.000000 -10.500000
0.000127 0.000000 4.500000 -10.500000
0.000122 1.500000 4.000000 -10.500000
0.000061 0.500000 5.000000 -10.500000
0.000044 2.000000 5.000000 -10.500000
0.000029 2.000000 5.500000 -10.500000
0.000047 1.500000 5.500000 -10.500000
0.000035 -3.500000 -2.000000 -11.000000
0.000030 -3.500000 -3.000000 -11.000000
0.000023 -3.500000 -1.500000 -11.000000
0.000038 -3.500000 -2.500000 -11.000000
0.000143 1.500000 5.000000 -10.500000
0.000174 -3.000000 -1.500000 -11.000000
0.000064 -3.000000 -2.500000 -11.000000
0.000135 -3.000000 -1.000000 -11.000000
0.000144 -3.000000 -2.000000 -11.000000
0.000171 1.000000 5.000000 -10.500000
0.000219 1.500000 4.500000 -10.500000
0.000103 -2.500000 -2.000000 -11.000000
0.000071 -3.000000 -0.500000 -11.000000
0.000308 -2.500000 -1.500000 -11.000000
0.000494 -2.500000 -1.000000 -11.000000
0.000512 -2.500000 -0.500000 -11.000000
0.000903 -2.000000 -0.500000 -11.000000
0.000124 -2.000000 -1.500000 -11.000000
0.000026 -3.000000 0.000000 -11.000000
0.001159 -2.000000 0.000000 -11.000000
0.001161 -1.500000 0.000000 -11.000000
0.000349 -2.500000 0.000000 -11.000000
0.000458 -2.000000 -1.000000 -11.000000
0.000099 -1.500000 -1.000000 -11.000000
0.000158 -2.500000 0.500000 -11.000000
0.001029 -2.000000 0.500000 -11.000000
0.000510 -1.500000 -0.500000 -11.000000
0.000487 1.000000 4.500000 -10.500000
0.001150 -1.000000 0.500000 -11.000000
0.000050 -1.000000 -0.500000 -11.000000
0.000050 -2.500000 1.000000 -11.000000
0.000579 -2.000000 1.000000 -11.000000
0.000389 -1.000000 0.000000 -11.000000
0.001747 -1.500000 0.500000 -11.000000
0.000189 -0.500000 0.500000 -11.000000
0.000200 -2.000000 1.500000 -11.000000
0.000801 -0.500000 1.000000 -11.000000
0.001942 -1.000000 1.000000 -11.000000
0.001313 -1.500000 1.500000 -11.000000
0.001875 -1.500000 1.000000 -11.000000
0.000039 -2.000000 2.000000 -11.000000
0.000052 0.000000 1.000000 -11.000000
0.000528 -1.500000 2.000000 -11.000000
0.000359 0.000000 1.500000 -11.000000
0.001652 -0.500000 1.500000 -11.000000
0.001876 -1.000000 2.000000 -11.000000
0.000990 0.000000 2.000000 -11.000000
0.000119 -1.500000 2.500000 -11.000000
0.000859 -1.000000 2.500000 -11.000000
0.000098 0.500000 2.000000 -11.000000
0.001864 -0.500000 2.500000 -11.000000
0.000207 -1.000000 3.000000 -11.000000
0.000944 -0.500000 3.000000 -11.000000
0.000767 0.500000 3.000000 -11.000000
0.000034 -1.000000 3.500000 -11.000000
0.000225 -0.500000 3.500000 -11.000000
0.000724 0.000000 3.500000 -11.000000
0.000034 -0.500000 4.000000 -11.000000
0.000166 0.000000 4.000000 -11.000000
0.000299 1.000000 4.000000 -11.000000
0.000085 0.500000 4.500000 -11.000000
0.000043 1.500000 5.000000 -11.000000
0.000034 -3.000000 -1.500000 -11.500000
0.000037 -3.000000 -2.500000 -11.500000
0.000048 -3.000000 -2.000000 -11.500000
0.000033 1.000000 5.000000 -11.000000
0.000089 1.500000 4.500000 -11.000000
0.000125 -2.500000 -1.000000 -11.500000
0.000082 -2.500000 -0.500000 -11.500000
0.000066 -2.500000 -2.000000 -11.500000
0.000268 -2.000000 -0.500000 -11.500000
0.000114 -2.500000 -1.500000 -11.500000
0.000034 -2.500000 0.000000 -11.500000
0.000080 -2.000000 -1.500000 -11.500000
0.000239 -2.000000 0.000000 -11.500000
0.000364 -1.500000 0.000000 -11.500000
0.000070 -1.500000 -1.000000 -11.500000
0.000141 -2.000000 0.500000 -11.500000
0.000381 -1.000000 0.500000 -11.500000
0.000426 -1.500000 0.500000 -11.500000
0.000056 -2.000000 1.000000 -11.500000
0.000038 -1.000000 -0.500000 -11.500000
0.000339 -1.500000 1.000000 -11.500000
0.000511 -1.000000 1.000000 -11.500000
0.000301 -0.500000 1.000000 -11.500000
0.000023 -2.000000 1.500000 -11.500000
0.000154 -1.500000 1.500000 -11.500000
0.000475 -0.500000 1.500000 -11.500000
0.000041 -1.500000 2.000000 -11.500000
0.000037 0.000000 1.000000 -11.500000
0.000272 -1.000000 2.000000 -11.500000
0.000339 0.000000 2.000000 -11.500000
0.000066 -1.000000 2.500000 -11.500000
0.000310 -0.500000 2.500000 -11.500000
0.000083 -0.500000 3.000000 -11.500000
0.000174 0.500000 2.500000 -11.500000
0.000250 0.000000 3.000000 -11.500000
0.000228 0.500000 3.000000 -11.500000
0.000070 0.000000 3.500000 -11.500000
0.000100 1.000000 3.500000 -11.500000
0.000041 0.500000 4.000000 -11.500000
0.000023 -2.000000 -1.500000 -12.000000
0.000029 -2.000000 -1.000000 -12.000000
0.000040 -1.500000 0.000000 -12.000000
0.000023 -1.500000 -1.000000 -12.000000
0.000031 -1.500000 0.500000 -12.000000
0.000049 -1.000000 0.500000 -12.000000
0.000040 -1.500000 -0.500000 -12.000000
0.000050 -1.000000 1.000000 -12.000000
0.000049 -0.500000 1.000000 -12.000000
0.000032 -1.000000 1.500000 -12.000000
0.000055 -0.500000 1.500000 -12.000000
0.000037 0.000000 1.500000 -12.000000
0.000040 -0.500000 2.000000 -12.000000
0.000046 0.000000 2.000000 -12.000000
0.000037 0.000000 2.500000 -12.000000
0.000022 0.500000 3.000000 -12.000000
0.000032 0.500000 2.500000 -12.000000
0.000021 0.500000 2.000000 -12.000000
0.000028 -0.500000 0.500000 -12.000000
0.000040 -1.000000 0.000000 -12.000000
0.000031 1.500000 4.000000 -11.500000
0.000061 1.000000 4.000000 -11.500000
0.000149 0.500000 3.500000 -11.500000
0.000067 1.000000 3.000000 -11.500000
0.000388 0.000000 2.500000 -11.500000
0.000064 0.500000 2.000000 -11.500000
0.000497 -0.500000 2.000000 -11.500000
0.000165 0.000000 1.500000 -11.500000
0.000490 -1.000000 1.500000 -11.500000
0.000100 -0.500000 0.500000 -11.500000
0.000175 -1.000000 0.000000 -11.500000
0.000212 -1.500000 -0.500000 -11.500000
0.000188 -2.000000 -1.000000 -11.500000
0.000154 1.000000 4.500000 -11.000000
0.000082 1.500000 4.000000 -11.000000
0.000400 0.500000 4.000000 -11.000000
0.000298 1.000000 3.500000 -11.000000
0.000742 0.500000 3.500000 -11.000000
0.000115 1.000000 3.000000 -11.000000
0.001351 0.000000 3.000000 -11.000000
0.000407 0.500000 2.500000 -11.000000
0.001474 0.000000 2.500000 -11.000000
0.002088 -0.500000 2.000000 -11.000000
0.002286 -1.000000 1.500000 -11.000000
0.000439 0.500000 4.500000 -10.500000
0.000747 1.000000 4.000000 -10.500000
0.001210 0.500000 4.000000 -10.500000
0.000519 1.000000 3.500000 -10.500000
0.003225 0.000000 3.000000 -10.500000
0.004576 -0.500000 2.000000 -10.500000
0.005019 -1.000000 1.500000 -10.500000
0.004242 -1.500000 1.000000 -10.500000
0.000997 0.500000 4.500000 -10.000000
0.001311 1.000000 4.000000 -10.000000
0.002312 0.500000 4.000000 -10.000000
0.001650 -0.500000 3.500000 -10.000000
0.002347 0.500000 3.000000 -10.000000
0.005424 0.000000 3.000000 -10.000000
0.004027 -1.000000 2.500000 -10.000000
0.007207 -0.500000 2.000000 -10.000000
0.001992 -1.500000 2.000000 -10.000000
0.007801 -1.000000 1.500000 -10.000000
0.000436 -2.000000 1.500000 -10.000000
0.006592 -1.500000 1.000000 -10.000000
0.001592 0.500000 4.500000 -9.500000
0.003396 0.500000 4.000000 -9.500000
0.005422 0.000000 3.500000 -9.500000
0.002141 -0.500000 3.500000 -9.500000
