0.600000
0.000026 4.000000 9.000000 -10.000000
0.000072 4.500000 9.500000 -10.000000
0.000032 5.000000 9.500000 -9.500000
0.000066 5.000000 9.500000 -10.000000
0.000032 5.000000 9.000000 -10.000000
0.000062 4.500000 9.000000 -10.000000
0.000025 4.500000 8.500000 -10.000000
0.000026 4.000000 8.500000 -10.000000
0.000050 4.000000 9.500000 -10.500000
0.000141 4.500000 9.500000 -10.500000
0.000020 4.000000 10.000000 -10.500000
0.000051 5.500000 10.000000 -10.500000
0.000044 5.500000 10.000000 -10.000000
0.000029 5.500000 10.000000 -9.500000
0.000041 5.000000 10.000000 -9.500000
0.000086 5.000000 10.000000 -10.000000
0.000056 4.500000 10.000000 -10.000000
0.000127 5.000000 10.000000 -10.500000
0.000120 4.500000 10.000000 -10.500000
0.000114 5.000000 9.500000 -10.500000
0.000053 5.000000 9.000000 -10.500000
0.000135 4.500000 9.000000 -10.500000
0.000085 4.000000 9.000000 -10.500000
0.000072 4.500000 8.500000 -10.500000
0.000091 4.000000 8.500000 -10.500000
0.000043 4.000000 8.000000 -10.500000
0.000044 4.000000 7.500000 -11.000000
0.000045 4.500000 8.000000 -11.000000
0.000037 3.500000 9.000000 -11.000000
0.000070 5.000000 9.000000 -11.000000
0.000134 4.000000 9.500000 -11.000000
0.000046 4.000000 10.000000 -11.000000
0.000199 4.500000 10.000000 -11.000000
0.000100 4.500000 10.500000 -11.000000
0.000088 5.500000 10.500000 -11.000000
0.000025 4.500000 10.500000 -10.000000
0.000037 5.500000 10.500000 -9.500000
0.000038 5.000000 10.500000 -9.500000
0.000063 5.500000 10.500000 -10.000000
0.000078 5.000000 10.500000 -10.000000
0.000080 5.500000 10.500000 -10.500000
0.000117 5.000000 10.500000 -10.500000
0.000061 4.500000 10.500000 -10.500000
0.000160 5.000000 10.500000 -11.000000
0.000021 -5.500000 -11.000000 -11.500000
0.000050 5.500000 10.000000 -11.000000
0.000178 5.000000 10.000000 -11.000000
0.000151 5.000000 9.500000 -11.000000
0.000234 4.500000 9.500000 -11.000000
0.000216 4.500000 9.000000 -11.000000
0.000205 4.000000 9.000000 -11.000000
0.000135 4.500000 8.500000 -11.000000
0.000210 4.000000 8.500000 -11.000000
0.000078 3.500000 8.500000 -11.000000
0.000127 4.000000 8.000000 -11.000000
0.000092 3.500000 8.000000 -11.000000
0.000061 3.500000 7.500000 -11.000000
0.000021 4.000000 7.000000 -11.500000
0.000040 3.000000 8.000000 -11.500000
0.000071 4.500000 8.000000 -11.500000
0.000087 3.500000 9.000000 -11.500000
0.000070 5.000000 9.000000 -11.500000
0.000076 4.000000 10.000000 -11.500000
0.000268 4.500000 10.000000 -11.500000
0.000135 4.500000 10.500000 -11.500000
0.000029 4.500000 11.000000 -11.500000
0.000112 5.000000 11.000000 -11.500000
0.000021 4.500000 11.000000 -11.000000
0.000080 5.500000 11.000000 -11.500000
0.000099 5.000000 11.000000 -11.000000
0.000081 5.500000 11.000000 -11.000000
0.000074 5.000000 11.000000 -10.500000
0.000024 6.000000 11.000000 -10.500000
0.000023 6.000000 11.000000 -10.000000
0.000033 5.500000 11.000000 -9.500000
0.000020 5.000000 11.000000 -9.500000
0.000057 5.500000 11.000000 -10.000000
0.000044 5.000000 11.000000 -10.000000
0.000071 5.500000 11.000000 -10.500000
0.000084 5.500000 10.500000 -11.500000
0.000183 5.000000 10.500000 -11.500000
0.000029 -5.500000 -11.000000 -12.000000
0.000026 -5.500000 -10.500000 -12.000000
0.000022 -5.500000 -10.000000 -12.000000
0.000040 5.500000 10.000000 -11.500000
0.000208 5.000000 10.000000 -11.500000
0.000165 5.000000 9.500000 -11.500000
0.000323 4.500000 9.500000 -11.500000
0.000222 4.000000 9.500000 -11.500000
0.000028 -5.000000 -10.500000 -12.000000
0.000032 -5.000000 -10.000000 -12.000000
0.000033 -5.000000 -9.500000 -12.000000
0.000025 -5.000000 -9.000000 -12.000000
0.000317 4.500000 9.000000 -11.500000
0.000359 4.000000 9.000000 -11.500000
0.000199 4.500000 8.500000 -11.500000
0.000379 4.000000 8.500000 -11.500000
0.000208 3.500000 8.500000 -11.500000
0.000257 4.000000 8.000000 -11.500000
0.000269 3.500000 8.000000 -11.500000
0.000119 4.000000 7.500000 -11.500000
0.000219 3.500000 7.500000 -11.500000
0.000025 -4.500000 -9.500000 -12.000000
0.000033 -4.500000 -9.000000 -12.000000
0.000029 -4.500000 -8.500000 -12.000000
0.000074 3.000000 7.500000 -11.500000
0.000071 3.500000 7.000000 -11.500000
0.000080 3.000000 7.000000 -11.500000
0.000023 3.000000 6.500000 -11.500000
0.000021 -4.000000 -8.000000 -12.000000
0.000020 -4.000000 -7.500000 -12.000000
0.000035 3.000000 6.000000 -12.000000
0.000070 3.500000 6.500000 -12.000000
0.000038 4.000000 7.000000 -12.000000
0.000133 3.000000 8.000000 -12.000000
0.000039 3.000000 8.500000 -12.000000
0.000073 4.500000 8.000000 -12.000000
0.000180 3.500000 9.000000 -12.000000
0.000038 3.500000 9.500000 -12.000000
0.000055 5.000000 9.000000 -12.000000
0.000120 4.000000 10.000000 -12.000000
0.000303 4.500000 10.000000 -12.000000
0.000025 5.500000 10.000000 -12.000000
0.000158 4.500000 10.500000 -12.000000
0.000036 4.500000 11.000000 -12.000000
0.000108 5.000000 11.000000 -12.000000
0.000023 5.000000 11.500000 -12.000000
0.000036 5.500000 11.500000 -12.000000
0.000030 5.000000 11.500000 -11.500000
0.000021 6.000000 11.500000 -10.500000
0.000028 5.500000 11.500000 -10.000000
0.000040 5.500000 11.500000 -10.500000
0.000049 5.500000 11.500000 -11.000000
0.000026 5.000000 11.500000 -11.000000
0.000050 5.500000 11.500000 -11.500000
0.000066 5.500000 11.000000 -12.000000
0.000068 5.500000 10.500000 -12.000000
0.000180 5.000000 10.500000 -12.000000
0.000030 -5.500000 -11.000000 -12.500000
0.000028 -5.500000 -10.500000 -12.500000
0.000023 -5.500000 -10.000000 -12.500000
0.000210 5.000000 10.000000 -12.000000
0.000157 5.000000 9.500000 -12.000000
0.000375 4.500000 9.500000 -12.000000
0.000314 4.000000 9.500000 -12.000000
0.000383 4.500000 9.000000 -12.000000
0.000037 -5.000000 -10.500000 -12.500000
0.000045 -5.000000 -10.000000 -12.500000
0.000046 -5.000000 -9.500000 -12.500000
0.000038 -5.000000 -9.000000 -12.500000
0.000505 4.000000 9.000000 -12.000000
0.000234 4.500000 8.500000 -12.000000
0.000557 4.000000 8.500000 -12.000000
0.000401 3.500000 8.500000 -12.000000
0.000443 4.000000 8.000000 -12.000000
0.000530 3.500000 8.000000 -12.000000
0.000208 4.000000 7.500000 -12.000000
0.000500 3.500000 7.500000 -12.000000
0.000027 -4.500000 -10.000000 -12.500000
0.000052 -4.500000 -9.500000 -12.500000
0.000061 -4.500000 -9.000000 -12.500000
0.000062 -4.500000 -8.500000 -12.500000
0.000044 -4.500000 -8.000000 -12.500000
0.000261 3.000000 7.500000 -12.000000
0.000250 3.500000 7.000000 -12.000000
0.000312 3.000000 7.000000 -12.000000
0.000037 2.500000 7.000000 -12.000000
0.000164 3.000000 6.500000 -12.000000
0.000056 2.500000 6.500000 -12.000000
0.000022 -4.000000 -9.000000 -12.500000
0.000048 -4.000000 -8.500000 -12.500000
0.000061 -4.000000 -8.000000 -12.500000
0.000057 -4.000000 -7.500000 -12.500000
0.000032 -4.000000 -7.000000 -12.500000
0.000059 2.500000 6.000000 -12.000000
0.000032 -3.500000 -7.500000 -12.500000
0.000040 -3.500000 -7.000000 -12.500000
0.000032 -3.500000 -6.500000 -12.500000
0.000063 2.000000 5.000000 -12.500000
0.000038 3.000000 5.500000 -12.500000
0.000211 3.000000 6.000000 -12.500000
0.000187 3.500000 6.500000 -12.500000
0.000051 4.000000 7.000000 -12.500000
0.000051 2.500000 7.500000 -12.500000
0.000315 3.000000 8.000000 -12.500000
0.000064 4.500000 8.000000 -12.500000
0.000097 3.000000 8.500000 -12.500000
0.000306 3.500000 9.000000 -12.500000
0.000076 3.500000 9.500000 -12.500000
0.000035 5.000000 9.000000 -12.500000
0.000172 4.000000 10.000000 -12.500000
0.000309 4.500000 10.000000 -12.500000
0.000027 4.000000 10.500000 -12.500000
0.000169 4.500000 10.500000 -12.500000
0.000039 4.500000 11.000000 -12.500000
0.000043 5.500000 11.000000 -12.500000
0.000086 5.000000 11.000000 -12.500000
0.000045 5.500000 10.500000 -12.500000
0.000153 5.000000 10.500000 -12.500000
0.000023 -5.500000 -11.000000 -13.000000
0.000028 -5.500000 -10.500000 -13.000000
0.000021 -5.500000 -10.000000 -13.000000
0.000181 5.000000 10.000000 -12.500000
0.000126 5.000000 9.500000 -12.500000
0.000382 4.500000 9.500000 -12.500000
0.000411 4.000000 9.500000 -12.500000
0.000396 4.500000 9.000000 -12.500000
0.000041 -5.000000 -10.500000 -13.000000
0.000052 -5.000000 -10.000000 -13.000000
0.000056 -5.000000 -9.500000 -13.000000
0.000045 -5.000000 -9.000000 -13.000000
0.000022 -5.000000 -8.500000 -13.000000
0.000596 4.000000 9.000000 -12.500000
0.000235 4.500000 8.500000 -12.500000
0.000641 4.000000 8.500000 -12.500000
0.000637 3.500000 8.500000 -12.500000
0.000592 4.000000 8.000000 -12.500000
0.000797 3.500000 8.000000 -12.500000
0.000284 4.000000 7.500000 -12.500000
0.000041 -4.500000 -10.000000 -13.000000
0.000073 -4.500000 -9.500000 -13.000000
0.000090 -4.500000 -9.000000 -13.000000
0.000094 -4.500000 -8.500000 -13.000000
0.000072 -4.500000 -8.000000 -13.000000
0.000032 -4.500000 -7.500000 -13.000000
0.000802 3.500000 7.500000 -12.500000
0.000576 3.000000 7.500000 -12.500000
0.000506 3.500000 7.000000 -12.500000
0.000699 3.000000 7.000000 -12.500000
0.000156 2.500000 7.000000 -12.500000
0.000552 3.000000 6.500000 -12.500000
0.000052 -4.000000 -9.000000 -13.000000
0.000104 -4.000000 -8.500000 -13.000000
0.000125 -4.000000 -8.000000 -13.000000
0.000124 -4.000000 -7.500000 -13.000000
0.000080 -4.000000 -7.000000 -13.000000
0.000032 -4.000000 -6.500000 -13.000000
0.000286 2.500000 6.500000 -12.500000
0.000316 2.500000 6.000000 -12.500000
0.000033 2.000000 6.000000 -12.500000
0.000125 2.500000 5.500000 -12.500000
0.000047 -3.500000 -8.000000 -13.000000
0.000097 -3.500000 -7.500000 -13.000000
0.000123 -3.500000 -7.000000 -13.000000
0.000116 -3.500000 -6.500000 -13.000000
0.000061 -3.500000 -6.000000 -13.000000
0.000059 2.000000 5.500000 -12.500000
0.000033 2.500000 5.000000 -12.500000
0.000030 -3.000000 -7.000000 -13.000000
0.000063 -3.000000 -6.500000 -13.000000
0.000086 -3.000000 -6.000000 -13.000000
0.000069 -3.000000 -5.500000 -13.000000
0.000023 -3.000000 -5.000000 -13.000000
0.000029 -2.500000 -5.500000 -13.000000
0.000040 -2.500000 -5.000000 -13.000000
0.000032 -2.500000 -4.500000 -13.000000
0.000033 1.000000 3.000000 -13.000000
0.000041 1.500000 3.500000 -13.000000
0.000027 1.000000 3.500000 -13.000000
0.000099 1.500000 4.000000 -13.000000
0.000038 2.500000 4.500000 -13.000000
0.000222 2.500000 5.000000 -13.000000
0.000166 3.000000 5.500000 -13.000000
0.000598 2.500000 5.500000 -13.000000
0.000032 3.500000 6.000000 -13.000000
0.000057 2.000000 6.500000 -13.000000
0.000313 3.500000 6.500000 -13.000000
0.000051 4.000000 7.000000 -13.000000
0.000132 2.500000 7.500000 -13.000000
0.000311 4.000000 7.500000 -13.000000
0.000041 4.500000 8.000000 -13.000000
0.000157 3.000000 8.500000 -13.000000
0.000388 3.500000 9.000000 -13.000000
0.000101 3.500000 9.500000 -13.000000
0.000440 4.000000 9.500000 -13.000000
0.000187 4.000000 10.000000 -13.000000
0.000030 4.000000 10.500000 -13.000000
0.000148 4.500000 10.500000 -13.000000
0.000025 4.500000 11.000000 -13.000000
0.000020 5.500000 11.000000 -13.000000
0.000056 5.000000 11.000000 -13.000000
0.000020 5.500000 10.500000 -13.000000
0.000022 -5.500000 -10.500000 -13.500000
0.000116 5.000000 10.500000 -13.000000
0.000139 5.000000 10.000000 -13.000000
0.000288 4.500000 10.000000 -13.000000
0.000086 5.000000 9.500000 -13.000000
0.000359 4.500000 9.500000 -13.000000
0.000364 4.500000 9.000000 -13.000000
0.000038 -5.000000 -10.500000 -13.500000
0.000049 -5.000000 -10.000000 -13.500000
0.000055 -5.000000 -9.500000 -13.500000
0.000041 -5.000000 -9.000000 -13.500000
0.000651 4.000000 9.000000 -13.000000
0.000198 4.500000 8.500000 -13.000000
0.000720 4.000000 8.500000 -13.000000
0.000805 3.500000 8.500000 -13.000000
0.000636 4.000000 8.000000 -13.000000
0.000049 -4.500000 -10.000000 -13.500000
0.000086 -4.500000 -9.500000 -13.500000
0.000112 -4.500000 -9.000000 -13.500000
0.000118 -4.500000 -8.500000 -13.500000
0.000085 -4.500000 -8.000000 -13.500000
0.000036 -4.500000 -7.500000 -13.500000
0.001004 3.500000 8.000000 -13.000000
0.000522 3.000000 8.000000 -13.000000
0.001007 3.500000 7.500000 -13.000000
0.000972 3.000000 7.500000 -13.000000
0.000728 3.500000 7.000000 -13.000000
0.001124 3.000000 7.000000 -13.000000
0.000133 -4.000000 -7.000000 -13.500000
0.000032 -4.000000 -9.500000 -13.500000
0.000086 -4.000000 -9.000000 -13.500000
0.000151 -4.000000 -8.500000 -13.500000
0.000183 -4.000000 -8.000000 -13.500000
0.000186 -4.000000 -7.500000 -13.500000
0.000054 -4.000000 -6.500000 -13.500000
0.000428 2.500000 7.000000 -13.000000
0.001027 3.000000 6.500000 -13.000000
0.000787 2.500000 6.500000 -13.000000
0.000579 3.000000 6.000000 -13.000000
0.000909 2.500000 6.000000 -13.000000
0.000055 -3.500000 -5.500000 -13.500000
0.000033 -3.500000 -8.500000 -13.500000
0.000105 -3.500000 -8.000000 -13.500000
0.000206 -3.500000 -7.500000 -13.500000
0.000250 -3.500000 -7.000000 -13.500000
0.000247 -3.500000 -6.500000 -13.500000
0.000151 -3.500000 -6.000000 -13.500000
0.000188 2.000000 6.000000 -13.000000
0.000354 2.000000 5.500000 -13.000000
0.000386 2.000000 5.000000 -13.000000
0.000024 -3.000000 -7.500000 -13.500000
0.000088 -3.000000 -7.000000 -13.500000
0.000201 -3.000000 -6.500000 -13.500000
0.000262 -3.000000 -6.000000 -13.500000
0.000250 -3.000000 -5.500000 -13.500000
0.000125 -3.000000 -5.000000 -13.500000
0.000035 -3.000000 -4.500000 -13.500000
0.000042 1.500000 5.000000 -13.000000
0.000149 2.000000 4.500000 -13.000000
0.000086 1.500000 4.500000 -13.000000
0.000046 2.000000 4.000000 -13.000000
0.000058 -2.500000 -6.000000 -13.500000
0.000149 -2.500000 -5.500000 -13.500000
0.000204 -2.500000 -5.000000 -13.500000
0.000188 -2.500000 -4.500000 -13.500000
0.000063 -2.500000 -4.000000 -13.500000
0.000024 -2.000000 -5.000000 -13.500000
0.000087 -2.000000 -4.500000 -13.500000
0.000123 -2.000000 -4.000000 -13.500000
0.000109 -2.000000 -3.500000 -13.500000
0.000030 -2.000000 -3.000000 -13.500000
0.000048 -1.500000 -3.500000 -13.500000
0.000084 -1.500000 -3.000000 -13.500000
0.000079 -1.500000 -2.500000 -13.500000
0.000067 -1.000000 -2.000000 -13.500000
0.000079 -1.000000 -1.500000 -13.500000
0.000027 -1.000000 -1.000000 -13.500000
0.000052 -0.500000 0.000000 -13.500000
0.000036 -0.500000 -1.000000 -13.500000
0.000022 0.000000 1.500000 -13.500000
0.000079 -0.500000 -0.500000 -13.500000
0.000074 0.000000 0.500000 -13.500000
0.000107 0.500000 2.000000 -13.500000
0.000072 0.000000 1.000000 -13.500000
0.000029 0.500000 1.000000 -13.500000
0.000074 0.500000 2.500000 -13.500000
0.000079 0.500000 1.500000 -13.500000
0.000053 1.000000 2.000000 -13.500000
0.000120 1.000000 2.500000 -13.500000
0.000115 1.500000 3.000000 -13.500000
0.000224 1.000000 3.000000 -13.500000
0.000276 1.500000 3.500000 -13.500000
0.000050 2.000000 3.500000 -13.500000
0.000197 1.000000 3.500000 -13.500000
0.000078 1.000000 4.000000 -13.500000
0.000282 2.000000 4.000000 -13.500000
0.000698 2.000000 4.500000 -13.500000
0.000159 2.500000 4.500000 -13.500000
0.000263 1.500000 5.000000 -13.500000
0.000062 1.500000 5.500000 -13.500000
0.000359 3.000000 5.500000 -13.500000
0.000040 3.500000 6.000000 -13.500000
0.000166 2.000000 6.500000 -13.500000
0.000382 3.500000 6.500000 -13.500000
0.001440 3.000000 6.500000 -13.500000
0.000035 4.000000 7.000000 -13.500000
0.000227 2.500000 7.500000 -13.500000
0.001149 3.500000 7.500000 -13.500000
0.000669 3.000000 8.000000 -13.500000
0.000199 3.000000 8.500000 -13.500000
0.000413 3.500000 9.000000 -13.500000
0.000398 4.000000 9.500000 -13.500000
0.000162 4.000000 10.000000 -13.500000
0.000098 4.500000 10.500000 -13.500000
0.000067 5.000000 10.500000 -13.500000
0.000086 5.000000 10.000000 -13.500000
0.000218 4.500000 10.000000 -13.500000
0.000049 5.000000 9.500000 -13.500000
0.000286 4.500000 9.500000 -13.500000
0.000108 3.500000 9.500000 -13.500000
0.000026 -5.000000 -10.500000 -14.000000
0.000038 -5.000000 -10.000000 -14.000000
0.000043 -5.000000 -9.500000 -14.000000
0.000031 -5.000000 -9.000000 -14.000000
0.000290 4.500000 9.000000 -13.500000
0.000614 4.000000 9.000000 -13.500000
0.000143 4.500000 8.500000 -13.500000
0.000702 4.000000 8.500000 -13.500000
0.000858 3.500000 8.500000 -13.500000
0.000602 4.000000 8.000000 -13.500000
0.000047 -4.500000 -10.000000 -14.000000
0.000080 -4.500000 -9.500000 -14.000000
0.000106 -4.500000 -9.000000 -14.000000
0.000116 -4.500000 -8.500000 -14.000000
0.000080 -4.500000 -8.000000 -14.000000
0.000025 -4.500000 -7.500000 -14.000000
0.001113 3.500000 8.000000 -13.500000
0.000278 4.000000 7.500000 -13.500000
0.001274 3.000000 7.500000 -13.500000
0.000836 3.500000 7.000000 -13.500000
0.000041 -4.000000 -9.500000 -14.000000
0.000107 -4.000000 -9.000000 -14.000000
0.000181 -4.000000 -8.500000 -14.000000
0.000225 -4.000000 -8.000000 -14.000000
0.000230 -4.000000 -7.500000 -14.000000
0.000155 -4.000000 -7.000000 -14.000000
0.000057 -4.000000 -6.500000 -14.000000
0.001499 3.000000 7.000000 -13.500000
0.000760 2.500000 7.000000 -13.500000
0.001431 2.500000 6.500000 -13.500000
0.000954 3.000000 6.000000 -13.500000
0.000058 -3.500000 -8.500000 -14.000000
0.000167 -3.500000 -8.000000 -14.000000
0.000300 -3.500000 -7.500000 -14.000000
0.000366 -3.500000 -7.000000 -14.000000
0.000369 -3.500000 -6.500000 -14.000000
0.000251 -3.500000 -6.000000 -14.000000
0.000092 -3.500000 -5.500000 -14.000000
0.001639 2.500000 6.000000 -13.500000
0.000601 2.000000 6.000000 -13.500000
0.001309 2.500000 5.500000 -13.500000
0.001126 2.000000 5.500000 -13.500000
0.000692 2.500000 5.000000 -13.500000
0.000094 -3.000000 -4.500000 -14.000000
0.000056 -3.000000 -7.500000 -14.000000
0.000202 -3.000000 -7.000000 -14.000000
0.000416 -3.000000 -6.500000 -14.000000
0.000520 -3.000000 -6.000000 -14.000000
0.000509 -3.000000 -5.500000 -14.000000
0.000290 -3.000000 -5.000000 -14.000000
0.001238 2.000000 5.000000 -13.500000
0.000075 -2.500000 -3.500000 -14.000000
0.000028 -2.500000 -6.500000 -14.000000
0.000167 -2.500000 -6.000000 -14.000000
0.000414 -2.500000 -5.500000 -14.000000
0.000569 -2.500000 -5.000000 -14.000000
0.000567 -2.500000 -4.500000 -14.000000
0.000282 -2.500000 -4.000000 -14.000000
0.000523 1.500000 4.500000 -13.500000
0.000103 -2.000000 -5.000000 -14.000000
0.000365 -2.000000 -4.500000 -14.000000
0.000544 -2.000000 -4.000000 -14.000000
0.000541 -2.000000 -3.500000 -14.000000
0.000211 -2.000000 -3.000000 -14.000000
0.000042 -2.000000 -2.500000 -14.000000
0.000223 -1.500000 -3.500000 -14.000000
0.000497 -1.500000 -3.000000 -14.000000
0.000501 -1.500000 -2.500000 -14.000000
0.000164 -1.500000 -2.000000 -14.000000
0.000239 -1.000000 -1.000000 -14.000000
0.000057 -1.000000 -2.500000 -14.000000
0.000383 -1.000000 -2.000000 -14.000000
0.000517 -1.000000 -1.500000 -14.000000
0.000041 -0.500000 0.500000 -14.000000
0.000576 1.500000 4.000000 -13.500000
0.000198 -0.500000 -1.000000 -14.000000
0.000191 0.000000 1.500000 -14.000000
0.000497 -0.500000 -0.500000 -14.000000
0.000385 -0.500000 0.000000 -14.000000
0.000462 0.000000 0.500000 -14.000000
0.000481 0.000000 1.000000 -14.000000
0.000664 0.500000 2.000000 -14.000000
0.000117 0.000000 0.000000 -14.000000
0.000485 0.500000 1.500000 -14.000000
0.000652 1.000000 2.500000 -14.000000
0.000518 0.500000 2.500000 -14.000000
0.000054 1.000000 1.500000 -14.000000
0.000534 1.500000 3.000000 -14.000000
0.001130 1.000000 3.000000 -14.000000
0.000183 2.000000 3.500000 -14.000000
0.000820 2.000000 4.000000 -14.000000
0.000341 2.500000 4.500000 -14.000000
0.000033 3.000000 5.000000 -14.000000
0.001178 2.500000 5.000000 -14.000000
0.002026 2.500000 5.500000 -14.000000
0.000448 3.000000 5.500000 -14.000000
0.001081 2.000000 6.000000 -14.000000
0.000036 3.500000 6.000000 -14.000000
0.001122 3.000000 6.000000 -14.000000
0.000346 3.500000 6.500000 -14.000000
0.001712 3.000000 6.500000 -14.000000
0.000024 4.000000 7.000000 -14.000000
0.000304 2.500000 7.500000 -14.000000
0.000214 4.000000 7.500000 -14.000000
0.000027 2.500000 8.000000 -14.000000
0.000510 4.000000 8.000000 -14.000000
0.000372 3.500000 9.000000 -14.000000
0.000023 5.000000 9.500000 -14.000000
0.000108 4.000000 10.000000 -14.000000
0.000026 5.000000 10.500000 -14.000000
0.000041 4.500000 10.500000 -14.000000
0.000041 5.000000 10.000000 -14.000000
0.000127 4.500000 10.000000 -14.000000
0.000187 4.500000 9.500000 -14.000000
0.000291 4.000000 9.500000 -14.000000
0.000024 -5.000000 -10.000000 -14.500000
0.000026 -5.000000 -9.500000 -14.500000
0.000096 3.500000 9.500000 -14.000000
0.000196 4.500000 9.000000 -14.000000
0.000480 4.000000 9.000000 -14.000000
0.000091 4.500000 8.500000 -14.000000
0.000572 4.000000 8.500000 -14.000000
0.000034 -4.500000 -10.000000 -14.500000
0.000061 -4.500000 -9.500000 -14.500000
0.000084 -4.500000 -9.000000 -14.500000
0.000093 -4.500000 -8.500000 -14.500000
0.000064 -4.500000 -8.000000 -14.500000
0.000801 3.500000 8.500000 -14.000000
0.000227 3.000000 8.500000 -14.000000
0.001095 3.500000 8.000000 -14.000000
0.000728 3.000000 8.000000 -14.000000
0.001155 3.500000 7.500000 -14.000000
0.000230 -4.000000 -7.500000 -14.500000
0.000040 -4.000000 -9.500000 -14.500000
0.000103 -4.000000 -9.000000 -14.500000
0.000172 -4.000000 -8.500000 -14.500000
0.000219 -4.000000 -8.000000 -14.500000
0.000147 -4.000000 -7.000000 -14.500000
0.000042 -4.000000 -6.500000 -14.500000
0.001404 3.000000 7.500000 -14.000000
0.000824 3.500000 7.000000 -14.000000
0.001706 3.000000 7.000000 -14.000000
0.001020 2.500000 7.000000 -14.000000
0.000276 -3.500000 -6.000000 -14.500000
0.000022 -3.500000 -9.000000 -14.500000
0.000077 -3.500000 -8.500000 -14.500000
0.000209 -3.500000 -8.000000 -14.500000
0.000362 -3.500000 -7.500000 -14.500000
0.000442 -3.500000 -7.000000 -14.500000
0.000444 -3.500000 -6.500000 -14.500000
0.000093 -3.500000 -5.500000 -14.500000
0.001927 2.500000 6.500000 -14.000000
0.000305 2.000000 6.500000 -14.000000
0.002237 2.500000 6.000000 -14.000000
0.000694 -3.000000 -5.500000 -14.500000
0.000104 -3.000000 -7.500000 -14.500000
0.000325 -3.000000 -7.000000 -14.500000
0.000596 -3.000000 -6.500000 -14.500000
0.000709 -3.000000 -6.000000 -14.500000
0.000437 -3.000000 -5.000000 -14.500000
0.000147 -3.000000 -4.500000 -14.500000
0.002075 2.000000 5.500000 -14.000000
0.000190 1.500000 5.500000 -14.000000
0.002333 2.000000 5.000000 -14.000000
0.001041 -2.500000 -4.500000 -14.500000
0.000092 -2.500000 -6.500000 -14.500000
0.000353 -2.500000 -6.000000 -14.500000
0.000783 -2.500000 -5.500000 -14.500000
0.001042 -2.500000 -5.000000 -14.500000
0.000570 -2.500000 -4.000000 -14.500000
0.000171 -2.500000 -3.500000 -14.500000
0.000793 1.500000 5.000000 -14.000000
0.001616 2.000000 4.500000 -14.000000
0.001604 1.500000 4.500000 -14.000000
0.000145 -2.000000 -2.500000 -14.500000
0.000621 -2.000000 -3.000000 -14.500000
0.000296 -2.000000 -5.000000 -14.500000
0.000867 -2.000000 -4.500000 -14.500000
0.001254 -2.000000 -4.000000 -14.500000
0.001293 -2.000000 -3.500000 -14.500000
0.000072 -1.500000 -1.500000 -14.500000
0.000052 -1.500000 -4.000000 -14.500000
0.000742 -1.500000 -3.500000 -14.500000
0.001564 -1.500000 -3.000000 -14.500000
0.001333 -1.000000 -1.000000 -14.500000
0.000222 -1.000000 -2.500000 -14.500000
0.000351 -0.500000 0.500000 -14.500000
0.001440 -1.000000 -2.000000 -14.500000
0.002028 -1.000000 -1.500000 -14.500000
0.000096 -1.000000 -0.500000 -14.500000
0.000790 -0.500000 -1.000000 -14.500000
0.001055 0.000000 1.500000 -14.500000
0.002078 -0.500000 -0.500000 -14.500000
0.000057 0.000000 2.000000 -14.500000
0.002362 0.500000 2.000000 -14.500000
0.000455 0.000000 0.000000 -14.500000
0.000672 0.500000 1.000000 -14.500000
0.001924 1.000000 2.500000 -14.500000
0.001830 0.500000 2.500000 -14.500000
0.000409 0.500000 3.000000 -14.500000
0.001252 1.500000 3.000000 -14.500000
0.002907 1.000000 3.000000 -14.500000
0.000346 2.000000 3.500000 -14.500000
0.002400 1.500000 3.500000 -14.500000
0.003271 1.500000 4.000000 -14.500000
0.000123 1.000000 4.500000 -14.500000
0.000429 2.500000 4.500000 -14.500000
0.003155 2.000000 5.000000 -14.500000
0.000033 3.000000 5.000000 -14.500000
0.000352 1.500000 5.500000 -14.500000
0.000415 3.000000 5.500000 -14.500000
0.000030 3.500000 6.000000 -14.500000
0.001109 3.000000 6.000000 -14.500000
0.000281 3.500000 6.500000 -14.500000
0.000743 3.500000 7.000000 -14.500000
0.000145 4.000000 7.500000 -14.500000
0.000040 2.500000 8.000000 -14.500000
0.000365 4.000000 8.000000 -14.500000
0.000049 4.500000 8.500000 -14.500000
0.000106 4.500000 9.000000 -14.500000
0.000165 4.000000 9.500000 -14.500000
0.000050 4.000000 10.000000 -14.500000
0.000050 4.500000 10.000000 -14.500000
0.000095 4.500000 9.500000 -14.500000
0.000070 3.500000 9.500000 -14.500000
0.000297 4.000000 9.000000 -14.500000
0.000035 -4.500000 -9.500000 -15.000000
0.000050 -4.500000 -9.000000 -15.000000
0.000055 -4.500000 -8.500000 -15.000000
0.000035 -4.500000 -8.000000 -15.000000
0.000276 3.500000 9.000000 -14.500000
0.000380 4.000000 8.500000 -14.500000
0.000599 3.500000 8.500000 -14.500000
0.000223 3.000000 8.500000 -14.500000
0.000901 3.500000 8.000000 -14.500000
0.000707 3.000000 8.000000 -14.500000
0.001016 3.500000 7.500000 -14.500000
0.000030 -4.000000 -9.500000 -15.000000
0.000075 -4.000000 -9.000000 -15.000000
0.000130 -4.000000 -8.500000 -15.000000
0.000175 -4.000000 -8.000000 -15.000000
0.000187 -4.000000 -7.500000 -15.000000
0.000120 -4.000000 -7.000000 -15.000000
0.000029 -4.000000 -6.500000 -15.000000
0.001382 3.000000 7.500000 -14.500000
0.000376 2.500000 7.500000 -14.500000
0.001707 3.000000 7.000000 -14.500000
0.000024 -3.500000 -9.000000 -15.000000
0.000083 -3.500000 -8.500000 -15.000000
0.000209 -3.500000 -8.000000 -15.000000
0.000348 -3.500000 -7.500000 -15.000000
0.000422 -3.500000 -7.000000 -15.000000
0.000429 -3.500000 -6.500000 -15.000000
0.000257 -3.500000 -6.000000 -15.000000
0.000068 -3.500000 -5.500000 -15.000000
0.001137 2.500000 7.000000 -14.500000
0.001729 3.000000 6.500000 -14.500000
0.002114 2.500000 6.500000 -14.500000
0.000425 2.000000 6.500000 -14.500000
0.002459 2.500000 6.000000 -14.500000
0.000776 -3.000000 -5.500000 -15.000000
0.000033 -3.000000 -8.000000 -15.000000
0.000144 -3.000000 -7.500000 -15.000000
0.000389 -3.000000 -7.000000 -15.000000
0.000660 -3.000000 -6.500000 -15.000000
0.000780 -3.000000 -6.000000 -15.000000
0.000460 -3.000000 -5.000000 -15.000000
0.000139 -3.000000 -4.500000 -15.000000
0.001422 2.000000 6.000000 -14.500000
0.002358 2.500000 5.500000 -14.500000
0.002715 2.000000 5.500000 -14.500000
0.001378 2.500000 5.000000 -14.500000
0.001279 -2.500000 -4.500000 -15.000000
0.000161 -2.500000 -6.500000 -15.000000
0.000550 -2.500000 -6.000000 -15.000000
0.001060 -2.500000 -5.500000 -15.000000
0.001317 -2.500000 -5.000000 -15.000000
0.000731 -2.500000 -4.000000 -15.000000
0.000217 -2.500000 -3.500000 -15.000000
0.001376 1.500000 5.000000 -14.500000
0.002566 2.000000 4.500000 -14.500000
0.002810 1.500000 4.500000 -14.500000
0.001399 2.000000 4.000000 -14.500000
0.000022 -2.000000 -2.000000 -15.000000
0.000994 -2.000000 -3.000000 -15.000000
0.000079 -2.000000 -5.500000 -15.000000
0.000620 -2.000000 -5.000000 -15.000000
0.001466 -2.000000 -4.500000 -15.000000
0.001917 -2.000000 -4.000000 -15.000000
0.001984 -2.000000 -3.500000 -15.000000
0.000251 -2.000000 -2.500000 -15.000000
0.000178 -1.500000 -1.500000 -15.000000
0.003025 -1.500000 -2.500000 -15.000000
0.000240 -1.500000 -4.000000 -15.000000
0.001574 -1.500000 -3.500000 -15.000000
0.002856 -1.500000 -3.000000 -15.000000
0.003059 -1.000000 -1.000000 -15.000000
0.000703 -1.000000 -2.500000 -15.000000
0.003143 -1.000000 -2.000000 -15.000000
0.000046 -0.500000 1.000000 -15.000000
0.001177 -0.500000 0.500000 -15.000000
0.004327 -1.000000 -1.500000 -15.000000
0.000353 -1.000000 -0.500000 -15.000000
0.001457 -1.500000 -2.000000 -15.000000
0.000943 1.000000 4.000000 -14.500000
0.004438 -0.500000 0.000000 -15.000000
0.001924 -0.500000 -1.000000 -15.000000
0.002599 0.000000 1.500000 -15.000000
0.004078 0.000000 0.500000 -15.000000
0.004677 0.000000 1.000000 -15.000000
0.004667 -0.500000 -0.500000 -15.000000
0.000249 0.000000 2.000000 -15.000000
0.004614 0.500000 2.000000 -15.000000
0.001453 0.500000 1.000000 -15.000000
0.000198 0.500000 0.500000 -15.000000
0.003424 1.000000 2.500000 -15.000000
0.003445 0.500000 2.500000 -15.000000
0.000895 0.500000 3.000000 -15.000000
0.001848 1.500000 3.000000 -15.000000
0.004614 1.000000 3.000000 -15.000000
0.000041 0.500000 3.500000 -15.000000
0.000463 2.000000 3.500000 -15.000000
0.003395 1.500000 3.500000 -15.000000
0.001549 1.000000 4.000000 -15.000000
0.000025 2.500000 4.000000 -15.000000
0.000282 1.000000 4.500000 -15.000000
0.002934 2.000000 4.500000 -15.000000
0.000429 2.500000 4.500000 -15.000000
0.001731 1.500000 5.000000 -15.000000
0.000029 3.000000 5.000000 -15.000000
0.000478 1.500000 5.500000 -15.000000
0.002351 2.500000 5.500000 -15.000000
0.000353 3.000000 5.500000 -15.000000
0.001528 2.000000 6.000000 -15.000000
0.000495 2.000000 6.500000 -15.000000
0.000203 3.500000 6.500000 -15.000000
0.000053 2.000000 7.000000 -15.000000
0.000577 3.500000 7.000000 -15.000000
0.000087 4.000000 7.500000 -15.000000
0.000054 2.500000 8.000000 -15.000000
0.000209 4.000000 8.000000 -15.000000
0.000041 4.500000 9.000000 -15.000000
0.000067 4.000000 9.500000 -15.000000
0.000031 4.500000 9.500000 -15.000000
0.000033 3.500000 9.500000 -15.000000
0.000148 4.000000 9.000000 -15.000000
0.000020 -4.500000 -9.500000 -15.500000
0.000022 -4.500000 -9.000000 -15.500000
0.000024 -4.500000 -8.500000 -15.500000
0.000158 3.500000 9.000000 -15.000000
0.000206 4.000000 8.500000 -15.000000
0.000360 3.500000 8.500000 -15.000000
0.000181 3.000000 8.500000 -15.000000
0.000567 3.500000 8.000000 -15.000000
0.000042 -4.000000 -9.000000 -15.500000
0.000073 -4.000000 -8.500000 -15.500000
0.000102 -4.000000 -8.000000 -15.500000
0.000109 -4.000000 -7.500000 -15.500000
0.000067 -4.000000 -7.000000 -15.500000
0.000553 3.000000 8.000000 -15.000000
0.000696 3.500000 7.500000 -15.000000
0.001079 3.000000 7.500000 -15.000000
0.000392 2.500000 7.500000 -15.000000
0.001474 3.000000 7.000000 -15.000000
0.000022 -3.500000 -9.000000 -15.500000
0.000068 -3.500000 -8.500000 -15.500000
0.000154 -3.500000 -8.000000 -15.500000
0.000256 -3.500000 -7.500000 -15.500000
0.000321 -3.500000 -7.000000 -15.500000
0.000333 -3.500000 -6.500000 -15.500000
0.000200 -3.500000 -6.000000 -15.500000
0.000046 -3.500000 -5.500000 -15.500000
0.001134 2.500000 7.000000 -15.000000
0.001555 3.000000 6.500000 -15.000000
0.002073 2.500000 6.500000 -15.000000
0.001006 3.000000 6.000000 -15.000000
0.000037 -3.000000 -8.000000 -15.500000
0.000153 -3.000000 -7.500000 -15.500000
0.000373 -3.000000 -7.000000 -15.500000
0.000616 -3.000000 -6.500000 -15.500000
0.000733 -3.000000 -6.000000 -15.500000
0.000734 -3.000000 -5.500000 -15.500000
0.000428 -3.000000 -5.000000 -15.500000
0.000112 -3.000000 -4.500000 -15.500000
0.002419 2.500000 6.000000 -15.000000
0.002835 2.000000 5.500000 -15.000000
0.001370 2.500000 5.000000 -15.000000
0.000206 -2.500000 -3.500000 -15.500000
0.001299 -2.500000 -4.500000 -15.500000
0.000036 -2.500000 -7.000000 -15.500000
0.000209 -2.500000 -6.500000 -15.500000
0.000617 -2.500000 -6.000000 -15.500000
0.001122 -2.500000 -5.500000 -15.500000
0.001343 -2.500000 -5.000000 -15.500000
0.000730 -2.500000 -4.000000 -15.500000
0.003307 2.000000 5.000000 -15.000000
0.003475 1.500000 4.500000 -15.000000
0.001661 2.000000 4.000000 -15.000000
0.002101 -2.000000 -3.500000 -15.500000
0.002164 -2.000000 -4.000000 -15.500000
0.000207 -2.000000 -5.500000 -15.500000
0.000847 -2.000000 -5.000000 -15.500000
0.001718 -2.000000 -4.500000 -15.500000
0.001084 -2.000000 -3.000000 -15.500000
0.001604 -1.500000 -2.000000 -15.500000
0.000227 -1.500000 -1.500000 -15.500000
0.003682 -1.500000 -2.500000 -15.500000
0.000630 -1.500000 -4.000000 -15.500000
0.000021 -1.000000 0.000000 -15.500000
0.002386 -1.500000 -3.500000 -15.500000
0.000483 -1.000000 -0.500000 -15.500000
0.003831 -1.000000 -1.000000 -15.500000
0.000114 -0.500000 1.000000 -15.500000
0.001758 -0.500000 0.500000 -15.500000
0.001486 -1.000000 -2.500000 -15.500000
0.006440 -0.500000 0.000000 -15.500000
0.003732 0.000000 1.500000 -15.500000
0.000119 -0.500000 -1.500000 -15.500000
0.003278 -0.500000 -1.000000 -15.500000
0.006742 0.000000 1.000000 -15.500000
0.006077 0.000000 0.500000 -15.500000
0.007059 -0.500000 -0.500000 -15.500000
0.000462 0.000000 2.000000 -15.500000
0.005913 0.500000 2.000000 -15.500000
0.004826 0.500000 1.500000 -15.500000
0.004086 1.000000 2.500000 -15.500000
0.004304 0.500000 2.500000 -15.500000
0.000487 1.000000 1.500000 -15.500000
0.001938 1.500000 3.000000 -15.500000
0.005115 1.000000 3.000000 -15.500000
0.000114 0.500000 3.500000 -15.500000
0.000483 2.000000 3.500000 -15.500000
0.003582 1.500000 3.500000 -15.500000
0.001822 1.000000 4.000000 -15.500000
0.000027 2.500000 4.000000 -15.500000
0.001652 2.000000 4.000000 -15.500000
0.003522 1.500000 4.500000 -15.500000
0.000407 2.500000 4.500000 -15.500000
0.000022 3.000000 5.000000 -15.500000
0.001255 2.500000 5.000000 -15.500000
0.000257 3.000000 5.500000 -15.500000
0.002087 2.500000 5.500000 -15.500000
0.000775 3.000000 6.000000 -15.500000
0.000132 3.500000 6.500000 -15.500000
0.001082 3.000000 6.500000 -15.500000
0.000346 3.500000 7.000000 -15.500000
0.000040 4.000000 7.500000 -15.500000
0.000053 2.500000 8.000000 -15.500000
0.000086 4.000000 8.000000 -15.500000
0.000050 4.000000 9.000000 -15.500000
0.000063 3.500000 9.000000 -15.500000
0.000081 4.000000 8.500000 -15.500000
0.000168 3.500000 8.500000 -15.500000
0.000033 -4.000000 -8.500000 -16.000000
0.000040 -4.000000 -8.000000 -16.000000
0.000043 -4.000000 -7.500000 -16.000000
0.000023 -4.000000 -7.000000 -16.000000
0.000103 3.000000 8.500000 -15.500000
0.000292 3.500000 8.000000 -15.500000
0.000324 3.000000 8.000000 -15.500000
0.000367 3.500000 7.500000 -15.500000
0.000645 3.000000 7.500000 -15.500000
0.000023 -3.500000 -5.500000 -16.000000
0.000038 -3.500000 -8.500000 -16.000000
0.000080 -3.500000 -8.000000 -16.000000
0.000133 -3.500000 -7.500000 -16.000000
0.000175 -3.500000 -7.000000 -16.000000
0.000180 -3.500000 -6.500000 -16.000000
0.000106 -3.500000 -6.000000 -16.000000
0.000326 2.500000 7.500000 -15.500000
0.000937 3.000000 7.000000 -15.500000
0.000905 2.500000 7.000000 -15.500000
0.000081 2.000000 7.000000 -15.500000
0.000314 -3.000000 -5.000000 -16.000000
0.000038 -3.000000 -8.000000 -16.000000
0.000122 -3.000000 -7.500000 -16.000000
0.000261 -3.000000 -7.000000 -16.000000
0.000423 -3.000000 -6.500000 -16.000000
0.000522 -3.000000 -6.000000 -16.000000
0.000537 -3.000000 -5.500000 -16.000000
0.000074 -3.000000 -4.500000 -16.000000
0.001631 2.500000 6.500000 -15.500000
0.000519 2.000000 6.500000 -15.500000
0.002053 2.500000 6.000000 -15.500000
0.001487 2.000000 6.000000 -15.500000
0.000035 1.500000 6.000000 -15.500000
0.001012 -2.500000 -5.500000 -16.000000
0.000051 -2.500000 -7.000000 -16.000000
0.000219 -2.500000 -6.500000 -16.000000
0.000589 -2.500000 -6.000000 -16.000000
0.001193 -2.500000 -5.000000 -16.000000
0.001161 -2.500000 -4.500000 -16.000000
0.000640 -2.500000 -4.000000 -16.000000
0.000162 -2.500000 -3.500000 -16.000000
0.002708 2.000000 5.500000 -15.500000
0.000520 1.500000 5.500000 -15.500000
0.003170 2.000000 5.000000 -15.500000
0.000269 -2.000000 -2.500000 -16.000000
0.001782 1.500000 5.000000 -15.500000
0.002948 2.000000 4.500000 -15.500000
0.000405 1.000000 4.500000 -15.500000
0.000027 -2.000000 -6.000000 -16.000000
0.000282 -2.000000 -5.500000 -16.000000
0.000881 -2.000000 -5.000000 -16.000000
0.001682 -2.000000 -4.500000 -16.000000
0.002105 -2.000000 -4.000000 -16.000000
0.002044 -2.000000 -3.500000 -16.000000
0.001055 -2.000000 -3.000000 -16.000000
0.000226 -1.500000 -1.500000 -16.000000
0.003656 -1.500000 -2.500000 -16.000000
0.003592 -1.500000 -3.000000 -16.000000
0.000054 -1.500000 -4.500000 -16.000000
0.000024 -1.000000 0.000000 -16.000000
0.000957 -1.500000 -4.000000 -16.000000
0.002639 -1.500000 -3.500000 -16.000000
0.001569 -1.500000 -2.000000 -16.000000
0.000477 -1.000000 -0.500000 -16.000000
0.003786 -1.000000 -1.000000 -16.000000
0.005372 -1.000000 -2.000000 -16.000000
0.000093 -1.000000 -3.000000 -16.000000
0.000135 -0.500000 1.000000 -16.000000
0.001781 -0.500000 0.500000 -16.000000
0.002168 -1.000000 -2.500000 -16.000000
0.006674 -0.500000 0.000000 -16.000000
0.004209 -0.500000 -1.000000 -16.000000
0.003865 0.000000 1.500000 -16.000000
0.007062 0.000000 1.000000 -16.000000
0.006567 0.000000 0.500000 -16.000000
0.000333 -0.500000 -1.500000 -16.000000
0.007673 -0.500000 -0.500000 -16.000000
0.000518 0.000000 2.000000 -16.000000
0.005973 0.500000 2.000000 -16.000000
0.004948 0.500000 1.500000 -16.000000
0.000028 0.000000 2.500000 -16.000000
0.004078 1.000000 2.500000 -16.000000
0.004339 0.500000 2.500000 -16.000000
0.001380 0.500000 3.000000 -16.000000
0.001879 1.500000 3.000000 -16.000000
0.005049 1.000000 3.000000 -16.000000
0.000161 0.500000 3.500000 -16.000000
0.004032 1.000000 3.500000 -16.000000
0.000470 2.000000 3.500000 -16.000000
0.003549 1.500000 3.500000 -16.000000
0.001826 1.000000 4.000000 -16.000000
0.000028 2.500000 4.000000 -16.000000
0.001517 2.000000 4.000000 -16.000000
0.003241 1.500000 4.500000 -16.000000
0.000317 2.500000 4.500000 -16.000000
0.002563 2.000000 5.000000 -16.000000
0.000510 1.500000 5.500000 -16.000000
0.000172 3.000000 5.500000 -16.000000
0.000064 1.500000 6.000000 -16.000000
0.000427 2.000000 6.500000 -16.000000
0.000068 3.500000 6.500000 -16.000000
0.000081 2.000000 7.000000 -16.000000
0.000141 3.500000 7.000000 -16.000000
0.000037 2.500000 8.000000 -16.000000
0.000022 4.000000 8.000000 -16.000000
0.000048 3.500000 8.500000 -16.000000
0.000039 3.000000 8.500000 -16.000000
0.000102 3.500000 8.000000 -16.000000
0.000132 3.000000 8.000000 -16.000000
0.000139 3.500000 7.500000 -16.000000
0.000034 -3.500000 -6.000000 -16.500000
0.000030 -3.500000 -8.000000 -16.500000
0.000050 -3.500000 -7.500000 -16.500000
0.000062 -3.500000 -7.000000 -16.500000
0.000064 -3.500000 -6.500000 -16.500000
0.000287 3.000000 7.500000 -16.000000
0.000183 2.500000 7.500000 -16.000000
0.000455 3.000000 7.000000 -16.000000
0.000502 2.500000 7.000000 -16.000000
0.000548 3.000000 6.500000 -16.000000
0.000038 -3.000000 -4.500000 -16.500000
0.000206 -3.000000 -6.500000 -16.500000
0.000024 -3.000000 -8.000000 -16.500000
0.000065 -3.000000 -7.500000 -16.500000
0.000129 -3.000000 -7.000000 -16.500000
0.000261 -3.000000 -6.000000 -16.500000
0.000264 -3.000000 -5.500000 -16.500000
0.000154 -3.000000 -5.000000 -16.500000
0.000925 2.500000 6.500000 -16.000000
0.000477 3.000000 6.000000 -16.000000
0.001284 2.500000 6.000000 -16.000000
0.000090 -2.500000 -3.500000 -16.500000
0.000405 -2.500000 -4.000000 -16.500000
0.001145 2.000000 6.000000 -16.000000
0.001415 2.500000 5.500000 -16.000000
0.000054 -2.500000 -7.000000 -16.500000
0.000184 -2.500000 -6.500000 -16.500000
0.000399 -2.500000 -6.000000 -16.500000
0.000629 -2.500000 -5.500000 -16.500000
0.000733 -2.500000 -5.000000 -16.500000
0.000735 -2.500000 -4.500000 -16.500000
0.002053 2.000000 5.500000 -16.000000
0.000959 2.500000 5.000000 -16.000000
0.001632 -2.000000 -4.000000 -16.500000
0.001322 -2.000000 -4.500000 -16.500000
0.000063 -2.000000 -6.000000 -16.500000
0.000286 -2.000000 -5.500000 -16.500000
0.000770 -2.000000 -5.000000 -16.500000
0.001597 -2.000000 -3.500000 -16.500000
0.000855 -2.000000 -3.000000 -16.500000
0.000228 -2.000000 -2.500000 -16.500000
0.001664 1.500000 5.000000 -16.000000
0.002605 2.000000 4.500000 -16.000000
0.000429 1.000000 4.500000 -16.000000
0.000203 -1.500000 -1.500000 -16.500000
0.003167 -1.500000 -2.500000 -16.500000
0.000026 -1.000000 0.000000 -16.500000
0.000155 -1.500000 -4.500000 -16.500000
0.001025 -1.500000 -4.000000 -16.500000
0.002418 -1.500000 -3.500000 -16.500000
0.003164 -1.500000 -3.000000 -16.500000
0.000427 -1.000000 -0.500000 -16.500000
0.005955 -1.000000 -1.500000 -16.500000
0.003395 -1.000000 -1.000000 -16.500000
0.005177 -1.000000 -2.000000 -16.500000
0.000131 -0.500000 1.000000 -16.500000
0.000256 -1.000000 -3.000000 -16.500000
0.001708 -0.500000 0.500000 -16.500000
0.006424 -0.500000 0.000000 -16.500000
0.004256 -0.500000 -1.000000 -16.500000
0.003749 0.000000 1.500000 -16.500000
0.006851 0.000000 1.000000 -16.500000
0.006412 0.000000 0.500000 -16.500000
0.000530 -0.500000 -1.500000 -16.500000
0.007484 -0.500000 -0.500000 -16.500000
0.000504 0.000000 2.000000 -16.500000
0.005625 0.500000 2.000000 -16.500000
0.004728 0.500000 1.500000 -16.500000
0.000031 0.000000 2.500000 -16.500000
0.003827 1.000000 2.500000 -16.500000
0.004062 0.500000 2.500000 -16.500000
0.001362 0.500000 3.000000 -16.500000
0.001577 1.500000 3.000000 -16.500000
0.004288 1.000000 3.000000 -16.500000
0.000028 1.500000 2.000000 -16.500000
0.003376 1.000000 3.500000 -16.500000
0.000370 2.000000 3.500000 -16.500000
0.002898 1.500000 3.500000 -16.500000
0.000026 2.500000 4.000000 -16.500000
0.001103 2.000000 4.000000 -16.500000
0.000022 1.000000 5.000000 -16.500000
0.000215 2.500000 4.500000 -16.500000
0.000581 2.500000 5.000000 -16.500000
0.000096 3.000000 5.500000 -16.500000
0.000068 1.500000 6.000000 -16.500000
0.000192 3.000000 6.000000 -16.500000
0.000024 3.500000 6.500000 -16.500000
0.000187 3.000000 6.500000 -16.500000
0.000034 3.500000 7.000000 -16.500000
0.000030 3.000000 8.000000 -16.500000
0.000030 3.500000 7.500000 -16.500000
0.000073 3.000000 7.500000 -16.500000
0.000068 2.500000 7.500000 -16.500000
0.000138 3.000000 7.000000 -16.500000
0.000179 2.500000 7.000000 -16.500000
0.000057 2.000000 7.000000 -16.500000
0.000039 -3.000000 -5.000000 -17.000000
0.000023 -3.000000 -7.500000 -17.000000
0.000044 -3.000000 -7.000000 -17.000000
0.000067 -3.000000 -6.500000 -17.000000
0.000080 -3.000000 -6.000000 -17.000000
0.000070 -3.000000 -5.500000 -17.000000
0.000364 2.500000 6.500000 -16.500000
0.000221 2.000000 6.500000 -16.500000
0.000569 2.500000 6.000000 -16.500000
0.000038 -2.500000 -3.500000 -17.000000
0.000276 -2.500000 -4.500000 -17.000000
0.000037 -2.500000 -7.000000 -17.000000
0.000094 -2.500000 -6.500000 -17.000000
0.000171 -2.500000 -6.000000 -17.000000
0.000249 -2.500000 -5.500000 -17.000000
0.000300 -2.500000 -5.000000 -17.000000
0.000156 -2.500000 -4.000000 -17.000000
0.000590 2.000000 6.000000 -16.500000
0.000681 2.500000 5.500000 -16.500000
0.001104 2.000000 5.500000 -16.500000
0.000461 -2.000000 -3.000000 -17.000000
0.000119 -2.000000 -2.500000 -17.000000
0.000405 1.500000 5.500000 -16.500000
0.001545 2.000000 5.000000 -16.500000
0.001177 1.500000 5.000000 -16.500000
0.001666 2.000000 4.500000 -16.500000
0.002278 1.500000 4.500000 -16.500000
0.000845 -2.000000 -3.500000 -17.000000
0.000437 -2.000000 -5.000000 -17.000000
0.000066 -2.000000 -6.000000 -17.000000
0.000205 -2.000000 -5.500000 -17.000000
0.000715 -2.000000 -4.500000 -17.000000
0.000138 -1.500000 -1.500000 -17.000000
0.000854 -2.000000 -4.000000 -17.000000
0.000405 1.000000 4.500000 -16.500000
0.002872 1.500000 4.000000 -16.500000
0.001992 -1.500000 -3.000000 -17.000000
0.001601 -1.500000 -3.500000 -17.000000
0.000867 -1.500000 -4.000000 -17.000000
0.000020 -1.000000 0.000000 -17.000000
0.000254 -1.500000 -4.500000 -17.000000
0.001838 -1.500000 -2.500000 -17.000000
0.000299 -1.000000 -0.500000 -17.000000
0.004348 -1.000000 -1.500000 -17.000000
0.002237 -1.000000 -1.000000 -17.000000
0.003969 -1.000000 -2.000000 -17.000000
0.000116 -0.500000 1.000000 -17.000000
0.001292 -0.500000 0.500000 -17.000000
0.004929 -0.500000 0.000000 -17.000000
0.000459 -1.000000 -3.000000 -17.000000
0.006114 -0.500000 -0.500000 -17.000000
0.003774 -0.500000 -1.000000 -17.000000
0.002915 0.000000 1.500000 -17.000000
0.005455 0.000000 1.000000 -17.000000
0.005262 0.000000 0.500000 -17.000000
0.000440 0.000000 2.000000 -17.000000
0.004037 0.500000 2.000000 -17.000000
0.001785 0.500000 1.000000 -17.000000
0.003681 0.500000 1.500000 -17.000000
0.001530 0.000000 0.000000 -17.000000
0.000030 0.000000 2.500000 -17.000000
0.002700 1.000000 2.500000 -17.000000
0.002860 0.500000 2.500000 -17.000000
0.001032 0.500000 3.000000 -17.000000
0.001027 1.500000 3.000000 -17.000000
0.002657 1.000000 3.000000 -17.000000
0.000029 1.500000 2.000000 -17.000000
0.000169 0.500000 3.500000 -17.000000
0.000221 2.000000 3.500000 -17.000000
0.001581 1.500000 3.500000 -17.000000
0.000581 2.000000 4.000000 -17.000000
0.000278 1.000000 4.500000 -17.000000
0.001063 1.500000 4.500000 -17.000000
0.000036 1.000000 5.000000 -17.000000
0.000118 2.500000 4.500000 -17.000000
0.000583 2.000000 5.000000 -17.000000
0.000201 1.500000 5.500000 -17.000000
0.000052 1.500000 6.000000 -17.000000
0.000035 3.000000 5.500000 -17.000000
0.000039 3.000000 6.000000 -17.000000
0.000022 2.000000 7.000000 -17.000000
0.000021 3.000000 7.000000 -17.000000
0.000032 2.500000 7.000000 -17.000000
0.000033 3.000000 6.500000 -17.000000
0.000074 2.500000 6.500000 -17.000000
0.000069 2.000000 6.500000 -17.000000
0.000140 2.500000 6.000000 -17.000000
0.000026 -2.500000 -4.000000 -17.500000
0.000028 -2.500000 -6.500000 -17.500000
0.000040 -2.500000 -6.000000 -17.500000
0.000053 -2.500000 -5.500000 -17.500000
0.000060 -2.500000 -5.000000 -17.500000
0.000046 -2.500000 -4.500000 -17.500000
0.000177 2.000000 6.000000 -17.000000
0.000200 2.500000 5.500000 -17.000000
0.000365 2.000000 5.500000 -17.000000
0.000215 2.500000 5.000000 -17.000000
0.000121 -2.000000 -3.000000 -17.500000
0.000026 -2.000000 -2.500000 -17.500000
0.000040 -2.000000 -6.000000 -17.500000
0.000087 -2.000000 -5.500000 -17.500000
0.000156 -2.000000 -5.000000 -17.500000
0.000233 -2.000000 -4.500000 -17.500000
0.000059 -1.500000 -1.500000 -17.500000
0.000273 -2.000000 -4.000000 -17.500000
0.000223 -2.000000 -3.500000 -17.500000
0.000548 1.500000 5.000000 -17.000000
0.000696 2.000000 4.500000 -17.000000
0.000022 2.500000 4.000000 -17.000000
0.000601 -1.500000 -2.500000 -17.500000
0.000624 -1.500000 -3.500000 -17.500000
0.000051 -1.500000 -5.000000 -17.500000
0.000211 -1.500000 -4.500000 -17.500000
0.000447 -1.500000 -4.000000 -17.500000
0.001935 -1.000000 -1.500000 -17.500000
0.000844 -1.000000 -1.000000 -17.500000
0.000132 -1.000000 -0.500000 -17.500000
0.000727 -1.500000 -3.000000 -17.500000
0.001969 -1.000000 -2.000000 -17.500000
0.000457 -1.000000 -3.000000 -17.500000
0.000076 -0.500000 1.000000 -17.500000
0.000620 -0.500000 0.500000 -17.500000
0.000031 -1.000000 -3.500000 -17.500000
0.002423 -0.500000 0.000000 -17.500000
0.001406 0.000000 1.500000 -17.500000
0.002922 0.000000 1.000000 -17.500000
0.003044 0.000000 0.500000 -17.500000
0.000624 -0.500000 -1.500000 -17.500000
0.002406 -0.500000 -1.000000 -17.500000
0.003439 -0.500000 -0.500000 -17.500000
0.000255 0.000000 2.000000 -17.500000
0.001889 0.500000 2.000000 -17.500000
0.001988 0.500000 1.500000 -17.500000
0.000024 0.000000 2.500000 -17.500000
0.001162 1.000000 2.500000 -17.500000
0.001233 0.500000 2.500000 -17.500000
0.000230 1.000000 1.500000 -17.500000
0.000447 1.500000 3.000000 -17.500000
0.001035 1.000000 3.000000 -17.500000
0.000197 1.500000 2.500000 -17.500000
0.000108 0.500000 3.500000 -17.500000
0.000099 2.000000 3.500000 -17.500000
0.000024 2.000000 3.000000 -17.500000
0.000106 1.000000 4.500000 -17.500000
0.000035 2.500000 4.500000 -17.500000
0.000029 1.000000 5.000000 -17.500000
0.000094 2.000000 5.000000 -17.500000
0.000050 1.500000 5.500000 -17.500000
0.000025 2.000000 6.000000 -17.500000
0.000027 2.500000 5.500000 -17.500000
0.000031 -2.000000 -4.000000 -18.000000
0.000021 -2.000000 -3.500000 -18.000000
0.000052 2.000000 5.500000 -17.500000
0.000032 2.500000 5.000000 -17.500000
0.000021 -2.000000 -5.500000 -18.000000
0.000032 -2.000000 -5.000000 -18.000000
0.000037 -2.000000 -4.500000 -18.000000
0.000116 1.500000 5.000000 -17.500000
0.000137 2.000000 4.500000 -17.500000
0.000227 1.500000 4.500000 -17.500000
0.000156 2.000000 4.000000 -17.500000
0.000086 -1.500000 -2.500000 -18.000000
0.000098 -1.500000 -3.500000 -18.000000
0.000094 -1.500000 -4.000000 -18.000000
0.000080 -1.500000 -4.500000 -18.000000
0.000041 -1.500000 -5.000000 -18.000000
0.000116 -1.500000 -3.000000 -18.000000
0.000041 -1.500000 -2.000000 -18.000000
0.000382 1.500000 4.000000 -17.500000
0.000305 1.000000 4.000000 -17.500000
0.000480 1.500000 3.500000 -17.500000
0.000079 -1.000000 -1.000000 -18.000000
0.000431 -1.000000 -2.000000 -18.000000
0.000290 -1.000000 -3.000000 -18.000000
0.000024 -0.500000 1.000000 -18.000000
0.000108 -0.500000 0.500000 -18.000000
0.000470 -0.500000 0.000000 -18.000000
0.001000 -0.500000 -0.500000 -18.000000
0.000076 -1.000000 -3.500000 -18.000000
0.000472 -1.000000 -2.500000 -18.000000
0.000939 -0.500000 -1.000000 -18.000000
0.000411 -0.500000 -1.500000 -18.000000
0.000254 0.000000 1.500000 -18.000000
0.000754 0.000000 1.000000 -18.000000
0.001008 0.000000 0.500000 -18.000000
0.000062 0.000000 2.000000 -18.000000
0.000371 0.500000 2.000000 -18.000000
0.000522 0.500000 1.500000 -18.000000
0.000188 1.000000 2.500000 -18.000000
0.000189 0.500000 2.500000 -18.000000
0.000081 0.500000 3.000000 -18.000000
0.000071 1.500000 3.000000 -18.000000
0.000136 1.000000 3.000000 -18.000000
0.000032 0.500000 3.500000 -18.000000
0.000054 1.500000 3.500000 -18.000000
0.000034 1.000000 4.000000 -18.000000
0.000022 1.500000 4.500000 -18.000000
0.000038 1.500000 4.000000 -18.000000
0.000023 -1.000000 -2.000000 -18.500000
0.000034 -1.000000 -2.500000 -18.500000
0.000068 -1.000000 -3.000000 -18.500000
0.000021 -0.500000 0.000000 -18.500000
0.000061 -0.500000 -0.500000 -18.500000
0.000123 -0.500000 -1.000000 -18.500000
0.000045 -1.000000 -3.500000 -18.500000
0.000136 -0.500000 -1.500000 -18.500000
0.000046 0.000000 1.000000 -18.500000
0.000095 0.000000 0.500000 -18.500000
0.000034 0.500000 1.500000 -18.500000
0.000023 0.500000 2.000000 -18.500000
0.000035 0.500000 1.000000 -18.500000
0.000055 0.000000 0.000000 -18.500000
0.000042 -0.500000 -2.000000 -18.500000
0.000020 -1.000000 -1.500000 -18.500000
0.000074 1.000000 3.500000 -18.000000
0.000060 1.500000 2.500000 -18.000000
0.000091 1.000000 1.500000 -18.000000
0.000201 1.000000 2.000000 -18.000000
0.000072 0.500000 0.500000 -18.000000
0.000362 0.500000 1.000000 -18.000000
0.000374 0.000000 0.000000 -18.000000
0.000045 -0.500000 -2.000000 -18.000000
0.000284 -1.000000 -1.500000 -18.000000
0.000657 1.000000 3.500000 -17.500000
0.000025 1.500000 2.000000 -17.500000
0.000465 0.500000 3.000000 -17.500000
0.000780 1.000000 2.000000 -17.500000
0.000177 0.500000 0.500000 -17.500000
0.001041 0.500000 1.000000 -17.500000
0.000948 0.000000 0.000000 -17.500000
0.001362 -1.000000 -2.500000 -17.500000
0.000294 -1.500000 -2.000000 -17.500000
0.001487 1.500000 4.000000 -17.000000
0.000934 1.000000 4.000000 -17.000000
0.000028 2.000000 3.000000 -17.000000
0.001972 1.000000 3.500000 -17.000000
0.000352 1.500000 2.500000 -17.000000
0.000375 1.000000 1.500000 -17.000000
0.001520 1.000000 2.000000 -17.000000
0.000284 0.500000 0.500000 -17.000000
0.000671 -0.500000 -1.500000 -17.000000
0.002140 -1.000000 -2.500000 -17.000000
0.000798 -1.500000 -2.000000 -17.000000
0.001594 1.000000 4.000000 -16.500000
0.000029 2.000000 3.000000 -16.500000
0.000177 0.500000 3.500000 -16.500000
0.000451 1.500000 2.500000 -16.500000
0.000476 1.000000 1.500000 -16.500000
0.002091 1.000000 2.000000 -16.500000
0.000337 0.500000 0.500000 -16.500000
0.002199 0.500000 1.000000 -16.500000
0.001794 0.000000 0.000000 -16.500000
0.002332 -1.000000 -2.500000 -16.500000
0.001309 -1.500000 -2.000000 -16.500000
0.003907 1.500000 4.000000 -16.000000
0.000028 2.000000 3.000000 -16.000000
0.000026 1.500000 2.000000 -16.000000
0.000475 1.500000 2.500000 -16.000000
0.000502 1.000000 1.500000 -16.000000
0.002271 1.000000 2.000000 -16.000000
0.000345 0.500000 0.500000 -16.000000
0.002266 0.500000 1.000000 -16.000000
0.001821 0.000000 0.000000 -16.000000
0.006283 -1.000000 -1.500000 -16.000000
0.004234 1.500000 4.000000 -15.500000
0.000030 2.000000 3.000000 -15.500000
0.004093 1.000000 3.500000 -15.500000
0.000477 1.500000 2.500000 -15.500000
0.001281 0.500000 3.000000 -15.500000
0.002270 1.000000 2.000000 -15.500000
0.000304 0.500000 0.500000 -15.500000
0.002132 0.500000 1.000000 -15.500000
0.001591 0.000000 0.000000 -15.500000
0.004907 -1.000000 -2.000000 -15.500000
0.006091 -1.000000 -1.500000 -15.500000
0.003587 -1.500000 -3.000000 -15.500000
0.000279 -2.000000 -2.500000 -15.500000
0.004166 1.500000 4.000000 -15.000000
0.000024 2.000000 3.000000 -15.000000
0.003753 1.000000 3.500000 -15.000000
0.000403 1.500000 2.500000 -15.000000
0.000355 1.000000 1.500000 -15.000000
0.001806 1.000000 2.000000 -15.000000
0.003563 0.500000 1.500000 -15.000000
0.001018 0.000000 0.000000 -15.000000
0.002480 1.000000 3.500000 -14.500000
0.000237 1.500000 2.500000 -14.500000
0.000179 1.000000 1.500000 -14.500000
0.000963 1.000000 2.000000 -14.500000
0.000092 0.500000 0.500000 -14.500000
0.001759 0.500000 1.500000 -14.500000
0.001854 0.000000 0.500000 -14.500000
0.002088 0.000000 1.000000 -14.500000
0.001888 -0.500000 0.000000 -14.500000
0.001664 -1.500000 -2.500000 -14.500000
0.000785 -1.500000 -2.000000 -14.500000
0.000026 1.000000 4.500000 -14.000000
0.001793 1.500000 4.000000 -14.000000
0.000375 1.000000 4.000000 -14.000000
0.001116 1.500000 3.500000 -14.000000
0.001022 1.000000 3.500000 -14.000000
0.000082 1.500000 2.500000 -14.000000
0.000094 0.500000 3.000000 -14.000000
0.000304 1.000000 2.000000 -14.000000
0.000026 0.500000 0.500000 -14.000000
0.000173 0.500000 1.000000 -14.000000
