0.2
2.8995222237426788e-05 -5.5 0.5 1.0 
3.2006093533709645e-05 -5.0 0.5 1.0 
3.766054942389019e-05 -5.5 0.5 1.5 
3.689557343022898e-05 -5.0 0.5 1.5 
3.5419991036178544e-05 -5.5 0.5 2.0 
3.3579250157345086e-05 -5.0 0.5 2.0 
2.6613844966050237e-05 -4.5 1.0 0.0 
5.728450923925266e-05 -5.5 1.0 0.5 
9.241596853826195e-05 -5.0 1.0 0.5 
2.4675608074176125e-05 -4.0 1.0 0.5 
7.636245572939515e-05 -4.5 1.0 0.5 
6.333637429634109e-05 -6.0 1.0 1.0 
0.00015392759814858437 -5.5 1.0 1.0 
0.0001735305559122935 -5.0 1.0 1.0 
2.1967378415865824e-05 -4.0 1.0 1.0 
0.00011216089478693902 -4.5 1.0 1.0 
8.152404916472733e-05 -6.0 1.0 1.5 
0.00018958906002808362 -5.5 1.0 1.5 
0.00011593834642553702 -4.5 1.0 1.5 
0.00019423228513915092 -5.0 1.0 1.5 
7.547781569883227e-05 -6.0 1.0 2.0 
0.00018043327145278454 -5.5 1.0 2.0 
8.866345160640776e-05 -4.5 1.0 2.0 
0.00017953508358914405 -5.0 1.0 2.0 
3.8986894651316106e-05 -6.0 1.0 2.5 
4.548769720713608e-05 -4.5 1.0 2.5 
0.00011337678006384522 -5.0 1.0 2.5 
0.00011545464803930372 -5.5 1.0 2.5 
3.5680226574186236e-05 -5.0 1.0 3.0 
2.9190705390647054e-05 -5.5 1.0 3.0 
2.5685294531285763e-05 -4.5 1.5 -0.5 
4.56583802588284e-05 -5.5 1.5 0.0 
3.094153362326324e-05 -4.0 1.5 -0.5 
0.00011539311526576057 -5.0 1.5 0.0 
2.935563497885596e-05 -6.5 1.5 0.5 
0.00012319782399572432 -6.0 1.5 0.5 
8.336781320394948e-05 -4.0 1.5 0.0 
0.00014096267113927752 -4.5 1.5 0.0 
0.0002976362011395395 -5.5 1.5 0.5 
0.0003927912621293217 -5.0 1.5 0.5 
3.9925973396748304e-05 -6.5 1.5 1.0 
0.00011149411147926003 -4.0 1.5 0.5 
0.00031206541461870074 -4.5 1.5 0.5 
0.000279401196166873 -6.0 1.5 1.0 
0.0006044714828021824 -5.5 1.5 1.0 
0.0006343415006995201 -5.0 1.5 1.0 
0.00011106320016551763 -4.0 1.5 1.0 
3.781851410167292e-05 -6.5 1.5 1.5 
0.00042172177927568555 -4.5 1.5 1.0 
0.00031241742544807494 -6.0 1.5 1.5 
0.0006839807028882205 -5.5 1.5 1.5 
6.635797035414726e-05 -4.0 1.5 1.5 
2.09929421544075e-05 -6.5 1.5 2.0 
0.0004341968451626599 -4.5 1.5 1.5 
0.0006965379579924047 -5.0 1.5 1.5 
0.00028682255651801825 -6.0 1.5 2.0 
0.0006467023631557822 -5.5 1.5 2.0 
2.91670294245705e-05 -4.0 1.5 2.0 
0.00035181184648536146 -4.5 1.5 2.0 
0.0006494366098195314 -5.0 1.5 2.0 
0.00015551676915492862 -6.0 1.5 2.5 
0.00021202609059400856 -4.5 1.5 2.5 
0.0004400645266287029 -5.0 1.5 2.5 
0.0004369142698124051 -5.5 1.5 2.5 
9.165384108200669e-05 -4.5 1.5 3.0 
0.000187325946171768 -5.0 1.5 3.0 
0.00016228354070335627 -5.5 1.5 3.0 
2.184955883421935e-05 -4.5 1.5 3.5 
2.9973642085678875e-05 -5.0 1.5 3.5 
2.390502231719438e-05 -4.0 2.0 -1.0 
7.275330426637083e-05 -5.0 2.0 -0.5 
2.8761953217326663e-05 -5.5 2.0 -0.5 
0.00014088774332776666 -4.5 2.0 -0.5 
3.8949070585658774e-05 -6.5 2.0 0.0 
0.00011784541857196018 -6.0 2.0 0.0 
4.3115345761179924e-05 -3.5 2.0 -0.5 
0.0003183834196534008 -5.5 2.0 0.0 
0.00012108597002224997 -4.0 2.0 -0.5 
0.0005151313962414861 -5.0 2.0 0.0 
0.0004776156856678426 -4.5 2.0 0.0 
4.6615903556812555e-05 -3.5 2.0 0.0 
0.00013531709555536509 -6.5 2.0 0.5 
0.0005355798057280481 -6.0 2.0 0.5 
0.0002588951028883457 -4.0 2.0 0.0 
0.0010770433582365513 -5.5 2.0 0.5 
0.0012207817053422332 -5.0 2.0 0.5 
0.0001556185306981206 -6.5 2.0 1.0 
0.00031894780113361776 -4.0 2.0 0.5 
0.0009028257918544114 -4.5 2.0 0.5 
0.0008539797854609787 -6.0 2.0 1.0 
0.001674892264418304 -5.5 2.0 1.0 
0.0017011701129376888 -5.0 2.0 1.0 
0.0003126272058580071 -4.0 2.0 1.0 
0.00014397758059203625 -6.5 2.0 1.5 
0.0011258302256464958 -4.5 2.0 1.0 
0.0008833665633574128 -6.0 2.0 1.5 
0.001759157981723547 -5.5 2.0 1.5 
0.00021023441513534635 -4.0 2.0 1.5 
0.0011456457432359457 -4.5 2.0 1.5 
0.00178140914067626 -5.0 2.0 1.5 
8.976198296295479e-05 -6.5 2.0 2.0 
0.0007971451850607991 -6.0 2.0 2.0 
0.00011647522478597239 -4.0 2.0 2.0 
0.0009518379811197519 -4.5 2.0 2.0 
0.0016460110200569034 -5.0 2.0 2.0 
0.0016430533723905683 -5.5 2.0 2.0 
0.0004486695397645235 -6.0 2.0 2.5 
3.637889676610939e-05 -4.0 2.0 2.5 
0.0006125058862380683 -4.5 2.0 2.5 
0.0011439727386459708 -5.0 2.0 2.5 
0.001129964948631823 -5.5 2.0 2.5 
0.0003011804656125605 -4.5 2.0 3.0 
0.0005453641060739756 -5.0 2.0 3.0 
0.0004792138934135437 -5.5 2.0 3.0 
7.954664761200547e-05 -6.0 2.0 3.0 
0.0001002986537059769 -4.5 2.0 3.5 
0.0001375971914967522 -5.0 2.0 3.5 
6.30998401902616e-05 -5.5 2.0 3.5 
4.114262628718279e-05 -5.0 2.5 -1.0 
7.74271902628243e-05 -4.5 2.5 -1.0 
3.284102422185242e-05 -6.5 2.5 -0.5 
5.5272121244343e-05 -3.5 2.5 -1.0 
9.789228352019563e-05 -4.0 2.5 -1.0 
0.00023209744540508837 -5.5 2.5 -0.5 
8.974024967756122e-05 -6.0 2.5 -0.5 
0.00047563575208187103 -4.5 2.5 -0.5 
0.000323965068673715 -4.0 2.5 -0.5 
3.28425521729514e-05 -7.0 2.5 0.0 
0.0002227922814199701 -6.5 2.5 0.0 
9.592231072019786e-05 -3.5 2.5 -0.5 
0.00042280121124349535 -5.0 2.5 -0.5 
0.000642703496851027 -6.0 2.5 0.0 
0.0012539998861029744 -5.5 2.5 0.0 
3.27186644426547e-05 -7.0 2.5 0.5 
9.836842946242541e-05 -3.5 2.5 0.0 
0.0003719080414157361 -6.5 2.5 0.5 
0.0005838600918650627 -4.0 2.5 0.0 
0.0012176471063867211 -4.5 2.5 0.0 
0.0014907321892678738 -5.0 2.5 0.0 
0.001523271668702364 -6.0 2.5 0.5 
0.0026931583415716887 -5.5 2.5 0.5 
0.002741776406764984 -5.0 2.5 0.5 
0.0019942850340157747 -4.5 2.5 0.5 
4.0143528167391196e-05 -3.5 2.5 0.5 
2.98528448183788e-05 -7.0 2.5 1.0 
0.0007051511202007532 -4.0 2.5 0.5 
0.00037075000000186265 -6.5 2.5 1.0 
0.00185730354860425 -6.0 2.5 1.0 
0.0034436050336807966 -5.5 2.5 1.0 
0.0006998175522312522 -4.0 2.5 1.0 
0.0023655954282730818 -4.5 2.5 1.0 
0.003486715955659747 -5.0 2.5 1.0 
0.00031733530340716243 -6.5 2.5 1.5 
0.0018396053928881884 -6.0 2.5 1.5 
0.0034971407148987055 -5.5 2.5 1.5 
0.0005344728706404567 -4.0 2.5 1.5 
0.0023933202028274536 -4.5 2.5 1.5 
0.0035523059777915478 -5.0 2.5 1.5 
0.00018333835760131478 -6.5 2.5 2.0 
0.0015694439643993974 -6.0 2.5 2.0 
0.0032029354479163885 -5.5 2.5 2.0 
0.0003387016477063298 -4.0 2.5 2.0 
0.002042085165157914 -4.5 2.5 2.0 
0.0032490226440131664 -5.0 2.5 2.0 
2.3858887288952246e-05 -6.5 2.5 2.5 
0.00014413530880119652 -4.0 2.5 2.5 
0.0013728826306760311 -4.5 2.5 2.5 
0.0022876791190356016 -5.0 2.5 2.5 
0.002206962089985609 -5.5 2.5 2.5 
0.0008464767597615719 -6.0 2.5 2.5 
2.6403849915368482e-05 -5.5 2.5 -1.0 
5.173386671231128e-05 -4.0 2.5 3.0 
0.0007117558270692825 -4.5 2.5 3.0 
0.0011466306168586016 -5.0 2.5 3.0 
0.0009887521155178547 -5.5 2.5 3.0 
0.00015477847773581743 -6.0 2.5 3.0 
2.0526065782178193e-05 -4.0 2.5 3.5 
0.0002565433387644589 -4.5 2.5 3.5 
0.0003310693718958646 -5.0 2.5 3.5 
0.00016776350094005466 -5.5 2.5 3.5 
4.538919893093407e-05 -4.5 2.5 4.0 
3.649310383480042e-05 -5.0 2.5 4.0 
2.7759713702835143e-05 -5.0 3.0 -1.5 
3.404021481401287e-05 -4.5 3.0 -1.5 
3.515525168040767e-05 -3.5 3.0 -1.5 
3.9618662412976846e-05 -4.0 3.0 -1.5 
2.4291728550451808e-05 -5.5 3.0 -1.5 
3.5367640521144494e-05 -6.5 3.0 -1.0 
0.00015972391702234745 -5.5 3.0 -1.0 
8.106599125312641e-05 -6.0 3.0 -1.0 
0.0002478538663126528 -4.0 3.0 -1.0 
0.000112939189421013 -3.5 3.0 -1.0 
0.00029944319976493716 -4.5 3.0 -1.0 
6.289382872637361e-05 -7.0 3.0 -0.5 
0.0002587069175206125 -5.0 3.0 -1.0 
0.0005827707354910672 -6.0 3.0 -0.5 
0.0002317265170859173 -6.5 3.0 -0.5 
0.0013200740795582533 -5.0 3.0 -0.5 
8.119675476336852e-05 -7.0 3.0 0.0 
0.00016863385098986328 -3.5 3.0 -0.5 
0.0006088794325478375 -6.5 3.0 0.0 
0.0006458889693021774 -4.0 3.0 -0.5 
0.0011309327092021704 -4.5 3.0 -0.5 
0.0010991658782586455 -5.5 3.0 -0.5 
0.0017954498762264848 -6.0 3.0 0.0 
0.003052806481719017 -5.0 3.0 0.0 
0.0001702743611531332 -3.5 3.0 0.0 
8.151240763254464e-05 -7.0 3.0 0.5 
0.001059499103575945 -4.0 3.0 0.0 
0.002360324142500758 -4.5 3.0 0.0 
0.0029704973567277193 -5.5 3.0 0.0 
0.000713701534550637 -6.5 3.0 0.5 
0.002880814950913191 -6.0 3.0 0.5 
0.00482099037617445 -5.5 3.0 0.5 
0.004858111031353474 -5.0 3.0 0.5 
9.628257248550653e-05 -3.5 3.0 0.5 
0.001297804294154048 -4.0 3.0 0.5 
0.003511433256790042 -4.5 3.0 0.5 
6.46399857942015e-05 -7.0 3.0 1.0 
0.0006647342815995216 -6.5 3.0 1.0 
0.0030893010552972555 -6.0 3.0 1.0 
0.005703319329768419 -5.0 3.0 1.0 
3.529958485160023e-05 -3.5 3.0 1.0 
0.0013415479334071279 -4.0 3.0 1.0 
0.004061419516801834 -4.5 3.0 1.0 
0.005595081485807896 -5.5 3.0 1.0 
2.200384551542811e-05 -7.0 3.0 1.5 
0.0005508867325261235 -6.5 3.0 1.5 
0.003010934917256236 -6.0 3.0 1.5 
0.0011271877447143197 -4.0 3.0 1.5 
0.00410090945661068 -4.5 3.0 1.5 
0.005749385338276625 -5.0 3.0 1.5 
0.005618263967335224 -5.5 3.0 1.5 
0.0003248495631851256 -6.5 3.0 2.0 
0.0007769207586534321 -4.0 3.0 2.0 
0.0035746251232922077 -4.5 3.0 2.0 
0.005263892933726311 -5.0 3.0 2.0 
0.00513868872076273 -5.5 3.0 2.0 
0.002557057421654463 -6.0 3.0 2.0 
6.70287263346836e-05 -6.5 3.0 2.5 
0.0003859420248772949 -4.0 3.0 2.5 
0.002473243046551943 -4.5 3.0 2.5 
0.003780343569815159 -5.0 3.0 2.5 
0.0036204049829393625 -5.5 3.0 2.5 
0.0014820881187915802 -6.0 3.0 2.5 
0.00014776759780943394 -4.0 3.0 3.0 
0.0013291013892740011 -4.5 3.0 3.0 
0.0019953674636781216 -5.0 3.0 3.0 
0.001766196102835238 -5.5 3.0 3.0 
0.0004075727774761617 -6.0 3.0 3.0 
5.591151784756221e-05 -4.0 3.0 3.5 
0.0005077862879261374 -4.5 3.0 3.5 
0.0006495117559097707 -5.0 3.0 3.5 
0.0004181263211648911 -5.5 3.0 3.5 
2.2918897229828872e-05 -4.0 3.0 4.0 
9.728085569804534e-05 -4.5 3.0 4.0 
8.66189511725679e-05 -5.0 3.0 4.0 
7.340613228734583e-05 -6.0 3.5 -1.5 
0.00010994656622642651 -5.5 3.5 -1.5 
0.00011440373054938391 -4.0 3.5 -1.5 
6.682685489067808e-05 -3.5 3.5 -1.5 
0.00013340530858840793 -4.5 3.5 -1.5 
0.00013681218842975795 -5.0 3.5 -1.5 
5.194222103455104e-05 -6.5 3.5 -1.5 
0.00023298690211959183 -6.5 3.5 -1.0 
0.00048648889060132205 -6.0 3.5 -1.0 
8.774572052061558e-05 -7.0 3.5 -1.0 
0.0008673570700921118 -5.0 3.5 -1.0 
0.0007836523000150919 -5.5 3.5 -1.0 
0.00016669828619342297 -3.5 3.5 -1.0 
0.0004597514634951949 -4.0 3.5 -1.0 
0.0007418951718136668 -4.5 3.5 -1.0 
0.00011760708002839237 -7.0 3.5 -0.5 
0.002509963931515813 -5.5 3.5 -0.5 
0.001970044570043683 -4.5 3.5 -0.5 
0.00024986270000226796 -3.5 3.5 -0.5 
0.0010023851646110415 -4.0 3.5 -0.5 
0.0025271158665418625 -5.0 3.5 -0.5 
0.0016470788978040218 -6.0 3.5 -0.5 
0.0006904199253767729 -6.5 3.5 -0.5 
0.0001116777493734844 -7.0 3.5 0.0 
0.003058668226003647 -6.0 3.5 0.0 
0.004715062212198973 -5.5 3.5 0.0 
0.0009570318507030606 -6.5 3.5 0.0 
0.00027340094675309956 -3.5 3.5 0.0 
0.0015995560679584742 -4.0 3.5 0.0 
0.003559210803359747 -4.5 3.5 0.0 
0.004740419797599316 -5.0 3.5 0.0 
0.00010751599620562047 -7.0 3.5 0.5 
0.0009366879821754992 -6.5 3.5 0.5 
0.006713754963129759 -5.0 3.5 0.5 
0.0002124918537447229 -3.5 3.5 0.5 
0.0020364061929285526 -4.0 3.5 0.5 
0.005038349889218807 -4.5 3.5 0.5 
0.006600003689527512 -5.5 3.5 0.5 
0.0038981065154075623 -6.0 3.5 0.5 
9.389954357175156e-05 -7.0 3.5 1.0 
0.0008739351178519428 -6.5 3.5 1.0 
0.0039809648878872395 -6.0 3.5 1.0 
0.00012911729572806507 -3.5 3.5 1.0 
0.0021619205363094807 -4.0 3.5 1.0 
0.005715180654078722 -4.5 3.5 1.0 
0.007536712102591991 -5.0 3.5 1.0 
0.007286527659744024 -5.5 3.5 1.0 
4.052462099934928e-05 -7.0 3.5 1.5 
0.003873588517308235 -6.0 3.5 1.5 
0.007300976198166609 -5.5 3.5 1.5 
4.997109863325022e-05 -3.5 3.5 1.5 
0.0019674021750688553 -4.0 3.5 1.5 
0.00576266273856163 -4.5 3.5 1.5 
0.007584843784570694 -5.0 3.5 1.5 
0.000734998844563961 -6.5 3.5 1.5 
0.0014750964473932981 -4.0 3.5 2.0 
0.005108082201331854 -4.5 3.5 2.0 
0.0069627948105335236 -5.0 3.5 2.0 
0.006678435951471329 -5.5 3.5 2.0 
0.0032423059456050396 -6.0 3.5 2.0 
0.0003926916979253292 -6.5 3.5 2.0 
0.0008348143310286105 -4.0 3.5 2.5 
0.0036034821532666683 -4.5 3.5 2.5 
0.00499615678563714 -5.0 3.5 2.5 
0.004624583292752504 -5.5 3.5 2.5 
0.0017518822569400072 -6.0 3.5 2.5 
5.623226024908945e-05 -6.5 3.5 2.5 
0.00037939121830277145 -4.0 3.5 3.0 
0.0019865056965500116 -4.5 3.5 3.0 
0.0026355714071542025 -5.0 3.5 3.0 
0.0021961149759590626 -5.5 3.5 3.0 
0.0003746081201825291 -6.0 3.5 3.0 
0.00014835626643616706 -4.0 3.5 3.5 
0.0007778392755426466 -4.5 3.5 3.5 
0.0009185374365188181 -5.0 3.5 3.5 
0.0004935994511470199 -5.5 3.5 3.5 
5.1893854106310755e-05 -4.0 3.5 4.0 
0.00017408610437996686 -4.5 3.5 4.0 
0.00015895125397946686 -5.0 3.5 4.0 
2.0854202375630848e-05 -5.5 3.5 4.0 
2.1089728761580773e-05 -4.5 3.5 4.5 
2.142937228200026e-05 -7.0 4.0 -2.0 
5.04707386426162e-05 -6.0 4.0 -2.0 
3.187384209013544e-05 -4.0 4.0 -2.0 
2.0688226868514903e-05 -3.5 4.0 -2.0 
4.622479173121974e-05 -4.5 4.0 -2.0 
6.040310472599231e-05 -5.0 4.0 -2.0 
6.543460040120408e-05 -5.5 4.0 -2.0 
9.018727723741904e-05 -7.0 4.0 -1.5 
0.0001934960309881717 -6.5 4.0 -1.5 
0.00040908309165388346 -5.0 4.0 -1.5 
9.069827501662076e-05 -3.5 4.0 -1.5 
0.00021151082182768732 -4.0 4.0 -1.5 
0.0003318602975923568 -4.5 4.0 -1.5 
0.00041473470628261566 -5.5 4.0 -1.5 
0.0003188319387845695 -6.0 4.0 -1.5 
0.0005500983097590506 -6.5 4.0 -1.0 
0.00011708206147886813 -7.0 4.0 -1.0 
0.001577622490003705 -5.5 4.0 -1.0 
0.00020365582895465195 -3.5 4.0 -1.0 
0.000626186141744256 -4.0 4.0 -1.0 
0.0011691296240314841 -4.5 4.0 -1.0 
0.0015471141086891294 -5.0 4.0 -1.0 
0.0011465727584436536 -6.0 4.0 -1.0 
0.0008478498784825206 -6.5 4.0 -0.5 
0.0023111654445528984 -6.0 4.0 -0.5 
0.0033928498160094023 -5.0 4.0 -0.5 
0.00032368680695071816 -3.5 4.0 -0.5 
0.0012676491169258952 -4.0 4.0 -0.5 
0.002560931956395507 -4.5 4.0 -0.5 
0.0033945434261113405 -5.5 4.0 -0.5 
0.00010273249063175172 -7.0 4.0 -0.5 
9.44033163250424e-05 -7.0 4.0 0.0 
0.0008677670848555863 -6.5 4.0 0.0 
0.003361416282132268 -6.0 4.0 0.0 
0.00557163218036294 -5.0 4.0 0.0 
0.00038776901783421636 -3.5 4.0 0.0 
0.0020238813012838364 -4.0 4.0 0.0 
0.004322100430727005 -4.5 4.0 0.0 
0.0054424661211669445 -5.5 4.0 0.0 
8.961048297351226e-05 -7.0 4.0 0.5 
0.003706103889271617 -6.0 4.0 0.5 
0.0003803066210821271 -3.5 4.0 0.5 
0.0026492904871702194 -4.0 4.0 0.5 
0.005905283614993095 -4.5 4.0 0.5 
0.0073811826296150684 -5.0 4.0 0.5 
0.006975896190851927 -5.5 4.0 0.5 
0.000794388703070581 -6.5 4.0 0.5 
7.606616418343037e-05 -7.0 4.0 1.0 
0.003677772358059883 -6.0 4.0 1.0 
0.0003108181990683079 -3.5 4.0 1.0 
0.0028823467437177896 -4.0 4.0 1.0 
0.006587680894881487 -4.5 4.0 1.0 
0.007976973429322243 -5.0 4.0 1.0 
0.0073438892140984535 -5.5 4.0 1.0 
0.0007438051397912204 -6.5 4.0 1.0 
3.0402605261770077e-05 -7.0 4.0 1.5 
0.00020797511388082057 -3.5 4.0 1.5 
0.00282483478076756 -4.0 4.0 1.5 
0.006625987123697996 -4.5 4.0 1.5 
0.007983004674315453 -5.0 4.0 1.5 
0.00732045341283083 -5.5 4.0 1.5 
0.0035683903843164444 -6.0 4.0 1.5 
0.0006190540734678507 -6.5 4.0 1.5 
0.00028670544270426035 -6.5 4.0 2.0 
6.837085675215349e-05 -3.5 4.0 2.0 
0.002231796272099018 -4.0 4.0 2.0 
0.005885178688913584 -4.5 4.0 2.0 
0.007137912791222334 -5.0 4.0 2.0 
0.006464858539402485 -5.5 4.0 2.0 
0.002827936317771673 -6.0 4.0 2.0 
0.0014101836131885648 -4.0 4.0 2.5 
0.004109904170036316 -4.5 4.0 2.5 
0.004893169272691011 -5.0 4.0 2.5 
0.00423411326482892 -5.5 4.0 2.5 
0.0013738215202465653 -6.0 4.0 2.5 
2.9991211704327725e-05 -6.5 4.0 2.5 
0.0007176444050855935 -4.0 4.0 3.0 
0.0022096203174442053 -4.5 4.0 3.0 
0.0024970611557364464 -5.0 4.0 3.0 
0.0018793134950101376 -5.5 4.0 3.0 
0.00023056473582983017 -6.0 4.0 3.0 
0.0003080788010265678 -4.0 4.0 3.5 
0.0008258622256107628 -4.5 4.0 3.5 
0.0008308772230520844 -5.0 4.0 3.5 
0.0003715624916367233 -5.5 4.0 3.5 
0.0001012589200399816 -4.0 4.0 4.0 
0.00017640423902776092 -4.5 4.0 4.0 
0.00014018069487065077 -5.0 4.0 4.0 
2.354326716158539e-05 -4.5 4.0 4.5 
2.17158976738574e-05 -5.5 4.5 -2.5 
5.722005880670622e-05 -7.0 4.5 -2.0 
9.88642786978744e-05 -6.5 4.5 -2.0 
9.486514318268746e-05 -4.5 4.5 -2.0 
2.707283965719398e-05 -3.5 4.5 -2.0 
5.644807970384136e-05 -4.0 4.5 -2.0 
0.00013151578605175018 -5.0 4.5 -2.0 
0.00014349599950946867 -5.5 4.5 -2.0 
0.0001314114051638171 -6.0 4.5 -2.0 
8.994647942017764e-05 -7.0 4.5 -1.5 
0.000566495640669018 -6.0 4.5 -1.5 
9.408021287526935e-05 -3.5 4.5 -1.5 
0.00025814204127527773 -4.0 4.5 -1.5 
0.000473849824629724 -4.5 4.5 -1.5 
0.000657889002468437 -5.0 4.5 -1.5 
0.0007010528352111578 -5.5 4.5 -1.5 
0.00031039572786539793 -6.5 4.5 -1.5 
8.176486880984157e-05 -7.0 4.5 -1.0 
0.0005770375719293952 -6.5 4.5 -1.0 
0.001343094278126955 -6.0 4.5 -1.0 
0.0018017361871898174 -5.0 4.5 -1.0 
0.0002061043051071465 -3.5 4.5 -1.0 
0.0006762258126400411 -4.0 4.5 -1.0 
0.0013272183714434505 -4.5 4.5 -1.0 
0.0018407219322398305 -5.5 4.5 -1.0 
6.883703463245183e-05 -7.0 4.5 -0.5 
0.00034706201404333115 -3.5 4.5 -0.5 
0.0013427619123831391 -4.0 4.5 -0.5 
0.0027093959506601095 -4.5 4.5 -0.5 
0.003529700916260481 -5.0 4.5 -0.5 
0.0034786099568009377 -5.5 4.5 -0.5 
0.0022629285231232643 -6.0 4.5 -0.5 
0.0006874084938317537 -6.5 4.5 -0.5 
6.555263098562136e-05 -7.0 4.5 0.0 
0.0029551577754318714 -6.0 4.5 0.0 
0.005223548971116543 -5.5 4.5 0.0 
0.00047413204447366297 -3.5 4.5 0.0 
0.002171734580770135 -4.0 4.5 0.0 
0.004432082641869783 -4.5 4.5 0.0 
0.005514762829989195 -5.0 4.5 0.0 
0.0006392725626938045 -6.5 4.5 0.0 
0.0005325042875483632 -3.5 4.5 0.5 
0.0029148024041205645 -4.0 4.5 0.5 
0.005954076535999775 -4.5 4.5 0.5 
0.007069474086165428 -5.0 4.5 0.5 
0.006419936660677195 -5.5 4.5 0.5 
0.0030872647184878588 -6.0 4.5 0.5 
0.0005784848472103477 -6.5 4.5 0.5 
6.186780228745192e-05 -7.0 4.5 0.5 
4.4855696614831686e-05 -7.0 4.5 1.0 
0.0005252516129985452 -6.5 4.5 1.0 
0.000508264871314168 -3.5 4.5 1.0 
0.003233521245419979 -4.0 4.5 1.0 
0.006549847312271595 -4.5 4.5 1.0 
0.007543959189206362 -5.0 4.5 1.0 
0.006654241122305393 -5.5 4.5 1.0 
0.0030227997340261936 -6.0 4.5 1.0 
0.0004043288645334542 -3.5 4.5 1.5 
0.0032128370366990566 -4.0 4.5 1.5 
0.006559642031788826 -4.5 4.5 1.5 
0.0075430432334542274 -5.0 4.5 1.5 
0.006572539918124676 -5.5 4.5 1.5 
0.002791985170915723 -6.0 4.5 1.5 
0.0003663859097287059 -6.5 4.5 1.5 
0.00022494274890050292 -3.5 4.5 2.0 
0.0026447377167642117 -4.0 4.5 2.0 
0.005727588199079037 -4.5 4.5 2.0 
0.006519316229969263 -5.0 4.5 2.0 
0.005453046876937151 -5.5 4.5 2.0 
0.0018824111903086305 -6.0 4.5 2.0 
0.00011206987255718559 -6.5 4.5 2.0 
8.986525790533051e-05 -3.5 4.5 2.5 
0.0017694325651973486 -4.0 4.5 2.5 
0.0038740751333534718 -4.5 4.5 2.5 
0.004261585418134928 -5.0 4.5 2.5 
0.0031897046137601137 -5.5 4.5 2.5 
0.0006327081355266273 -6.0 4.5 2.5 
3.332995402161032e-05 -3.5 4.5 3.0 
0.0009570724796503782 -4.0 4.5 3.0 
0.0019813289400190115 -4.5 4.5 3.0 
0.002040724502876401 -5.0 4.5 3.0 
0.0011127054458484054 -5.5 4.5 3.0 
5.460457396111451e-05 -6.0 4.5 3.0 
0.0004115937917958945 -4.0 4.5 3.5 
0.0006835261592641473 -4.5 4.5 3.5 
0.000613699434325099 -5.0 4.5 3.5 
0.00014495266077574342 -5.5 4.5 3.5 
0.00011736564920283854 -4.0 4.5 4.0 
0.00014067247684579343 -4.5 4.5 4.0 
9.299860539613292e-05 -5.0 4.5 4.0 
2.2820362573838793e-05 -6.0 5.0 -2.5 
2.4666729586897418e-05 -5.0 5.0 -2.5 
2.7644318834063597e-05 -5.5 5.0 -2.5 
5.1568669732660055e-05 -7.0 5.0 -2.0 
0.00012115147546865046 -6.5 5.0 -2.0 
0.00018149284005630761 -6.0 5.0 -2.0 
2.1959269361104816e-05 -3.5 5.0 -2.0 
6.374462827807292e-05 -4.0 5.0 -2.0 
0.0001231727801496163 -4.5 5.0 -2.0 
0.00017873835167847574 -5.0 5.0 -2.0 
0.0002036318473983556 -5.5 5.0 -2.0 
6.37689809082076e-05 -7.0 5.0 -1.5 
0.0002914529759436846 -6.5 5.0 -1.5 
0.0007179301464930177 -5.5 5.0 -1.5 
6.863574526505545e-05 -3.5 5.0 -1.5 
0.00022350774088408798 -4.0 5.0 -1.5 
0.00045926804887130857 -4.5 5.0 -1.5 
0.0006709091830998659 -5.0 5.0 -1.5 
0.000577133905608207 -6.0 5.0 -1.5 
0.0015908762579783797 -5.5 5.0 -1.0 
0.00015798609820194542 -3.5 5.0 -1.0 
0.00054965540766716 -4.0 5.0 -1.0 
0.0011269835522398353 -4.5 5.0 -1.0 
0.0015595856821164489 -5.0 5.0 -1.0 
0.0011413715546950698 -6.0 5.0 -1.0 
0.0004321320739109069 -6.5 5.0 -1.0 
4.211475607007742e-05 -7.0 5.0 -1.0 
0.00044829471153207123 -6.5 5.0 -0.5 
2.052980380540248e-05 -3.0 5.0 -0.5 
0.00029460148653015494 -3.5 5.0 -0.5 
0.0010975826298817992 -4.0 5.0 -0.5 
0.002211505314335227 -4.5 5.0 -0.5 
0.0028586522676050663 -5.0 5.0 -0.5 
0.002789178164675832 -5.5 5.0 -0.5 
0.0017499036621302366 -6.0 5.0 -0.5 
2.3632679585716687e-05 -7.0 5.0 -0.5 
0.0004004633519798517 -6.5 5.0 0.0 
0.004058090969920158 -5.5 5.0 0.0 
2.2641945179202594e-05 -3.0 5.0 0.0 
0.00045068419422023 -3.5 5.0 0.0 
0.0018280005315318704 -4.0 5.0 0.0 
0.00359199196100235 -4.5 5.0 0.0 
0.004371472168713808 -5.0 5.0 0.0 
0.002140549710020423 -6.0 5.0 0.0 
3.2060244848253205e-05 -7.0 5.0 0.0 
2.0256269635865465e-05 -3.0 5.0 0.5 
0.0005721055786125362 -3.5 5.0 0.5 
0.002554583363234997 -4.0 5.0 0.5 
0.004864411428570747 -4.5 5.0 0.5 
0.005581706762313843 -5.0 5.0 0.5 
0.004884134512394667 -5.5 5.0 0.5 
0.002168916864320636 -6.0 5.0 0.5 
0.0003645745455287397 -6.5 5.0 0.5 
3.94216513086576e-05 -7.0 5.0 0.5 
0.0006153843714855611 -3.5 5.0 1.0 
0.0029568844474852085 -4.0 5.0 1.0 
0.005407341755926609 -4.5 5.0 1.0 
0.005986527539789677 -5.0 5.0 1.0 
0.005012925248593092 -5.5 5.0 1.0 
0.0020787029061466455 -6.0 5.0 1.0 
0.00028860688325949013 -6.5 5.0 1.0 
0.0005606068298220634 -3.5 5.0 1.5 
0.002992806490510702 -4.0 5.0 1.5 
0.005426310934126377 -4.5 5.0 1.5 
0.0059689064510166645 -5.0 5.0 1.5 
0.004840887151658535 -5.5 5.0 1.5 
0.0017302809283137321 -6.0 5.0 1.5 
0.00012067532952642068 -6.5 5.0 1.5 
0.00040058247395791113 -3.5 5.0 2.0 
0.0026046375278383493 -4.0 5.0 2.0 
0.0046862647868692875 -4.5 5.0 2.0 
0.004965591244399548 -5.0 5.0 2.0 
0.003624341916292906 -5.5 5.0 2.0 
0.000818490341771394 -6.0 5.0 2.0 
0.00023117630917113274 -3.5 5.0 2.5 
0.0018109824741259217 -4.0 5.0 2.5 
0.0030233284924179316 -4.5 5.0 2.5 
0.003023313358426094 -5.0 5.0 2.5 
0.0016984893009066582 -5.5 5.0 2.5 
0.00010886030941037461 -6.0 5.0 2.5 
0.00012922284076921642 -3.5 5.0 3.0 
0.0009897896088659763 -4.0 5.0 3.0 
0.0014324524672701955 -4.5 5.0 3.0 
0.0012831998756155372 -5.0 5.0 3.0 
0.0003451996308285743 -5.5 5.0 3.0 
6.644734094152227e-05 -3.5 5.0 3.5 
0.0003933235420845449 -4.0 5.0 3.5 
0.00045292681897990406 -4.5 5.0 3.5 
0.00028813857352361083 -5.0 5.0 3.5 
2.819256769726053e-05 -3.5 5.0 4.0 
9.25117710721679e-05 -4.0 5.0 4.0 
9.154677536571398e-05 -4.5 5.0 4.0 
3.469022340141237e-05 -5.0 5.0 4.0 
2.0110530385863967e-05 -6.0 5.5 -2.5 
2.3465032427338883e-05 -5.5 5.5 -2.5 
7.974269828991964e-05 -6.5 5.5 -2.0 
0.00013399221643339843 -5.0 5.5 -2.0 
3.638953421614133e-05 -4.0 5.5 -2.0 
8.377427730010822e-05 -4.5 5.5 -2.0 
0.00015258433995768428 -5.5 5.5 -2.0 
0.00013544202374760062 -6.0 5.5 -2.0 
2.2035206711734645e-05 -7.0 5.5 -1.5 
0.00016271037748083472 -6.5 5.5 -1.5 
0.00035257681156508625 -6.0 5.5 -1.5 
3.645427932497114e-05 -3.5 5.5 -1.5 
0.00012821411655750126 -4.0 5.5 -1.5 
0.00027746192063204944 -4.5 5.5 -1.5 
0.00041470781434327364 -5.0 5.5 -1.5 
0.00044399869511835277 -5.5 5.5 -1.5 
0.0009540697210468352 -5.5 5.5 -1.0 
9.167424286715686e-05 -3.5 5.5 -1.0 
0.0003259874356444925 -4.0 5.5 -1.0 
0.000678609823808074 -4.5 5.5 -1.0 
0.0009394907392561436 -5.0 5.5 -1.0 
0.0006744655547663569 -6.0 5.5 -1.0 
0.00023581451387144625 -6.5 5.5 -1.0 
0.00018760662351269275 -3.5 5.5 -0.5 
0.0006726848077960312 -4.0 5.5 -0.5 
0.0013471298152580857 -4.5 5.5 -0.5 
0.0017308510141447186 -5.0 5.5 -0.5 
0.001679787877947092 -5.5 5.5 -0.5 
0.0010398619342595339 -6.0 5.5 -0.5 
0.0002465292054694146 -6.5 5.5 -0.5 
0.00021618766186293215 -6.5 5.5 0.0 
2.24033574340865e-05 -3.0 5.5 0.0 
0.0003185734385624528 -3.5 5.5 0.0 
0.0011633180547505617 -4.0 5.5 0.0 
0.002220450434833765 -4.5 5.5 0.0 
0.002667211927473545 -5.0 5.5 0.0 
0.0024477532133460045 -5.5 5.5 0.0 
0.0012371339835226536 -6.0 5.5 0.0 
2.4586388462921605e-05 -3.0 5.5 0.5 
0.00045257166493684053 -3.5 5.5 0.5 
0.0016965772956609726 -4.0 5.5 0.5 
0.0030614235438406467 -4.5 5.5 0.5 
0.003438721876591444 -5.0 5.5 0.5 
0.002921487670391798 -5.5 5.5 0.5 
0.0012308553559705615 -6.0 5.5 0.5 
0.00017229067452717572 -6.5 5.5 0.5 
2.2521546270581894e-05 -3.0 5.5 1.0 
0.0005406343261711299 -3.5 5.5 1.0 
0.0020634066313505173 -4.0 5.5 1.0 
0.0034439016599208117 -4.5 5.5 1.0 
0.0037032754626125097 -5.0 5.5 1.0 
0.00297441310249269 -5.5 5.5 1.0 
0.0011226639617234468 -6.0 5.5 1.0 
9.016095282277092e-05 -6.5 5.5 1.0 
0.0005574055248871446 -3.5 5.5 1.5 
0.0021261705551296473 -4.0 5.5 1.5 
0.0034612687304615974 -4.5 5.5 1.5 
0.0036707830149680376 -5.0 5.5 1.5 
0.0027429787442088127 -5.5 5.5 1.5 
0.0007204189314506948 -6.0 5.5 1.5 
0.00047767130308784544 -3.5 5.5 2.0 
0.0019662247505038977 -4.0 5.5 2.0 
0.002947610104456544 -4.5 5.5 2.0 
0.002915724413469434 -5.0 5.5 2.0 
0.0017073943745344877 -5.5 5.5 2.0 
0.00014427168935071677 -6.0 5.5 2.0 
0.0003455919213593006 -3.5 5.5 2.5 
0.0014052190817892551 -4.0 5.5 2.5 
0.0018277546623721719 -4.5 5.5 2.5 
0.0016161524690687656 -5.0 5.5 2.5 
0.00047899995115585625 -5.5 5.5 2.5 
0.00021845451556146145 -3.5 5.5 3.0 
0.0007354376139119267 -4.0 5.5 3.0 
0.0008144662133418024 -4.5 5.5 3.0 
0.0005104020819999278 -5.0 5.5 3.0 
0.00011245632776990533 -3.5 5.5 3.5 
0.0002550488570705056 -4.0 5.5 3.5 
0.00022590805019717664 -4.5 5.5 3.5 
5.746056922362186e-05 -5.0 5.5 3.5 
3.408307020436041e-05 -3.5 5.5 4.0 
4.744196485262364e-05 -4.0 5.5 4.0 
2.883693014155142e-05 -4.5 5.5 4.0 
2.649437010404654e-05 -4.5 6.0 -2.0 
4.4848242396255955e-05 -5.0 6.0 -2.0 
5.210731251281686e-05 -5.5 6.0 -2.0 
4.2090607166755944e-05 -6.0 6.0 -2.0 
5.467752998811193e-05 -6.5 6.0 -1.5 
0.00012086088099749759 -6.0 6.0 -1.5 
4.106588312424719e-05 -4.0 6.0 -1.5 
9.46702784858644e-05 -4.5 6.0 -1.5 
0.00014549217303283513 -5.0 6.0 -1.5 
0.00015573253040201962 -5.5 6.0 -1.5 
2.9632206860696897e-05 -3.5 6.0 -1.0 
0.00011557662219274789 -4.0 6.0 -1.0 
0.0002472912601660937 -4.5 6.0 -1.0 
0.0003456447448115796 -5.0 6.0 -1.0 
0.0003510091337375343 -5.5 6.0 -1.0 
0.0002465150028001517 -6.0 6.0 -1.0 
8.338963380083442e-05 -6.5 6.0 -1.0 
7.280669524334371e-05 -3.5 6.0 -0.5 
0.00025784707395359874 -4.0 6.0 -0.5 
0.0005164708127267659 -4.5 6.0 -0.5 
0.0006653611781075597 -5.0 6.0 -0.5 
0.0006447489140555263 -5.5 6.0 -0.5 
0.00039810361340641975 -6.0 6.0 -0.5 
8.695349242771044e-05 -6.5 6.0 -0.5 
7.434948201989755e-05 -6.5 6.0 0.0 
0.00014444680709857494 -3.5 6.0 0.0 
0.0004798710288014263 -4.0 6.0 0.0 
0.0008954174118116498 -4.5 6.0 0.0 
0.0010678593534976244 -5.0 6.0 0.0 
0.0009755135397426784 -5.5 6.0 0.0 
0.00047473260201513767 -6.0 6.0 0.0 
2.0606041289283894e-05 -3.0 6.0 0.5 
0.00023649663489777595 -3.5 6.0 0.5 
0.0007509780116379261 -4.0 6.0 0.5 
0.0012934041442349553 -4.5 6.0 0.5 
0.0014238239964470267 -5.0 6.0 0.5 
0.0011673055123537779 -5.5 6.0 0.5 
0.0004669510235544294 -6.0 6.0 0.5 
4.456306851352565e-05 -6.5 6.0 0.5 
2.4845501684467308e-05 -3.0 6.0 1.0 
0.0003259261429775506 -3.5 6.0 1.0 
0.0009870239300653338 -4.0 6.0 1.0 
0.0014967352617532015 -4.5 6.0 1.0 
0.0015539679443463683 -5.0 6.0 1.0 
0.0011712991399690509 -5.5 6.0 1.0 
0.00036259181797504425 -6.0 6.0 1.0 
2.6914527552435175e-05 -3.0 6.0 1.5 
0.00037415610859170556 -3.5 6.0 1.5 
0.0010551142040640116 -4.0 6.0 1.5 
0.0015114153502508998 -4.5 6.0 1.5 
0.0015253974124789238 -5.0 6.0 1.5 
0.000938081240747124 -5.5 6.0 1.5 
7.715249375905842e-05 -6.0 6.0 1.5 
2.5299712433479726e-05 -3.0 6.0 2.0 
0.0003763946006074548 -3.5 6.0 2.0 
0.0010106649715453386 -4.0 6.0 2.0 
0.0012688086135312915 -4.5 6.0 2.0 
0.0011074478970840573 -5.0 6.0 2.0 
0.000327762943925336 -5.5 6.0 2.0 
0.00032423000084236264 -3.5 6.0 2.5 
0.000737202528398484 -4.0 6.0 2.5 
0.0007784010376781225 -4.5 6.0 2.5 
0.00044814866851083934 -5.0 6.0 2.5 
0.00021203797950875014 -3.5 6.0 3.0 
0.00036667505628429353 -4.0 6.0 3.0 
0.00031684577697888017 -4.5 6.0 3.0 
4.261833237251267e-05 -5.0 6.0 3.0 
9.299210796598345e-05 -3.5 6.0 3.5 
0.00011790897406172007 -4.0 6.0 3.5 
5.463199340738356e-05 -4.5 6.0 3.5 
2.026947731792461e-05 -3.5 6.0 4.0 
2.4920134819694795e-05 -5.0 6.5 -1.5 
2.663082705112174e-05 -5.5 6.5 -1.5 
2.979729833896272e-05 -6.0 6.5 -1.0 
3.747738810488954e-05 -4.5 6.5 -1.0 
4.738731877296232e-05 -5.0 6.5 -1.0 
4.554412589641288e-05 -5.5 6.5 -1.0 
4.050088318763301e-05 -4.0 6.5 -0.5 
7.476698374375701e-05 -4.5 6.5 -0.5 
8.785297541180626e-05 -5.0 6.5 -0.5 
8.054613863350824e-05 -5.5 6.5 -0.5 
3.433653910178691e-05 -6.0 6.5 -0.5 
2.7730920919566415e-05 -3.5 6.5 0.0 
8.003227412700653e-05 -4.0 6.5 0.0 
0.0001289857318624854 -4.5 6.5 0.0 
0.00013714133820030838 -5.0 6.5 0.0 
0.00010428395762573928 -5.5 6.5 0.0 
3.174940502503887e-05 -6.0 6.5 0.0 
5.6687833421165124e-05 -3.5 6.5 0.5 
0.00013588942238129675 -4.0 6.5 0.5 
0.00018452751100994647 -4.5 6.5 0.5 
0.0001768740767147392 -5.0 6.5 0.5 
0.00010215340444119647 -5.5 6.5 0.5 
9.590108675183728e-05 -3.5 6.5 1.0 
0.00019422589684836566 -4.0 6.5 1.0 
0.00021930823277216405 -4.5 6.5 1.0 
0.0001806775835575536 -5.0 6.5 1.0 
5.4914919019211084e-05 -5.5 6.5 1.0 
2.692263478820678e-05 -3.0 6.5 1.5 
0.00013329849753063172 -3.5 6.5 1.5 
0.00021890783682465553 -4.0 6.5 1.5 
0.00022544575040228665 -4.5 6.5 1.5 
0.00012649419659283012 -5.0 6.5 1.5 
3.1541734642814845e-05 -3.0 6.5 2.0 
0.00014394638128578663 -3.5 6.5 2.0 
0.00021436081442516297 -4.0 6.5 2.0 
0.00018154369900003076 -4.5 6.5 2.0 
3.1118979677557945e-05 -3.0 6.5 2.5 
0.00013257190585136414 -3.5 6.5 2.5 
0.00016561520169489086 -4.0 6.5 2.5 
6.958503217902035e-05 -4.5 6.5 2.5 
2.1531590391532518e-05 -3.0 6.5 3.0 
8.321621135110036e-05 -3.5 6.5 3.0 
8.375038305530325e-05 -4.0 6.5 3.0 
3.191626456100494e-05 -3.5 6.5 3.5 
2.1628815375152044e-05 -6.0 6.5 -1.5 
2.3603321096743457e-05 -6.5 6.0 -2.0 
2.2544620151165873e-05 -7.0 5.5 -2.0 
3.474079858278856e-05 -6.5 4.0 -2.0 
2.4603374185971916e-05 -7.0 3.5 -1.5 
