0.400000
4.5392555528e-05 -5.0000000000e-01 1.5000000000e+00 -6.0000000000e+00
5.1728489534e-05 0.0000000000e+00 2.0000000000e+00 -6.0000000000e+00
6.4353736281e-05 -5.0000000000e-01 2.0000000000e+00 -6.0000000000e+00
8.7708070646e-05 0.0000000000e+00 2.5000000000e+00 -6.0000000000e+00
9.0266064530e-05 5.0000000000e-01 3.0000000000e+00 -6.0000000000e+00
7.7500287378e-05 0.0000000000e+00 3.0000000000e+00 -6.0000000000e+00
6.5904360506e-05 1.0000000000e+00 3.5000000000e+00 -6.0000000000e+00
1.0417961310e-04 5.0000000000e-01 3.5000000000e+00 -6.0000000000e+00
1.1202219522e-04 1.0000000000e+00 4.0000000000e+00 -6.0000000000e+00
6.0513604004e-05 5.0000000000e-01 4.0000000000e+00 -6.0000000000e+00
8.4516240596e-05 1.5000000000e+00 4.5000000000e+00 -6.0000000000e+00
1.0265089437e-04 1.0000000000e+00 4.5000000000e+00 -6.0000000000e+00
9.1508674443e-05 1.5000000000e+00 5.0000000000e+00 -6.0000000000e+00
4.1057971612e-05 1.0000000000e+00 5.0000000000e+00 -6.0000000000e+00
5.6894712592e-05 2.0000000000e+00 5.5000000000e+00 -6.0000000000e+00
5.7822455006e-05 1.5000000000e+00 5.5000000000e+00 -6.0000000000e+00
5.6043236828e-05 -2.0000000000e+00 0.0000000000e+00 -6.5000000000e+00
5.0447904439e-05 -1.0000000000e+00 5.0000000000e-01 -6.5000000000e+00
1.2829693968e-04 -1.5000000000e+00 5.0000000000e-01 -6.5000000000e+00
4.3782585257e-05 -5.0000000000e-01 1.0000000000e+00 -6.5000000000e+00
2.0631369392e-04 -1.0000000000e+00 1.0000000000e+00 -6.5000000000e+00
1.2298584304e-04 -1.5000000000e+00 1.0000000000e+00 -6.5000000000e+00
2.5377441971e-04 -5.0000000000e-01 1.5000000000e+00 -6.5000000000e+00
2.7222696566e-04 -1.0000000000e+00 1.5000000000e+00 -6.5000000000e+00
1.9996761335e-04 0.0000000000e+00 2.0000000000e+00 -6.5000000000e+00
4.0302419312e-04 -5.0000000000e-01 2.0000000000e+00 -6.5000000000e+00
1.3391544819e-04 -1.0000000000e+00 2.0000000000e+00 -6.5000000000e+00
8.0211645188e-05 5.0000000000e-01 2.5000000000e+00 -6.5000000000e+00
4.4909745429e-04 0.0000000000e+00 2.5000000000e+00 -6.5000000000e+00
3.3826959245e-04 -5.0000000000e-01 2.5000000000e+00 -6.5000000000e+00
3.3330954688e-04 5.0000000000e-01 3.0000000000e+00 -6.5000000000e+00
4.8552908134e-04 0.0000000000e+00 3.0000000000e+00 -6.5000000000e+00
6.8204186317e-05 -5.0000000000e-01 3.0000000000e+00 -6.5000000000e+00
1.5029097595e-04 1.0000000000e+00 3.5000000000e+00 -6.5000000000e+00
4.8514936880e-04 5.0000000000e-01 3.5000000000e+00 -6.5000000000e+00
2.4848079955e-04 0.0000000000e+00 3.5000000000e+00 -6.5000000000e+00
3.6305916767e-04 1.0000000000e+00 4.0000000000e+00 -6.5000000000e+00
3.8885807720e-04 5.0000000000e-01 4.0000000000e+00 -6.5000000000e+00
1.8895003730e-04 1.5000000000e+00 4.5000000000e+00 -6.5000000000e+00
3.7835020017e-04 1.0000000000e+00 4.5000000000e+00 -6.5000000000e+00
1.3815772828e-04 5.0000000000e-01 4.5000000000e+00 -6.5000000000e+00
5.9230652551e-05 2.0000000000e+00 5.0000000000e+00 -6.5000000000e+00
2.4562460194e-04 1.5000000000e+00 5.0000000000e+00 -6.5000000000e+00
2.1565029552e-04 1.0000000000e+00 5.0000000000e+00 -6.5000000000e+00
1.1007695545e-04 2.0000000000e+00 5.5000000000e+00 -6.5000000000e+00
1.5487847221e-04 1.5000000000e+00 5.5000000000e+00 -6.5000000000e+00
4.3908658173e-05 1.0000000000e+00 5.5000000000e+00 -6.5000000000e+00
6.8155796366e-05 2.0000000000e+00 6.0000000000e+00 -6.5000000000e+00
4.1211754545e-05 1.5000000000e+00 6.0000000000e+00 -6.5000000000e+00
8.3422677314e-05 -2.0000000000e+00 -5.0000000000e-01 -7.0000000000e+00
1.0238128756e-04 -2.5000000000e+00 -5.0000000000e-01 -7.0000000000e+00
1.7357744279e-04 -1.5000000000e+00 0.0000000000e+00 -7.0000000000e+00
3.4695865259e-04 -2.0000000000e+00 0.0000000000e+00 -7.0000000000e+00
5.3208699224e-05 -2.5000000000e+00 0.0000000000e+00 -7.0000000000e+00
2.2307914684e-04 -1.0000000000e+00 5.0000000000e-01 -7.0000000000e+00
6.8287165983e-04 -1.5000000000e+00 5.0000000000e-01 -7.0000000000e+00
3.2192646572e-04 -2.0000000000e+00 5.0000000000e-01 -7.0000000000e+00
1.3853793431e-04 -5.0000000000e-01 1.0000000000e+00 -7.0000000000e+00
9.3051024515e-04 -1.0000000000e+00 1.0000000000e+00 -7.0000000000e+00
8.4860337336e-04 -1.5000000000e+00 1.0000000000e+00 -7.0000000000e+00
8.9220929694e-04 -5.0000000000e-01 1.5000000000e+00 -7.0000000000e+00
1.3928750418e-03 -1.0000000000e+00 1.5000000000e+00 -7.0000000000e+00
3.6566012664e-04 -1.5000000000e+00 1.5000000000e+00 -7.0000000000e+00
5.1577139741e-04 0.0000000000e+00 2.0000000000e+00 -7.0000000000e+00
1.6254885712e-03 -5.0000000000e-01 2.0000000000e+00 -7.0000000000e+00
1.1457065638e-03 -1.0000000000e+00 2.0000000000e+00 -7.0000000000e+00
1.4240055781e-04 5.0000000000e-01 2.5000000000e+00 -7.0000000000e+00
1.4197852848e-03 0.0000000000e+00 2.5000000000e+00 -7.0000000000e+00
1.6771936446e-03 -5.0000000000e-01 2.5000000000e+00 -7.0000000000e+00
2.0901011433e-04 -1.0000000000e+00 2.5000000000e+00 -7.0000000000e+00
8.0942108582e-04 5.0000000000e-01 3.0000000000e+00 -7.0000000000e+00
1.7340514992e-03 0.0000000000e+00 3.0000000000e+00 -7.0000000000e+00
8.6764997424e-04 -5.0000000000e-01 3.0000000000e+00 -7.0000000000e+00
2.6394312007e-04 1.0000000000e+00 3.5000000000e+00 -7.0000000000e+00
1.3890351963e-03 5.0000000000e-01 3.5000000000e+00 -7.0000000000e+00
1.3059208153e-03 0.0000000000e+00 3.5000000000e+00 -7.0000000000e+00
4.0046252551e-05 -5.0000000000e-01 3.5000000000e+00 -7.0000000000e+00
4.7293304981e-05 1.5000000000e+00 4.0000000000e+00 -7.0000000000e+00
8.0852023382e-04 1.0000000000e+00 4.0000000000e+00 -7.0000000000e+00
1.2497758883e-03 5.0000000000e-01 4.0000000000e+00 -7.0000000000e+00
3.4230180555e-04 0.0000000000e+00 4.0000000000e+00 -7.0000000000e+00
3.2587000426e-04 1.5000000000e+00 4.5000000000e+00 -7.0000000000e+00
8.8091376556e-04 1.0000000000e+00 4.5000000000e+00 -7.0000000000e+00
6.2434299019e-04 5.0000000000e-01 4.5000000000e+00 -7.0000000000e+00
8.0785803638e-05 2.0000000000e+00 5.0000000000e+00 -7.0000000000e+00
4.6580381291e-04 1.5000000000e+00 5.0000000000e+00 -7.0000000000e+00
5.2870717845e-04 1.0000000000e+00 5.0000000000e+00 -7.0000000000e+00
9.3735240141e-05 5.0000000000e-01 5.0000000000e+00 -7.0000000000e+00
1.6638348385e-04 2.0000000000e+00 5.5000000000e+00 -7.0000000000e+00
2.7731686287e-04 1.5000000000e+00 5.5000000000e+00 -7.0000000000e+00
9.9476571994e-05 2.0000000000e+00 6.0000000000e+00 -7.0000000000e+00
4.7828049079e-05 -3.0000000000e+00 -1.5000000000e+00 -7.5000000000e+00
8.0117087236e-05 1.5000000000e+00 6.0000000000e+00 -7.0000000000e+00
1.3406496397e-04 1.0000000000e+00 5.5000000000e+00 -7.0000000000e+00
1.4497781416e-04 -2.5000000000e+00 -1.0000000000e+00 -7.5000000000e+00
9.0998762091e-05 -3.0000000000e+00 -1.0000000000e+00 -7.5000000000e+00
3.3713934187e-04 -2.0000000000e+00 -5.0000000000e-01 -7.5000000000e+00
4.4406716917e-04 -2.5000000000e+00 -5.0000000000e-01 -7.5000000000e+00
6.4083963168e-04 -1.5000000000e+00 0.0000000000e+00 -7.5000000000e+00
1.2148217987e-03 -2.0000000000e+00 0.0000000000e+00 -7.5000000000e+00
3.6691925367e-04 -2.5000000000e+00 0.0000000000e+00 -7.5000000000e+00
6.8607573393e-04 -1.0000000000e+00 5.0000000000e-01 -7.5000000000e+00
2.0165474083e-03 -1.5000000000e+00 5.0000000000e-01 -7.5000000000e+00
1.3807460488e-03 -2.0000000000e+00 5.0000000000e-01 -7.5000000000e+00
3.5512231736e-04 -5.0000000000e-01 1.0000000000e+00 -7.5000000000e+00
2.4685784764e-03 -1.0000000000e+00 1.0000000000e+00 -7.5000000000e+00
2.7508411622e-03 -1.5000000000e+00 1.0000000000e+00 -7.5000000000e+00
4.8218624938e-04 -2.0000000000e+00 1.0000000000e+00 -7.5000000000e+00
7.7204321179e-05 0.0000000000e+00 1.5000000000e+00 -7.5000000000e+00
2.0823566091e-03 -5.0000000000e-01 1.5000000000e+00 -7.5000000000e+00
3.7394677483e-03 -1.0000000000e+00 1.5000000000e+00 -7.5000000000e+00
2.0602624582e-03 -1.5000000000e+00 1.5000000000e+00 -7.5000000000e+00
1.0477253011e-03 0.0000000000e+00 2.0000000000e+00 -7.5000000000e+00
3.8740128639e-03 -5.0000000000e-01 2.0000000000e+00 -7.5000000000e+00
3.6692404574e-03 -1.0000000000e+00 2.0000000000e+00 -7.5000000000e+00
3.2135802429e-04 -1.5000000000e+00 2.0000000000e+00 -7.5000000000e+00
2.5682822145e-04 5.0000000000e-01 2.5000000000e+00 -7.5000000000e+00
3.0005510994e-03 0.0000000000e+00 2.5000000000e+00 -7.5000000000e+00
4.2405082447e-03 -5.0000000000e-01 2.5000000000e+00 -7.5000000000e+00
1.6800078193e-03 -1.0000000000e+00 2.5000000000e+00 -7.5000000000e+00
1.4919216677e-03 5.0000000000e-01 3.0000000000e+00 -7.5000000000e+00
3.8628310313e-03 0.0000000000e+00 3.0000000000e+00 -7.5000000000e+00
3.0400471868e-03 -5.0000000000e-01 3.0000000000e+00 -7.5000000000e+00
5.3816928103e-05 -1.0000000000e+00 3.0000000000e+00 -7.5000000000e+00
4.2301047650e-04 1.0000000000e+00 3.5000000000e+00 -7.5000000000e+00
2.7619812559e-03 5.0000000000e-01 3.5000000000e+00 -7.5000000000e+00
3.2076875883e-03 0.0000000000e+00 3.5000000000e+00 -7.5000000000e+00
6.1471514281e-04 -5.0000000000e-01 3.5000000000e+00 -7.5000000000e+00
6.4789844197e-05 1.5000000000e+00 4.0000000000e+00 -7.5000000000e+00
1.3960396675e-03 1.0000000000e+00 4.0000000000e+00 -7.5000000000e+00
2.5019524803e-03 5.0000000000e-01 4.0000000000e+00 -7.5000000000e+00
1.3038928234e-03 0.0000000000e+00 4.0000000000e+00 -7.5000000000e+00
4.8071976731e-04 1.5000000000e+00 4.5000000000e+00 -7.5000000000e+00
1.5079481437e-03 1.0000000000e+00 4.5000000000e+00 -7.5000000000e+00
1.3550210509e-03 5.0000000000e-01 4.5000000000e+00 -7.5000000000e+00
1.2996368279e-04 0.0000000000e+00 4.5000000000e+00 -7.5000000000e+00
1.0713933011e-04 2.0000000000e+00 5.0000000000e+00 -7.5000000000e+00
6.7112690786e-04 1.5000000000e+00 5.0000000000e+00 -7.5000000000e+00
8.5856892573e-04 1.0000000000e+00 5.0000000000e+00 -7.5000000000e+00
2.0395159329e-04 2.0000000000e+00 5.5000000000e+00 -7.5000000000e+00
4.0044589509e-05 2.5000000000e+00 6.0000000000e+00 -7.5000000000e+00
1.1679151063e-04 2.0000000000e+00 6.0000000000e+00 -7.5000000000e+00
1.5612694309e-04 -3.0000000000e+00 -1.5000000000e+00 -8.0000000000e+00
1.0784658009e-04 1.5000000000e+00 6.0000000000e+00 -7.5000000000e+00
3.7290091598e-04 1.5000000000e+00 5.5000000000e+00 -7.5000000000e+00
4.5681812858e-04 -2.5000000000e+00 -1.0000000000e+00 -8.0000000000e+00
2.5249728044e-04 -3.0000000000e+00 -1.0000000000e+00 -8.0000000000e+00
2.2288719694e-04 1.0000000000e+00 5.5000000000e+00 -7.5000000000e+00
4.4127102003e-05 -2.0000000000e+00 -1.0000000000e+00 -8.0000000000e+00
9.6704795235e-04 -2.0000000000e+00 -5.0000000000e-01 -8.0000000000e+00
1.0717919975e-03 -2.5000000000e+00 -5.0000000000e-01 -8.0000000000e+00
1.4208228110e-04 -3.0000000000e+00 -5.0000000000e-01 -8.0000000000e+00
9.3192896542e-05 -1.5000000000e+00 -5.0000000000e-01 -8.0000000000e+00
1.5210896457e-03 -1.5000000000e+00 0.0000000000e+00 -8.0000000000e+00
2.5760714687e-03 -2.0000000000e+00 0.0000000000e+00 -8.0000000000e+00
9.7472182927e-04 -2.5000000000e+00 0.0000000000e+00 -8.0000000000e+00
9.5681893630e-05 -1.0000000000e+00 0.0000000000e+00 -8.0000000000e+00
1.4992613394e-03 -1.0000000000e+00 5.0000000000e-01 -8.0000000000e+00
3.9576405645e-03 -1.5000000000e+00 5.0000000000e-01 -8.0000000000e+00
2.9927640226e-03 -2.0000000000e+00 5.0000000000e-01 -8.0000000000e+00
2.3911701155e-04 -2.5000000000e+00 5.0000000000e-01 -8.0000000000e+00
2.7049773389e-04 5.0000000000e-01 5.0000000000e+00 -7.5000000000e+00
7.5984273397e-04 -5.0000000000e-01 1.0000000000e+00 -8.0000000000e+00
4.5810155290e-03 -1.0000000000e+00 1.0000000000e+00 -8.0000000000e+00
5.3566425429e-03 -1.5000000000e+00 1.0000000000e+00 -8.0000000000e+00
1.6687560639e-03 -2.0000000000e+00 1.0000000000e+00 -8.0000000000e+00
1.7377704783e-04 0.0000000000e+00 1.5000000000e+00 -8.0000000000e+00
3.6893117017e-03 -5.0000000000e-01 1.5000000000e+00 -8.0000000000e+00
6.7436439474e-03 -1.0000000000e+00 1.5000000000e+00 -8.0000000000e+00
4.5841548087e-03 -1.5000000000e+00 1.5000000000e+00 -8.0000000000e+00
1.7670636688e-04 -2.0000000000e+00 1.5000000000e+00 -8.0000000000e+00
1.7946025338e-03 0.0000000000e+00 2.0000000000e+00 -8.0000000000e+00
6.6545181303e-03 -5.0000000000e-01 2.0000000000e+00 -8.0000000000e+00
6.8639505640e-03 -1.0000000000e+00 2.0000000000e+00 -8.0000000000e+00
1.5806683107e-03 -1.5000000000e+00 2.0000000000e+00 -8.0000000000e+00
4.5245834220e-04 5.0000000000e-01 2.5000000000e+00 -8.0000000000e+00
4.8463696816e-03 0.0000000000e+00 2.5000000000e+00 -8.0000000000e+00
7.3292621764e-03 -5.0000000000e-01 2.5000000000e+00 -8.0000000000e+00
3.9634393504e-03 -1.0000000000e+00 2.5000000000e+00 -8.0000000000e+00
5.6698467713e-05 -1.5000000000e+00 2.5000000000e+00 -8.0000000000e+00
2.2940346310e-03 5.0000000000e-01 3.0000000000e+00 -8.0000000000e+00
6.2434029931e-03 0.0000000000e+00 3.0000000000e+00 -8.0000000000e+00
5.6076647495e-03 -5.0000000000e-01 3.0000000000e+00 -8.0000000000e+00
6.2890579824e-04 -1.0000000000e+00 3.0000000000e+00 -8.0000000000e+00
6.4781104663e-04 1.0000000000e+00 3.5000000000e+00 -8.0000000000e+00
4.1312302277e-03 5.0000000000e-01 3.5000000000e+00 -8.0000000000e+00
5.1850499861e-03 0.0000000000e+00 3.5000000000e+00 -8.0000000000e+00
1.7201371691e-03 -5.0000000000e-01 3.5000000000e+00 -8.0000000000e+00
1.0175331771e-04 1.5000000000e+00 4.0000000000e+00 -8.0000000000e+00
1.9487065939e-03 1.0000000000e+00 4.0000000000e+00 -8.0000000000e+00
3.6521798753e-03 5.0000000000e-01 4.0000000000e+00 -8.0000000000e+00
2.3313301689e-03 0.0000000000e+00 4.0000000000e+00 -8.0000000000e+00
1.0943647094e-04 -5.0000000000e-01 4.0000000000e+00 -8.0000000000e+00
6.0802758391e-04 1.5000000000e+00 4.5000000000e+00 -8.0000000000e+00
1.9612853522e-03 1.0000000000e+00 4.5000000000e+00 -8.0000000000e+00
1.2369030756e-04 2.0000000000e+00 5.0000000000e+00 -8.0000000000e+00
7.6499428314e-04 1.5000000000e+00 5.0000000000e+00 -8.0000000000e+00
1.0374141763e-03 1.0000000000e+00 5.0000000000e+00 -8.0000000000e+00
2.1119182507e-04 2.0000000000e+00 5.5000000000e+00 -8.0000000000e+00
6.3686927724e-05 -3.5000000000e+00 -2.0000000000e+00 -8.5000000000e+00
1.1908855093e-04 2.0000000000e+00 6.0000000000e+00 -8.0000000000e+00
5.9015345357e-05 -3.0000000000e+00 -2.0000000000e+00 -8.5000000000e+00
3.3319735245e-04 -3.0000000000e+00 -1.5000000000e+00 -8.5000000000e+00
5.9545765681e-05 -3.5000000000e+00 -1.5000000000e+00 -8.5000000000e+00
1.1270483788e-04 1.5000000000e+00 6.0000000000e+00 -8.0000000000e+00
4.0481729566e-04 1.5000000000e+00 5.5000000000e+00 -8.0000000000e+00
1.0231424214e-04 -2.5000000000e+00 -1.5000000000e+00 -8.5000000000e+00
9.4639299120e-04 -2.5000000000e+00 -1.0000000000e+00 -8.5000000000e+00
4.4805913864e-04 -3.0000000000e+00 -1.0000000000e+00 -8.5000000000e+00
2.5569732538e-04 1.0000000000e+00 5.5000000000e+00 -8.0000000000e+00
2.0533707629e-04 -2.0000000000e+00 -1.0000000000e+00 -8.5000000000e+00
1.7992637114e-03 -2.0000000000e+00 -5.0000000000e-01 -8.5000000000e+00
1.7383525540e-03 -2.5000000000e+00 -5.0000000000e-01 -8.5000000000e+00
2.7002828453e-04 -3.0000000000e+00 -5.0000000000e-01 -8.5000000000e+00
3.1031921055e-04 -1.5000000000e+00 -5.0000000000e-01 -8.5000000000e+00
2.5815034367e-03 -1.5000000000e+00 0.0000000000e+00 -8.5000000000e+00
3.9407236795e-03 -2.0000000000e+00 0.0000000000e+00 -8.5000000000e+00
1.5379629696e-03 -2.5000000000e+00 0.0000000000e+00 -8.5000000000e+00
4.0337676202e-05 -3.0000000000e+00 0.0000000000e+00 -8.5000000000e+00
3.9215905272e-04 5.0000000000e-01 5.0000000000e+00 -8.0000000000e+00
2.3261184416e-04 -1.0000000000e+00 0.0000000000e+00 -8.5000000000e+00
2.4721501778e-03 -1.0000000000e+00 5.0000000000e-01 -8.5000000000e+00
5.8723820059e-03 -1.5000000000e+00 5.0000000000e-01 -8.5000000000e+00
4.3896477835e-03 -2.0000000000e+00 5.0000000000e-01 -8.5000000000e+00
4.9645213513e-04 -2.5000000000e+00 5.0000000000e-01 -8.5000000000e+00
8.4847959045e-05 -5.0000000000e-01 5.0000000000e-01 -8.5000000000e+00
1.3113725796e-03 -5.0000000000e-01 1.0000000000e+00 -8.5000000000e+00
6.5749003457e-03 -1.0000000000e+00 1.0000000000e+00 -8.5000000000e+00
7.5068479204e-03 -1.5000000000e+00 1.0000000000e+00 -8.5000000000e+00
2.4920697020e-03 -2.0000000000e+00 1.0000000000e+00 -8.5000000000e+00
3.4970074126e-04 0.0000000000e+00 1.5000000000e+00 -8.5000000000e+00
5.2102660059e-03 -5.0000000000e-01 1.5000000000e+00 -8.5000000000e+00
9.1241152208e-03 -1.0000000000e+00 1.5000000000e+00 -8.5000000000e+00
6.2568853679e-03 -1.5000000000e+00 1.5000000000e+00 -8.5000000000e+00
4.9138402413e-04 -2.0000000000e+00 1.5000000000e+00 -8.5000000000e+00
1.9101276985e-03 5.0000000000e-01 4.5000000000e+00 -8.0000000000e+00
3.3439494852e-04 0.0000000000e+00 4.5000000000e+00 -8.0000000000e+00
2.5666375529e-03 0.0000000000e+00 2.0000000000e+00 -8.5000000000e+00
8.7238654745e-03 -5.0000000000e-01 2.0000000000e+00 -8.5000000000e+00
9.0489424670e-03 -1.0000000000e+00 2.0000000000e+00 -8.5000000000e+00
2.3201753902e-03 -1.5000000000e+00 2.0000000000e+00 -8.5000000000e+00
2.6714903726e-04 -1.5000000000e+00 2.5000000000e+00 -8.5000000000e+00
6.9753829668e-04 5.0000000000e-01 2.5000000000e+00 -8.5000000000e+00
6.2244364895e-03 0.0000000000e+00 2.5000000000e+00 -8.5000000000e+00
9.3238889572e-03 -5.0000000000e-01 2.5000000000e+00 -8.5000000000e+00
5.1368867076e-03 -1.0000000000e+00 2.5000000000e+00 -8.5000000000e+00
1.0743845862e-03 -1.0000000000e+00 3.0000000000e+00 -8.5000000000e+00
2.9408337550e-03 5.0000000000e-01 3.0000000000e+00 -8.5000000000e+00
7.5902707560e-03 0.0000000000e+00 3.0000000000e+00 -8.5000000000e+00
6.8264156632e-03 -5.0000000000e-01 3.0000000000e+00 -8.5000000000e+00
8.3273741171e-04 1.0000000000e+00 3.5000000000e+00 -8.5000000000e+00
4.7943777388e-03 5.0000000000e-01 3.5000000000e+00 -8.5000000000e+00
5.9973124749e-03 0.0000000000e+00 3.5000000000e+00 -8.5000000000e+00
2.2041404543e-03 -5.0000000000e-01 3.5000000000e+00 -8.5000000000e+00
6.7798527241e-05 -1.0000000000e+00 3.5000000000e+00 -8.5000000000e+00
1.3859406116e-04 1.5000000000e+00 4.0000000000e+00 -8.5000000000e+00
2.1633062780e-03 1.0000000000e+00 4.0000000000e+00 -8.5000000000e+00
4.0089415877e-03 5.0000000000e-01 4.0000000000e+00 -8.5000000000e+00
2.6488592383e-03 0.0000000000e+00 4.0000000000e+00 -8.5000000000e+00
2.3492365506e-04 -5.0000000000e-01 4.0000000000e+00 -8.5000000000e+00
4.1962195408e-04 0.0000000000e+00 4.5000000000e+00 -8.5000000000e+00
6.3974187512e-04 1.5000000000e+00 4.5000000000e+00 -8.5000000000e+00
2.0299443976e-03 1.0000000000e+00 4.5000000000e+00 -8.5000000000e+00
1.2274233591e-04 2.0000000000e+00 5.0000000000e+00 -8.5000000000e+00
7.6343286425e-04 1.5000000000e+00 5.0000000000e+00 -8.5000000000e+00
2.0056281107e-04 2.0000000000e+00 5.5000000000e+00 -8.5000000000e+00
1.0796602950e-04 2.0000000000e+00 6.0000000000e+00 -8.5000000000e+00
4.9062237454e-05 -3.5000000000e+00 -2.5000000000e+00 -9.0000000000e+00
9.6620311369e-05 -3.5000000000e+00 -2.0000000000e+00 -9.0000000000e+00
1.0326440758e-04 1.5000000000e+00 6.0000000000e+00 -8.5000000000e+00
1.4455282736e-04 -3.0000000000e+00 -2.0000000000e+00 -9.0000000000e+00
4.8643024174e-04 -3.0000000000e+00 -1.5000000000e+00 -9.0000000000e+00
7.9081955613e-05 -3.5000000000e+00 -1.5000000000e+00 -9.0000000000e+00
3.9999574250e-04 1.5000000000e+00 5.5000000000e+00 -8.5000000000e+00
2.5854477502e-04 1.0000000000e+00 5.5000000000e+00 -8.5000000000e+00
2.8772023568e-04 -2.5000000000e+00 -1.5000000000e+00 -9.0000000000e+00
1.3787087722e-03 -2.5000000000e+00 -1.0000000000e+00 -9.0000000000e+00
5.6159859704e-04 -3.0000000000e+00 -1.0000000000e+00 -9.0000000000e+00
1.0558945100e-03 1.0000000000e+00 5.0000000000e+00 -8.5000000000e+00
4.9877961194e-04 -2.0000000000e+00 -1.0000000000e+00 -9.0000000000e+00
2.4812719637e-03 -2.0000000000e+00 -5.0000000000e-01 -9.0000000000e+00
2.0664342771e-03 -2.5000000000e+00 -5.0000000000e-01 -9.0000000000e+00
2.8013370397e-04 -3.0000000000e+00 -5.0000000000e-01 -9.0000000000e+00
4.1762354942e-04 5.0000000000e-01 5.0000000000e+00 -8.5000000000e+00
6.1164522854e-04 -1.5000000000e+00 -5.0000000000e-01 -9.0000000000e+00
3.3601691068e-03 -1.5000000000e+00 0.0000000000e+00 -9.0000000000e+00
4.5330504544e-03 -2.0000000000e+00 0.0000000000e+00 -9.0000000000e+00
1.6216161402e-03 -2.5000000000e+00 0.0000000000e+00 -9.0000000000e+00
4.8097436712e-05 -3.0000000000e+00 0.0000000000e+00 -9.0000000000e+00
4.2189597340e-04 -1.0000000000e+00 0.0000000000e+00 -9.0000000000e+00
3.1879130567e-03 -1.0000000000e+00 5.0000000000e-01 -9.0000000000e+00
6.6660539034e-03 -1.5000000000e+00 5.0000000000e-01 -9.0000000000e+00
4.6566149241e-03 -2.0000000000e+00 5.0000000000e-01 -9.0000000000e+00
5.0886643301e-04 -2.5000000000e+00 5.0000000000e-01 -9.0000000000e+00
1.5552487286e-04 -5.0000000000e-01 5.0000000000e-01 -9.0000000000e+00
1.7753557608e-03 -5.0000000000e-01 1.0000000000e+00 -9.0000000000e+00
7.3706593348e-03 -1.0000000000e+00 1.0000000000e+00 -9.0000000000e+00
7.9771245913e-03 -1.5000000000e+00 1.0000000000e+00 -9.0000000000e+00
2.5221935762e-03 -2.0000000000e+00 1.0000000000e+00 -9.0000000000e+00
5.8661082329e-05 -2.5000000000e+00 1.0000000000e+00 -9.0000000000e+00
5.1521046179e-04 0.0000000000e+00 1.5000000000e+00 -9.0000000000e+00
5.8922385293e-03 -5.0000000000e-01 1.5000000000e+00 -9.0000000000e+00
9.6181197303e-03 -1.0000000000e+00 1.5000000000e+00 -9.0000000000e+00
6.3582864751e-03 -1.5000000000e+00 1.5000000000e+00 -9.0000000000e+00
5.1033917521e-04 -2.0000000000e+00 1.5000000000e+00 -9.0000000000e+00
2.0096235090e-03 5.0000000000e-01 4.5000000000e+00 -8.5000000000e+00
3.0016079322e-03 0.0000000000e+00 2.0000000000e+00 -9.0000000000e+00
9.1239894981e-03 -5.0000000000e-01 2.0000000000e+00 -9.0000000000e+00
9.2766892797e-03 -1.0000000000e+00 2.0000000000e+00 -9.0000000000e+00
2.3184505278e-03 -1.5000000000e+00 2.0000000000e+00 -9.0000000000e+00
4.8934843478e-05 -2.0000000000e+00 2.0000000000e+00 -9.0000000000e+00
8.4867141586e-04 5.0000000000e-01 2.5000000000e+00 -9.0000000000e+00
6.4790490961e-03 0.0000000000e+00 2.5000000000e+00 -9.0000000000e+00
9.5203616039e-03 -5.0000000000e-01 2.5000000000e+00 -9.0000000000e+00
5.1449539304e-03 -1.0000000000e+00 2.5000000000e+00 -9.0000000000e+00
2.9893366881e-04 -1.5000000000e+00 2.5000000000e+00 -9.0000000000e+00
1.0890680257e-03 -1.0000000000e+00 3.0000000000e+00 -9.0000000000e+00
6.8316148757e-03 -5.0000000000e-01 3.0000000000e+00 -9.0000000000e+00
7.0179350002e-05 1.0000000000e+00 3.0000000000e+00 -9.0000000000e+00
3.0672098670e-03 5.0000000000e-01 3.0000000000e+00 -9.0000000000e+00
7.6554486790e-03 0.0000000000e+00 3.0000000000e+00 -9.0000000000e+00
9.4504292885e-05 -1.0000000000e+00 3.5000000000e+00 -9.0000000000e+00
2.2221119405e-03 -5.0000000000e-01 3.5000000000e+00 -9.0000000000e+00
8.8910005787e-04 1.0000000000e+00 3.5000000000e+00 -9.0000000000e+00
4.7803182541e-03 5.0000000000e-01 3.5000000000e+00 -9.0000000000e+00
2.6053885819e-04 -5.0000000000e-01 4.0000000000e+00 -9.0000000000e+00
5.9827830196e-03 0.0000000000e+00 3.5000000000e+00 -9.0000000000e+00
2.6465711314e-03 0.0000000000e+00 4.0000000000e+00 -9.0000000000e+00
1.5165922212e-04 1.5000000000e+00 4.0000000000e+00 -9.0000000000e+00
2.1264313315e-03 1.0000000000e+00 4.0000000000e+00 -9.0000000000e+00
3.9534554565e-03 5.0000000000e-01 4.0000000000e+00 -9.0000000000e+00
6.0902943497e-04 1.5000000000e+00 4.5000000000e+00 -9.0000000000e+00
1.1209776839e-04 2.0000000000e+00 5.0000000000e+00 -9.0000000000e+00
1.6349540002e-04 2.0000000000e+00 5.5000000000e+00 -9.0000000000e+00
7.9241355290e-05 2.0000000000e+00 6.0000000000e+00 -9.0000000000e+00
7.0263663406e-05 1.5000000000e+00 6.0000000000e+00 -9.0000000000e+00
7.5054808446e-05 -3.5000000000e+00 -2.5000000000e+00 -9.5000000000e+00
1.1613249001e-04 -3.5000000000e+00 -2.0000000000e+00 -9.5000000000e+00
3.4097624888e-04 1.5000000000e+00 5.5000000000e+00 -9.0000000000e+00
2.3158473862e-04 -3.0000000000e+00 -2.0000000000e+00 -9.5000000000e+00
5.4570378217e-04 -3.0000000000e+00 -1.5000000000e+00 -9.5000000000e+00
7.7691362067e-05 -3.5000000000e+00 -1.5000000000e+00 -9.5000000000e+00
2.3375845189e-04 1.0000000000e+00 5.5000000000e+00 -9.0000000000e+00
6.8210076664e-04 1.5000000000e+00 5.0000000000e+00 -9.0000000000e+00
9.8455360848e-04 1.0000000000e+00 5.0000000000e+00 -9.0000000000e+00
4.5685547680e-04 -2.5000000000e+00 -1.5000000000e+00 -9.5000000000e+00
1.4994622409e-03 -2.5000000000e+00 -1.0000000000e+00 -9.5000000000e+00
5.5727620045e-04 -3.0000000000e+00 -1.0000000000e+00 -9.5000000000e+00
7.3484463643e-04 -2.0000000000e+00 -1.0000000000e+00 -9.5000000000e+00
2.6092529895e-03 -2.0000000000e+00 -5.0000000000e-01 -9.5000000000e+00
2.0424229084e-03 -2.5000000000e+00 -5.0000000000e-01 -9.5000000000e+00
2.7171670936e-04 -3.0000000000e+00 -5.0000000000e-01 -9.5000000000e+00
4.4809424762e-05 -3.0000000000e+00 0.0000000000e+00 -9.5000000000e+00
4.7072328761e-05 -1.5000000000e+00 -1.0000000000e+00 -9.5000000000e+00
8.3283634975e-04 -1.5000000000e+00 -5.0000000000e-01 -9.5000000000e+00
3.4747343411e-03 -1.5000000000e+00 0.0000000000e+00 -9.5000000000e+00
4.4834479541e-03 -2.0000000000e+00 0.0000000000e+00 -9.5000000000e+00
1.5897985507e-03 -2.5000000000e+00 0.0000000000e+00 -9.5000000000e+00
4.1458391780e-04 5.0000000000e-01 5.0000000000e+00 -9.0000000000e+00
1.9468477250e-03 1.0000000000e+00 4.5000000000e+00 -9.0000000000e+00
4.8842345981e-04 -2.5000000000e+00 5.0000000000e-01 -9.5000000000e+00
5.5789100973e-04 -1.0000000000e+00 0.0000000000e+00 -9.5000000000e+00
3.2917973080e-03 -1.0000000000e+00 5.0000000000e-01 -9.5000000000e+00
6.5938931721e-03 -1.5000000000e+00 5.0000000000e-01 -9.5000000000e+00
4.5715854180e-03 -2.0000000000e+00 5.0000000000e-01 -9.5000000000e+00
2.4659488323e-03 -2.0000000000e+00 1.0000000000e+00 -9.5000000000e+00
2.1023247550e-04 -5.0000000000e-01 5.0000000000e-01 -9.5000000000e+00
1.9102634828e-03 -5.0000000000e-01 1.0000000000e+00 -9.5000000000e+00
7.2749509900e-03 -1.0000000000e+00 1.0000000000e+00 -9.5000000000e+00
7.8346856914e-03 -1.5000000000e+00 1.0000000000e+00 -9.5000000000e+00
5.5691051719e-05 -2.5000000000e+00 1.0000000000e+00 -9.5000000000e+00
1.9612423295e-03 5.0000000000e-01 4.5000000000e+00 -9.0000000000e+00
6.2000926128e-03 -1.5000000000e+00 1.5000000000e+00 -9.5000000000e+00
6.1282109752e-04 0.0000000000e+00 1.5000000000e+00 -9.5000000000e+00
5.8051181570e-03 -5.0000000000e-01 1.5000000000e+00 -9.5000000000e+00
9.3965327823e-03 -1.0000000000e+00 1.5000000000e+00 -9.5000000000e+00
4.9216194777e-04 -2.0000000000e+00 1.5000000000e+00 -9.5000000000e+00
9.0012415690e-03 -1.0000000000e+00 2.0000000000e+00 -9.5000000000e+00
4.7503933239e-05 5.0000000000e-01 2.0000000000e+00 -9.5000000000e+00
2.9718259443e-03 0.0000000000e+00 2.0000000000e+00 -9.5000000000e+00
8.8425118549e-03 -5.0000000000e-01 2.0000000000e+00 -9.5000000000e+00
2.2680628192e-03 -1.5000000000e+00 2.0000000000e+00 -9.5000000000e+00
4.7859964557e-05 -2.0000000000e+00 2.0000000000e+00 -9.5000000000e+00
4.3467676213e-04 0.0000000000e+00 4.5000000000e+00 -9.0000000000e+00
2.9120434995e-04 -1.5000000000e+00 2.5000000000e+00 -9.5000000000e+00
4.9821687632e-03 -1.0000000000e+00 2.5000000000e+00 -9.5000000000e+00
8.8082661216e-04 5.0000000000e-01 2.5000000000e+00 -9.5000000000e+00
6.2013409173e-03 0.0000000000e+00 2.5000000000e+00 -9.5000000000e+00
9.1410566240e-03 -5.0000000000e-01 2.5000000000e+00 -9.5000000000e+00
9.6649323441e-05 1.0000000000e+00 3.0000000000e+00 -9.5000000000e+00
2.9114116501e-03 5.0000000000e-01 3.0000000000e+00 -9.5000000000e+00
7.1691506311e-03 0.0000000000e+00 3.0000000000e+00 -9.5000000000e+00
6.4459890603e-03 -5.0000000000e-01 3.0000000000e+00 -9.5000000000e+00
9.4923886388e-05 -1.0000000000e+00 3.5000000000e+00 -9.5000000000e+00
1.0834554062e-03 -1.0000000000e+00 3.0000000000e+00 -9.5000000000e+00
2.1543931342e-03 -5.0000000000e-01 3.5000000000e+00 -9.5000000000e+00
8.4922329414e-04 1.0000000000e+00 3.5000000000e+00 -9.5000000000e+00
4.3083640188e-03 5.0000000000e-01 3.5000000000e+00 -9.5000000000e+00
2.6151370885e-04 -5.0000000000e-01 4.0000000000e+00 -9.5000000000e+00
5.4535578695e-03 0.0000000000e+00 3.5000000000e+00 -9.5000000000e+00
1.5445166417e-04 1.5000000000e+00 4.0000000000e+00 -9.5000000000e+00
1.8384719078e-03 1.0000000000e+00 4.0000000000e+00 -9.5000000000e+00
4.2241330726e-04 0.0000000000e+00 4.5000000000e+00 -9.5000000000e+00
1.6007425697e-03 5.0000000000e-01 4.5000000000e+00 -9.5000000000e+00
5.1314314436e-04 1.5000000000e+00 4.5000000000e+00 -9.5000000000e+00
3.3612175067e-04 5.0000000000e-01 5.0000000000e+00 -9.5000000000e+00
9.2265758568e-05 2.0000000000e+00 5.0000000000e+00 -9.5000000000e+00
1.1340236277e-04 2.0000000000e+00 5.5000000000e+00 -9.5000000000e+00
4.8477439105e-05 2.0000000000e+00 6.0000000000e+00 -9.5000000000e+00
2.3567615197e-04 1.5000000000e+00 5.5000000000e+00 -9.5000000000e+00
8.8466430142e-05 -3.5000000000e+00 -2.5000000000e+00 -1.0000000000e+01
1.1258421236e-04 -3.5000000000e+00 -2.0000000000e+00 -1.0000000000e+01
4.3287962454e-05 -3.0000000000e+00 -2.5000000000e+00 -1.0000000000e+01
2.7461408766e-04 -3.0000000000e+00 -2.0000000000e+00 -1.0000000000e+01
5.0706396550e-04 -3.0000000000e+00 -1.5000000000e+00 -1.0000000000e+01
7.3598365584e-05 -3.5000000000e+00 -1.5000000000e+00 -1.0000000000e+01
1.6439479318e-04 1.0000000000e+00 5.5000000000e+00 -9.5000000000e+00
4.9516144711e-04 1.5000000000e+00 5.0000000000e+00 -9.5000000000e+00
7.2645237180e-04 1.0000000000e+00 5.0000000000e+00 -9.5000000000e+00
5.9708258815e-05 -2.5000000000e+00 -2.0000000000e+00 -1.0000000000e+01
5.4162883334e-04 -2.5000000000e+00 -1.5000000000e+00 -1.0000000000e+01
1.3918917259e-03 -2.5000000000e+00 -1.0000000000e+00 -1.0000000000e+01
4.9937790056e-04 -3.0000000000e+00 -1.0000000000e+00 -1.0000000000e+01
7.6084203221e-05 -2.0000000000e+00 -1.5000000000e+00 -1.0000000000e+01
8.2661428981e-04 -2.0000000000e+00 -1.0000000000e+00 -1.0000000000e+01
2.4206419713e-03 -2.0000000000e+00 -5.0000000000e-01 -1.0000000000e+01
1.7948170077e-03 -2.5000000000e+00 -5.0000000000e-01 -1.0000000000e+01
4.3737530378e-05 -3.0000000000e+00 0.0000000000e+00 -1.0000000000e+01
2.4930265751e-04 -3.0000000000e+00 -5.0000000000e-01 -1.0000000000e+01
6.6373697990e-05 -1.5000000000e+00 -1.0000000000e+00 -1.0000000000e+01
9.1049942819e-04 -1.5000000000e+00 -5.0000000000e-01 -1.0000000000e+01
3.1789414196e-03 -1.5000000000e+00 0.0000000000e+00 -1.0000000000e+01
4.6330275386e-04 -2.5000000000e+00 5.0000000000e-01 -1.0000000000e+01
4.3548150442e-05 -1.0000000000e+00 -5.0000000000e-01 -1.0000000000e+01
6.1176988196e-04 -1.0000000000e+00 0.0000000000e+00 -1.0000000000e+01
3.0192345961e-03 -1.0000000000e+00 5.0000000000e-01 -1.0000000000e+01
5.0808650907e-05 -2.5000000000e+00 1.0000000000e+00 -1.0000000000e+01
5.6977648786e-03 -1.5000000000e+00 5.0000000000e-01 -1.0000000000e+01
3.9169583988e-03 -2.0000000000e+00 5.0000000000e-01 -1.0000000000e+01
3.8936755269e-03 -2.0000000000e+00 0.0000000000e+00 -1.0000000000e+01
1.3864596693e-03 -2.5000000000e+00 0.0000000000e+00 -1.0000000000e+01
2.4529541889e-04 -5.0000000000e-01 5.0000000000e-01 -1.0000000000e+01
1.8033329729e-03 -5.0000000000e-01 1.0000000000e+00 -1.0000000000e+01
6.2389481348e-03 -1.0000000000e+00 1.0000000000e+00 -1.0000000000e+01
6.6366711987e-03 -1.5000000000e+00 1.0000000000e+00 -1.0000000000e+01
4.7565176282e-04 -2.0000000000e+00 1.5000000000e+00 -1.0000000000e+01
2.1967318655e-03 -2.0000000000e+00 1.0000000000e+00 -1.0000000000e+01
6.0961045002e-04 0.0000000000e+00 1.5000000000e+00 -1.0000000000e+01
4.9830520042e-03 -5.0000000000e-01 1.5000000000e+00 -1.0000000000e+01
7.8378997170e-03 -1.0000000000e+00 1.5000000000e+00 -1.0000000000e+01
4.2188328577e-05 -2.0000000000e+00 2.0000000000e+00 -1.0000000000e+01
2.0277118908e-03 -1.5000000000e+00 2.0000000000e+00 -1.0000000000e+01
7.7874360701e-05 5.0000000000e-01 2.0000000000e+00 -1.0000000000e+01
2.5967784793e-03 0.0000000000e+00 2.0000000000e+00 -1.0000000000e+01
7.2106279753e-03 -5.0000000000e-01 2.0000000000e+00 -1.0000000000e+01
2.8274159517e-04 -1.5000000000e+00 2.5000000000e+00 -1.0000000000e+01
8.1713458599e-04 5.0000000000e-01 2.5000000000e+00 -1.0000000000e+01
4.9468738213e-03 0.0000000000e+00 2.5000000000e+00 -1.0000000000e+01
7.2561136013e-03 -5.0000000000e-01 2.5000000000e+00 -1.0000000000e+01
9.8702590951e-04 -1.0000000000e+00 3.0000000000e+00 -1.0000000000e+01
4.0752477755e-03 -1.0000000000e+00 2.5000000000e+00 -1.0000000000e+01
5.4258726102e-03 0.0000000000e+00 3.0000000000e+00 -1.0000000000e+01
1.2255374021e-04 1.0000000000e+00 3.0000000000e+00 -1.0000000000e+01
9.2699503790e-05 -1.0000000000e+00 3.5000000000e+00 -1.0000000000e+01
3.9204723714e-03 0.0000000000e+00 3.5000000000e+00 -1.0000000000e+01
2.4125294016e-04 -5.0000000000e-01 4.0000000000e+00 -1.0000000000e+01
1.6272857592e-03 0.0000000000e+00 4.0000000000e+00 -1.0000000000e+01
1.4673224340e-04 1.5000000000e+00 4.0000000000e+00 -1.0000000000e+01
2.9587526320e-04 0.0000000000e+00 4.5000000000e+00 -1.0000000000e+01
1.9070533993e-04 5.0000000000e-01 5.0000000000e+00 -1.0000000000e+01
6.9763372462e-05 2.0000000000e+00 5.0000000000e+00 -1.0000000000e+01
6.4745156428e-05 2.0000000000e+00 5.5000000000e+00 -1.0000000000e+01
1.2142776522e-04 1.5000000000e+00 5.5000000000e+00 -1.0000000000e+01
7.2596859987e-05 -3.5000000000e+00 -2.5000000000e+00 -1.0500000000e+01
5.4842320220e-05 -3.5000000000e+00 -1.5000000000e+00 -1.0500000000e+01
8.1831018737e-05 -3.5000000000e+00 -2.0000000000e+00 -1.0500000000e+01
6.7170688909e-05 -3.0000000000e+00 -2.5000000000e+00 -1.0500000000e+01
2.3924303038e-04 -3.0000000000e+00 -2.0000000000e+00 -1.0500000000e+01
3.5781747784e-04 -3.0000000000e+00 -1.5000000000e+00 -1.0500000000e+01
6.6474975766e-05 1.0000000000e+00 5.5000000000e+00 -1.0000000000e+01
3.0011713347e-04 1.5000000000e+00 5.0000000000e+00 -1.0000000000e+01
4.1486913762e-04 1.0000000000e+00 5.0000000000e+00 -1.0000000000e+01
3.6948581173e-04 1.5000000000e+00 4.5000000000e+00 -1.0000000000e+01
3.3504916779e-04 -3.0000000000e+00 -1.0000000000e+00 -1.0500000000e+01
1.0340238566e-04 -2.5000000000e+00 -2.0000000000e+00 -1.0500000000e+01
4.7887723088e-04 -2.5000000000e+00 -1.5000000000e+00 -1.0500000000e+01
1.7500183033e-04 -3.0000000000e+00 -5.0000000000e-01 -1.0500000000e+01
9.9200341346e-04 -2.5000000000e+00 -1.0000000000e+00 -1.0500000000e+01
1.2514526832e-04 -2.0000000000e+00 -1.5000000000e+00 -1.0500000000e+01
7.1747610929e-04 -2.0000000000e+00 -1.0000000000e+00 -1.0500000000e+01
4.1466997014e-05 -3.0000000000e+00 0.0000000000e+00 -1.0500000000e+01
1.7273649048e-03 -2.0000000000e+00 -5.0000000000e-01 -1.0500000000e+01
1.1658209842e-03 -2.5000000000e+00 -5.0000000000e-01 -1.0500000000e+01
9.3703128878e-05 -1.5000000000e+00 -1.0000000000e+00 -1.0500000000e+01
7.9148766094e-04 -1.5000000000e+00 -5.0000000000e-01 -1.0500000000e+01
2.2340805874e-03 -1.5000000000e+00 0.0000000000e+00 -1.0500000000e+01
2.5298360643e-03 -2.0000000000e+00 0.0000000000e+00 -1.0500000000e+01
3.6061232658e-04 -2.5000000000e+00 5.0000000000e-01 -1.0500000000e+01
8.8495500675e-04 -2.5000000000e+00 0.0000000000e+00 -1.0500000000e+01
4.6496908937e-05 -1.0000000000e+00 -5.0000000000e-01 -1.0500000000e+01
5.5924912492e-04 -1.0000000000e+00 0.0000000000e+00 -1.0500000000e+01
2.1509278794e-03 -1.0000000000e+00 5.0000000000e-01 -1.0500000000e+01
5.6029343089e-05 -2.5000000000e+00 1.0000000000e+00 -1.0500000000e+01
1.4490255446e-03 -2.0000000000e+00 1.0000000000e+00 -1.0500000000e+01
4.2170118361e-03 -1.5000000000e+00 1.0000000000e+00 -1.0500000000e+01
2.3758070115e-04 -5.0000000000e-01 5.0000000000e-01 -1.0500000000e+01
1.3760366507e-03 -5.0000000000e-01 1.0000000000e+00 -1.0500000000e+01
4.1043849692e-04 -2.0000000000e+00 1.5000000000e+00 -1.0500000000e+01
4.9739411638e-03 -1.0000000000e+00 1.5000000000e+00 -1.0500000000e+01
4.9031658637e-05 0.0000000000e+00 1.0000000000e+00 -1.0500000000e+01
5.3049077740e-04 0.0000000000e+00 1.5000000000e+00 -1.0500000000e+01
4.5190471051e-03 -5.0000000000e-01 2.0000000000e+00 -1.0500000000e+01
1.0260331335e-04 5.0000000000e-01 2.0000000000e+00 -1.0500000000e+01
2.4394192995e-04 -1.5000000000e+00 2.5000000000e+00 -1.0500000000e+01
4.4034881185e-03 -5.0000000000e-01 2.5000000000e+00 -1.0500000000e+01
6.3907874961e-04 5.0000000000e-01 2.5000000000e+00 -1.0500000000e+01
6.1788732206e-04 -1.0000000000e+00 3.0000000000e+00 -1.0500000000e+01
3.1810583165e-03 0.0000000000e+00 3.0000000000e+00 -1.0500000000e+01
1.3315015904e-04 1.0000000000e+00 3.0000000000e+00 -1.0500000000e+01
8.4734573757e-05 -1.0000000000e+00 3.5000000000e+00 -1.0500000000e+01
8.7809947897e-04 -5.0000000000e-01 3.5000000000e+00 -1.0500000000e+01
2.1248957800e-03 0.0000000000e+00 3.5000000000e+00 -1.0500000000e+01
1.4149183655e-04 -5.0000000000e-01 4.0000000000e+00 -1.0500000000e+01
7.6141617283e-04 0.0000000000e+00 4.0000000000e+00 -1.0500000000e+01
5.1492824724e-04 1.0000000000e+00 3.5000000000e+00 -1.0500000000e+01
1.1925396254e-03 5.0000000000e-01 4.0000000000e+00 -1.0500000000e+01
1.1973018211e-04 0.0000000000e+00 4.5000000000e+00 -1.0500000000e+01
1.2020499412e-04 1.5000000000e+00 4.0000000000e+00 -1.0500000000e+01
4.7896838330e-04 1.0000000000e+00 4.5000000000e+00 -1.0500000000e+01
4.8244198048e-05 5.0000000000e-01 5.0000000000e+00 -1.0500000000e+01
1.3761552678e-04 1.5000000000e+00 5.0000000000e+00 -1.0500000000e+01
4.0214744731e-05 -3.5000000000e+00 -2.5000000000e+00 -1.1000000000e+01
4.1104957329e-05 1.5000000000e+00 5.5000000000e+00 -1.0500000000e+01
4.3705156092e-05 2.0000000000e+00 5.0000000000e+00 -1.0500000000e+01
5.9351839078e-05 -3.0000000000e+00 -2.5000000000e+00 -1.1000000000e+01
1.3993357655e-04 -3.0000000000e+00 -2.0000000000e+00 -1.1000000000e+01
1.2411354943e-04 -3.0000000000e+00 -1.0000000000e+00 -1.1000000000e+01
1.6780339275e-04 -3.0000000000e+00 -1.5000000000e+00 -1.1000000000e+01
1.6214720067e-04 1.0000000000e+00 5.0000000000e+00 -1.0500000000e+01
2.1650234010e-04 1.5000000000e+00 4.5000000000e+00 -1.0500000000e+01
9.9341196832e-05 -2.5000000000e+00 -2.0000000000e+00 -1.1000000000e+01
3.0298224229e-04 -2.5000000000e+00 -1.5000000000e+00 -1.1000000000e+01
6.6777681739e-05 -3.0000000000e+00 -5.0000000000e-01 -1.1000000000e+01
4.9604773539e-04 -2.5000000000e+00 -5.0000000000e-01 -1.1000000000e+01
4.7794670953e-04 -2.5000000000e+00 -1.0000000000e+00 -1.1000000000e+01
8.8248805989e-04 -2.0000000000e+00 -5.0000000000e-01 -1.1000000000e+01
1.2001639729e-04 -2.0000000000e+00 -1.5000000000e+00 -1.1000000000e+01
3.3433843830e-04 -2.5000000000e+00 0.0000000000e+00 -1.1000000000e+01
1.1350459218e-03 -2.0000000000e+00 0.0000000000e+00 -1.1000000000e+01
1.1358818275e-03 -1.5000000000e+00 0.0000000000e+00 -1.1000000000e+01
4.4776899459e-04 -2.0000000000e+00 -1.0000000000e+00 -1.1000000000e+01
9.5487908970e-05 -1.5000000000e+00 -1.0000000000e+00 -1.1000000000e+01
1.5244604117e-04 -2.5000000000e+00 5.0000000000e-01 -1.1000000000e+01
9.9436306932e-04 -2.0000000000e+00 5.0000000000e-01 -1.1000000000e+01
4.9964109747e-04 -1.5000000000e+00 -5.0000000000e-01 -1.1000000000e+01
1.1212146186e-03 -1.0000000000e+00 5.0000000000e-01 -1.1000000000e+01
4.7428798444e-05 -1.0000000000e+00 -5.0000000000e-01 -1.1000000000e+01
4.9780546538e-05 -2.5000000000e+00 1.0000000000e+00 -1.1000000000e+01
5.5039944903e-04 -2.0000000000e+00 1.0000000000e+00 -1.1000000000e+01
3.8119381475e-04 -1.0000000000e+00 0.0000000000e+00 -1.1000000000e+01
1.8201952597e-03 -1.5000000000e+00 1.0000000000e+00 -1.1000000000e+01
1.6993177038e-03 -1.5000000000e+00 5.0000000000e-01 -1.1000000000e+01
1.8341645691e-04 -5.0000000000e-01 5.0000000000e-01 -1.1000000000e+01
7.8441837966e-04 -5.0000000000e-01 1.0000000000e+00 -1.1000000000e+01
1.9354092900e-04 -2.0000000000e+00 1.5000000000e+00 -1.1000000000e+01
1.2683483400e-03 -1.5000000000e+00 1.5000000000e+00 -1.1000000000e+01
2.2218177307e-03 -1.0000000000e+00 1.5000000000e+00 -1.1000000000e+01
4.9189634614e-05 0.0000000000e+00 1.0000000000e+00 -1.1000000000e+01
4.9698965625e-04 -1.5000000000e+00 2.0000000000e+00 -1.1000000000e+01
3.5010762454e-04 0.0000000000e+00 1.5000000000e+00 -1.1000000000e+01
1.8178760334e-03 -1.0000000000e+00 2.0000000000e+00 -1.1000000000e+01
2.0362145998e-03 -5.0000000000e-01 2.0000000000e+00 -1.1000000000e+01
1.1604829816e-04 -1.5000000000e+00 2.5000000000e+00 -1.1000000000e+01
9.4450267564e-05 5.0000000000e-01 2.0000000000e+00 -1.1000000000e+01
8.2001826681e-04 -1.0000000000e+00 2.5000000000e+00 -1.1000000000e+01
1.8024456352e-03 -5.0000000000e-01 2.5000000000e+00 -1.1000000000e+01
1.9906866963e-04 -1.0000000000e+00 3.0000000000e+00 -1.1000000000e+01
3.9811422761e-04 5.0000000000e-01 2.5000000000e+00 -1.1000000000e+01
9.0639730889e-04 -5.0000000000e-01 3.0000000000e+00 -1.1000000000e+01
1.3023821439e-03 0.0000000000e+00 3.0000000000e+00 -1.1000000000e+01
2.1127026524e-04 -5.0000000000e-01 3.5000000000e+00 -1.1000000000e+01
1.1258790082e-04 1.0000000000e+00 3.0000000000e+00 -1.1000000000e+01
6.9279025866e-04 0.0000000000e+00 3.5000000000e+00 -1.1000000000e+01
1.5173517848e-04 0.0000000000e+00 4.0000000000e+00 -1.1000000000e+01
7.9558741199e-05 1.5000000000e+00 4.0000000000e+00 -1.1000000000e+01
6.4750909579e-05 -2.5000000000e+00 -2.0000000000e+00 -1.1500000000e+01
1.0900953701e-04 -2.5000000000e+00 -1.5000000000e+00 -1.1500000000e+01
6.7848743414e-05 -2.5000000000e+00 -5.0000000000e-01 -1.1500000000e+01
1.1405594836e-04 -2.5000000000e+00 -1.0000000000e+00 -1.1500000000e+01
8.3844702393e-05 1.5000000000e+00 4.5000000000e+00 -1.1000000000e+01
2.5322091623e-04 -2.0000000000e+00 -5.0000000000e-01 -1.1500000000e+01
7.4942802869e-05 -2.0000000000e+00 -1.5000000000e+00 -1.1500000000e+01
2.1730952781e-04 -2.0000000000e+00 0.0000000000e+00 -1.1500000000e+01
3.4927271497e-04 -1.5000000000e+00 0.0000000000e+00 -1.1500000000e+01
1.7869026452e-04 -2.0000000000e+00 -1.0000000000e+00 -1.1500000000e+01
6.6395056949e-05 -1.5000000000e+00 -1.0000000000e+00 -1.1500000000e+01
1.1774742794e-04 -2.0000000000e+00 5.0000000000e-01 -1.1500000000e+01
3.6106996909e-04 -1.0000000000e+00 5.0000000000e-01 -1.1500000000e+01
3.9987094258e-04 -1.5000000000e+00 5.0000000000e-01 -1.1500000000e+01
4.1151129367e-05 -2.0000000000e+00 1.0000000000e+00 -1.1500000000e+01
3.0433746361e-04 -1.5000000000e+00 1.0000000000e+00 -1.1500000000e+01
2.8708479549e-04 -5.0000000000e-01 1.0000000000e+00 -1.1500000000e+01
4.7787345152e-04 -1.0000000000e+00 1.0000000000e+00 -1.1500000000e+01
1.2694824077e-04 -1.5000000000e+00 1.5000000000e+00 -1.1500000000e+01
1.5724410847e-04 0.0000000000e+00 1.5000000000e+00 -1.1500000000e+01
2.3011938893e-04 -1.0000000000e+00 2.0000000000e+00 -1.1500000000e+01
5.1948245111e-05 -1.0000000000e+00 2.5000000000e+00 -1.1500000000e+01
6.2141698985e-05 5.0000000000e-01 2.0000000000e+00 -1.1500000000e+01
2.7762471316e-04 -5.0000000000e-01 2.5000000000e+00 -1.1500000000e+01
6.5561860962e-05 -5.0000000000e-01 3.0000000000e+00 -1.1500000000e+01
1.6698482772e-04 5.0000000000e-01 2.5000000000e+00 -1.1500000000e+01
2.2520518838e-04 0.0000000000e+00 3.0000000000e+00 -1.1500000000e+01
5.7311933572e-05 0.0000000000e+00 3.5000000000e+00 -1.1500000000e+01
9.4976148862e-05 1.0000000000e+00 3.5000000000e+00 -1.1500000000e+01
4.0373657260e-05 -5.0000000000e-01 1.5000000000e+00 -1.2000000000e+01
5.3494474699e-05 1.0000000000e+00 4.0000000000e+00 -1.1500000000e+01
1.3237809360e-04 5.0000000000e-01 3.5000000000e+00 -1.1500000000e+01
6.3767878999e-05 1.0000000000e+00 3.0000000000e+00 -1.1500000000e+01
2.1370057407e-04 5.0000000000e-01 3.0000000000e+00 -1.1500000000e+01
3.6488149985e-04 0.0000000000e+00 2.5000000000e+00 -1.1500000000e+01
3.2012457774e-04 0.0000000000e+00 2.0000000000e+00 -1.1500000000e+01
4.5742199807e-04 -5.0000000000e-01 2.0000000000e+00 -1.1500000000e+01
4.4779182843e-04 -5.0000000000e-01 1.5000000000e+00 -1.1500000000e+01
4.4615331262e-04 -1.0000000000e+00 1.5000000000e+00 -1.1500000000e+01
9.6611024209e-05 -5.0000000000e-01 5.0000000000e-01 -1.1500000000e+01
1.7011889878e-04 -1.0000000000e+00 0.0000000000e+00 -1.1500000000e+01
2.0580386170e-04 -1.5000000000e+00 -5.0000000000e-01 -1.1500000000e+01
1.4290549671e-04 1.0000000000e+00 4.5000000000e+00 -1.1000000000e+01
7.3012736239e-05 5.0000000000e-01 4.5000000000e+00 -1.1000000000e+01
2.8834442532e-04 1.0000000000e+00 4.0000000000e+00 -1.1000000000e+01
3.8002717918e-04 5.0000000000e-01 4.0000000000e+00 -1.1000000000e+01
2.9038905679e-04 1.0000000000e+00 3.5000000000e+00 -1.1000000000e+01
7.1905648332e-04 5.0000000000e-01 3.5000000000e+00 -1.1000000000e+01
7.5200635230e-04 5.0000000000e-01 3.0000000000e+00 -1.1000000000e+01
1.4357868861e-03 0.0000000000e+00 2.5000000000e+00 -1.1000000000e+01
9.7007441479e-04 0.0000000000e+00 2.0000000000e+00 -1.1000000000e+01
1.6118220867e-03 -5.0000000000e-01 1.5000000000e+00 -1.1000000000e+01
1.8873079631e-03 -1.0000000000e+00 1.0000000000e+00 -1.1000000000e+01
4.2939797502e-04 5.0000000000e-01 4.5000000000e+00 -1.0500000000e+01
7.3938270623e-04 1.0000000000e+00 4.0000000000e+00 -1.0500000000e+01
1.8047185351e-03 5.0000000000e-01 3.5000000000e+00 -1.0500000000e+01
1.5333263230e-03 5.0000000000e-01 3.0000000000e+00 -1.0500000000e+01
2.7649493647e-03 -5.0000000000e-01 3.0000000000e+00 -1.0500000000e+01
3.1196080582e-03 0.0000000000e+00 2.5000000000e+00 -1.0500000000e+01
2.4346663496e-03 -1.0000000000e+00 2.5000000000e+00 -1.0500000000e+01
1.8202265080e-03 0.0000000000e+00 2.0000000000e+00 -1.0500000000e+01
4.5644354959e-03 -1.0000000000e+00 2.0000000000e+00 -1.0500000000e+01
1.3491418397e-03 -1.5000000000e+00 2.0000000000e+00 -1.0500000000e+01
3.3177497478e-03 -5.0000000000e-01 1.5000000000e+00 -1.0500000000e+01
3.2779904178e-03 -1.5000000000e+00 1.5000000000e+00 -1.0500000000e+01
4.0711252855e-03 -1.0000000000e+00 1.0000000000e+00 -1.0500000000e+01
3.7162170561e-03 -1.5000000000e+00 5.0000000000e-01 -1.0500000000e+01
2.4874784414e-03 -2.0000000000e+00 5.0000000000e-01 -1.0500000000e+01
9.8213169156e-04 1.0000000000e+00 4.5000000000e+00 -1.0000000000e+01
9.9568279475e-04 5.0000000000e-01 4.5000000000e+00 -1.0000000000e+01
1.3066194937e-03 1.0000000000e+00 4.0000000000e+00 -1.0000000000e+01
2.3050194291e-03 5.0000000000e-01 4.0000000000e+00 -1.0000000000e+01
7.1853538418e-04 1.0000000000e+00 3.5000000000e+00 -1.0000000000e+01
3.1437674634e-03 5.0000000000e-01 3.5000000000e+00 -1.0000000000e+01
1.6729129980e-03 -5.0000000000e-01 3.5000000000e+00 -1.0000000000e+01
2.3352792838e-03 5.0000000000e-01 3.0000000000e+00 -1.0000000000e+01
4.8907132505e-03 -5.0000000000e-01 3.0000000000e+00 -1.0000000000e+01
7.3746946659e-03 -1.0000000000e+00 2.0000000000e+00 -1.0000000000e+01
5.2201968634e-03 -1.5000000000e+00 1.5000000000e+00 -1.0000000000e+01
1.5444491604e-03 1.0000000000e+00 4.5000000000e+00 -9.5000000000e+00
3.4002260760e-03 5.0000000000e-01 4.0000000000e+00 -9.5000000000e+00
2.3918584612e-03 0.0000000000e+00 4.0000000000e+00 -9.5000000000e+00
