inf
2.5082132721e-03 -1.1500000000e+01 -1.0000000000e+01 9.5000000000e+00
1.4986653066e-03 -1.1500000000e+01 -1.0000000000e+01 9.0000000000e+00
5.8398556636e-04 -1.1500000000e+01 -1.0500000000e+01 9.0000000000e+00
1.0271241848e-03 -1.1500000000e+01 -1.0500000000e+01 9.5000000000e+00
1.0719482137e-03 -1.2000000000e+01 -1.0000000000e+01 9.0000000000e+00
2.7733069235e-03 -1.1500000000e+01 -1.0000000000e+01 1.0000000000e+01
1.1554961760e-03 -1.1500000000e+01 -1.0500000000e+01 1.0000000000e+01
1.8647356874e-03 -1.2000000000e+01 -1.0000000000e+01 9.5000000000e+00
5.1369400447e-03 -1.1500000000e+01 -9.5000000000e+00 1.0000000000e+01
4.8867191765e-03 -1.1000000000e+01 -9.5000000000e+00 1.0000000000e+01
2.6858864448e-03 -1.1000000000e+01 -1.0000000000e+01 1.0000000000e+01
1.1451445861e-03 -1.1000000000e+01 -1.0500000000e+01 1.0000000000e+01
2.8826746895e-03 -1.1500000000e+01 -9.5000000000e+00 9.0000000000e+00
4.0718632394e-03 -1.2000000000e+01 -9.5000000000e+00 1.0000000000e+01
2.9024945111e-03 -1.1000000000e+01 -9.5000000000e+00 9.0000000000e+00
1.5531266860e-03 -1.1000000000e+01 -1.0000000000e+01 9.0000000000e+00
6.3078405930e-04 -1.1000000000e+01 -1.0500000000e+01 9.0000000000e+00
4.6620936023e-03 -1.1500000000e+01 -9.5000000000e+00 9.5000000000e+00
4.5568480284e-03 -1.1000000000e+01 -9.5000000000e+00 9.5000000000e+00
2.5079924334e-03 -1.1000000000e+01 -1.0000000000e+01 9.5000000000e+00
1.0606084136e-03 -1.1000000000e+01 -1.0500000000e+01 9.5000000000e+00
7.4658525328e-04 -1.1500000000e+01 -1.0000000000e+01 8.5000000000e+00
2.8114307181e-04 -1.1500000000e+01 -1.0500000000e+01 8.5000000000e+00
3.5524885869e-03 -1.2000000000e+01 -9.5000000000e+00 9.5000000000e+00
2.1304910508e-03 -1.2000000000e+01 -9.5000000000e+00 9.0000000000e+00
2.1525318718e-03 -1.2000000000e+01 -1.0000000000e+01 1.0000000000e+01
8.7795780005e-04 -1.2000000000e+01 -1.0500000000e+01 1.0000000000e+01
7.3755883852e-04 -1.2000000000e+01 -1.0500000000e+01 9.5000000000e+00
4.0126776157e-04 -1.2000000000e+01 -1.0500000000e+01 9.0000000000e+00
1.4672375728e-03 -1.1500000000e+01 -9.5000000000e+00 8.5000000000e+00
1.5155389129e-03 -1.1000000000e+01 -9.5000000000e+00 8.5000000000e+00
7.9941257986e-04 -1.1000000000e+01 -1.0000000000e+01 8.5000000000e+00
3.1645236510e-04 -1.1000000000e+01 -1.0500000000e+01 8.5000000000e+00
6.6758426755e-05 -1.1500000000e+01 -1.1000000000e+01 8.5000000000e+00
1.0498562367e-03 -1.2000000000e+01 -9.5000000000e+00 8.5000000000e+00
5.1454905725e-04 -1.2000000000e+01 -1.0000000000e+01 8.5000000000e+00
1.8407711820e-04 -1.2000000000e+01 -1.0500000000e+01 8.5000000000e+00
8.3741718458e-05 -1.1000000000e+01 -1.1000000000e+01 8.5000000000e+00
5.6663394304e-04 -1.2500000000e+01 -9.5000000000e+00 8.5000000000e+00
3.3137370102e-04 -1.1500000000e+01 -1.1000000000e+01 1.0000000000e+01
3.4432823524e-04 -1.1000000000e+01 -1.1000000000e+01 1.0000000000e+01
2.4050496252e-04 -1.2000000000e+01 -1.1000000000e+01 1.0000000000e+01
2.6553519874e-04 -1.2500000000e+01 -1.0000000000e+01 8.5000000000e+00
8.7849175248e-05 -1.2500000000e+01 -1.0500000000e+01 8.5000000000e+00
2.4524305330e-03 -1.2500000000e+01 -9.5000000000e+00 1.0000000000e+01
1.4784887212e-04 -1.1500000000e+01 -1.1000000000e+01 9.0000000000e+00
1.7451252090e-04 -1.1000000000e+01 -1.1000000000e+01 9.0000000000e+00
9.2200813686e-05 -1.2000000000e+01 -1.1000000000e+01 9.0000000000e+00
1.2672813541e-03 -1.2500000000e+01 -1.0000000000e+01 1.0000000000e+01
5.0232854668e-04 -1.2500000000e+01 -1.0500000000e+01 1.0000000000e+01
1.2934090357e-04 -1.2500000000e+01 -1.1000000000e+01 1.0000000000e+01
1.1909010198e-03 -1.2500000000e+01 -9.5000000000e+00 9.0000000000e+00
2.8549461909e-04 -1.1500000000e+01 -1.1000000000e+01 9.5000000000e+00
3.1521130513e-04 -1.1000000000e+01 -1.1000000000e+01 9.5000000000e+00
1.8997568738e-04 -1.2000000000e+01 -1.1000000000e+01 9.5000000000e+00
5.7666292317e-04 -1.2500000000e+01 -1.0000000000e+01 9.0000000000e+00
2.0423132849e-04 -1.2500000000e+01 -1.0500000000e+01 9.0000000000e+00
2.0479123432e-03 -1.2500000000e+01 -9.5000000000e+00 9.5000000000e+00
2.6357106889e-03 -1.1500000000e+01 -1.0000000000e+01 1.0500000000e+01
1.1022843835e-03 -1.1500000000e+01 -1.0500000000e+01 1.0500000000e+01
4.8598442500e-03 -1.1500000000e+01 -9.5000000000e+00 1.0500000000e+01
4.5643695378e-03 -1.1000000000e+01 -9.5000000000e+00 1.0500000000e+01
2.5242868383e-03 -1.1000000000e+01 -1.0000000000e+01 1.0500000000e+01
1.0832187589e-03 -1.1000000000e+01 -1.0500000000e+01 1.0500000000e+01
3.1605068400e-04 -1.1500000000e+01 -1.1000000000e+01 1.0500000000e+01
3.8910742905e-03 -1.2000000000e+01 -9.5000000000e+00 1.0500000000e+01
2.0633377466e-03 -1.2000000000e+01 -1.0000000000e+01 1.0500000000e+01
8.4123680168e-04 -1.2000000000e+01 -1.0500000000e+01 1.0500000000e+01
3.2699433192e-04 -1.1000000000e+01 -1.1000000000e+01 1.0500000000e+01
2.2926694315e-04 -1.2000000000e+01 -1.1000000000e+01 1.0500000000e+01
1.0399330340e-03 -1.2500000000e+01 -1.0000000000e+01 9.5000000000e+00
3.9482298147e-04 -1.2500000000e+01 -1.0500000000e+01 9.5000000000e+00
2.3609832400e-03 -1.2500000000e+01 -9.5000000000e+00 1.0500000000e+01
6.7882903263e-03 -1.1500000000e+01 -9.0000000000e+00 1.0500000000e+01
6.2255922573e-03 -1.1000000000e+01 -9.0000000000e+00 1.0500000000e+01
5.5756817512e-03 -1.2000000000e+01 -9.0000000000e+00 1.0500000000e+01
4.3262840302e-03 -1.0500000000e+01 -9.0000000000e+00 1.0500000000e+01
3.2469221554e-03 -1.0500000000e+01 -9.5000000000e+00 1.0500000000e+01
1.8315816337e-03 -1.0500000000e+01 -1.0000000000e+01 1.0500000000e+01
8.0465686875e-04 -1.0500000000e+01 -1.0500000000e+01 1.0500000000e+01
2.5286703889e-04 -1.0500000000e+01 -1.1000000000e+01 1.0500000000e+01
2.1027232416e-03 -1.1500000000e+01 -9.0000000000e+00 8.5000000000e+00
2.1127271747e-03 -1.1000000000e+01 -9.0000000000e+00 8.5000000000e+00
1.5511157013e-03 -1.2000000000e+01 -9.0000000000e+00 8.5000000000e+00
3.4736495044e-03 -1.2500000000e+01 -9.0000000000e+00 1.0500000000e+01
1.6450162099e-03 -1.0500000000e+01 -9.0000000000e+00 8.5000000000e+00
1.2086729779e-03 -1.0500000000e+01 -9.5000000000e+00 8.5000000000e+00
6.5451508498e-04 -1.0500000000e+01 -1.0000000000e+01 8.5000000000e+00
2.6787692842e-04 -1.0500000000e+01 -1.0500000000e+01 8.5000000000e+00
7.5976652052e-05 -1.0500000000e+01 -1.1000000000e+01 8.5000000000e+00
7.1935166703e-03 -1.1500000000e+01 -9.0000000000e+00 1.0000000000e+01
6.6919424233e-03 -1.1000000000e+01 -9.0000000000e+00 1.0000000000e+01
5.8321007113e-03 -1.2000000000e+01 -9.0000000000e+00 1.0000000000e+01
4.7499756615e-03 -1.0500000000e+01 -9.0000000000e+00 1.0000000000e+01
3.5449093173e-03 -1.0500000000e+01 -9.5000000000e+00 1.0000000000e+01
1.9849629717e-03 -1.0500000000e+01 -1.0000000000e+01 1.0000000000e+01
8.6318685216e-04 -1.0500000000e+01 -1.0500000000e+01 1.0000000000e+01
2.6876324487e-04 -1.0500000000e+01 -1.1000000000e+01 1.0000000000e+01
4.0876604149e-03 -1.1500000000e+01 -9.0000000000e+00 9.0000000000e+00
4.0094358805e-03 -1.1000000000e+01 -9.0000000000e+00 9.0000000000e+00
3.1062068330e-03 -1.2000000000e+01 -9.0000000000e+00 9.0000000000e+00
3.5929814140e-03 -1.2500000000e+01 -9.0000000000e+00 1.0000000000e+01
3.0277454363e-03 -1.0500000000e+01 -9.0000000000e+00 9.0000000000e+00
2.2450390399e-03 -1.0500000000e+01 -9.5000000000e+00 9.0000000000e+00
1.2316600341e-03 -1.0500000000e+01 -1.0000000000e+01 9.0000000000e+00
5.1510919573e-04 -1.0500000000e+01 -1.0500000000e+01 9.0000000000e+00
1.5094877466e-04 -1.0500000000e+01 -1.1000000000e+01 9.0000000000e+00
6.4426466114e-03 -1.1500000000e+01 -9.0000000000e+00 9.5000000000e+00
6.1549389252e-03 -1.1000000000e+01 -9.0000000000e+00 9.5000000000e+00
5.0429887583e-03 -1.2000000000e+01 -9.0000000000e+00 9.5000000000e+00
4.4968306526e-03 -1.0500000000e+01 -9.0000000000e+00 9.5000000000e+00
3.4004080378e-03 -1.0500000000e+01 -9.5000000000e+00 9.5000000000e+00
1.9097121759e-03 -1.0500000000e+01 -1.0000000000e+01 9.5000000000e+00
8.2806076046e-04 -1.0500000000e+01 -1.0500000000e+01 9.5000000000e+00
2.5714776089e-04 -1.0500000000e+01 -1.1000000000e+01 9.5000000000e+00
2.6945931501e-04 -1.1500000000e+01 -1.0000000000e+01 8.0000000000e+00
9.2859302792e-05 -1.1500000000e+01 -1.0500000000e+01 8.0000000000e+00
5.5586203527e-04 -1.1500000000e+01 -9.5000000000e+00 8.0000000000e+00
5.9688916076e-04 -1.1000000000e+01 -9.5000000000e+00 8.0000000000e+00
3.0477297263e-04 -1.1000000000e+01 -1.0000000000e+01 8.0000000000e+00
1.1379557509e-04 -1.1000000000e+01 -1.0500000000e+01 8.0000000000e+00
3.7839970193e-04 -1.2000000000e+01 -9.5000000000e+00 8.0000000000e+00
1.7388880921e-04 -1.2000000000e+01 -1.0000000000e+01 8.0000000000e+00
5.4211270990e-05 -1.2000000000e+01 -1.0500000000e+01 8.0000000000e+00
2.9982696604e-03 -1.2500000000e+01 -9.0000000000e+00 9.5000000000e+00
1.7935715890e-03 -1.2500000000e+01 -9.0000000000e+00 9.0000000000e+00
8.6899600280e-04 -1.2500000000e+01 -9.0000000000e+00 8.5000000000e+00
1.2207792643e-03 -1.2500000000e+01 -1.0000000000e+01 1.0500000000e+01
4.8284101797e-04 -1.2500000000e+01 -1.0500000000e+01 1.0500000000e+01
1.2383957996e-04 -1.2500000000e+01 -1.1000000000e+01 1.0500000000e+01
9.2356180780e-05 -1.2500000000e+01 -1.1000000000e+01 9.5000000000e+00
4.1577222254e-05 -1.2500000000e+01 -1.1000000000e+01 9.0000000000e+00
1.9243528914e-04 -1.2500000000e+01 -9.5000000000e+00 8.0000000000e+00
8.1905410933e-04 -1.1500000000e+01 -9.0000000000e+00 8.0000000000e+00
8.4828813962e-04 -1.1000000000e+01 -9.0000000000e+00 8.0000000000e+00
5.8076992627e-04 -1.2000000000e+01 -9.0000000000e+00 8.0000000000e+00
6.8425566095e-04 -1.0500000000e+01 -9.0000000000e+00 8.0000000000e+00
4.9389709345e-04 -1.0500000000e+01 -9.5000000000e+00 8.0000000000e+00
2.6104036609e-04 -1.0500000000e+01 -1.0000000000e+01 8.0000000000e+00
1.0246824377e-04 -1.0500000000e+01 -1.0500000000e+01 8.0000000000e+00
3.1129073154e-04 -1.2500000000e+01 -9.0000000000e+00 8.0000000000e+00
8.2519630813e-05 -1.2500000000e+01 -1.0000000000e+01 8.0000000000e+00
1.2350714430e-04 -1.3000000000e+01 -9.0000000000e+00 8.0000000000e+00
7.1774537844e-05 -1.3000000000e+01 -9.5000000000e+00 8.0000000000e+00
6.1238707714e-05 -1.1500000000e+01 -1.1500000000e+01 1.0500000000e+01
6.5902695961e-05 -1.1000000000e+01 -1.1500000000e+01 1.0500000000e+01
4.3073919858e-05 -1.2000000000e+01 -1.1500000000e+01 1.0500000000e+01
5.2502658990e-05 -1.0500000000e+01 -1.1500000000e+01 1.0500000000e+01
1.6366495422e-03 -1.3000000000e+01 -9.0000000000e+00 1.0500000000e+01
1.0796390468e-03 -1.3000000000e+01 -9.5000000000e+00 1.0500000000e+01
5.4293467663e-04 -1.3000000000e+01 -1.0000000000e+01 1.0500000000e+01
2.0730382915e-04 -1.3000000000e+01 -1.0500000000e+01 1.0500000000e+01
4.9394037212e-05 -1.3000000000e+01 -1.1000000000e+01 1.0500000000e+01
3.6511833710e-04 -1.3000000000e+01 -9.0000000000e+00 8.5000000000e+00
2.2748605740e-04 -1.3000000000e+01 -9.5000000000e+00 8.5000000000e+00
6.4643454331e-05 -1.1500000000e+01 -1.1500000000e+01 1.0000000000e+01
6.9637809501e-05 -1.1000000000e+01 -1.1500000000e+01 1.0000000000e+01
4.5215927691e-05 -1.2000000000e+01 -1.1500000000e+01 1.0000000000e+01
5.5746722233e-05 -1.0500000000e+01 -1.1500000000e+01 1.0000000000e+01
1.0094078700e-04 -1.3000000000e+01 -1.0000000000e+01 8.5000000000e+00
1.6750239749e-03 -1.3000000000e+01 -9.0000000000e+00 1.0000000000e+01
1.1107459389e-03 -1.3000000000e+01 -9.5000000000e+00 1.0000000000e+01
5.5893476346e-04 -1.3000000000e+01 -1.0000000000e+01 1.0000000000e+01
2.1382090289e-04 -1.3000000000e+01 -1.0500000000e+01 1.0000000000e+01
5.0975286093e-05 -1.3000000000e+01 -1.1000000000e+01 1.0000000000e+01
7.7972802436e-04 -1.3000000000e+01 -9.0000000000e+00 9.0000000000e+00
4.9760216638e-04 -1.3000000000e+01 -9.5000000000e+00 9.0000000000e+00
5.1624458441e-05 -1.1500000000e+01 -1.1500000000e+01 9.5000000000e+00
6.1356654328e-05 -1.1000000000e+01 -1.1500000000e+01 9.5000000000e+00
5.2399132658e-05 -1.0500000000e+01 -1.1500000000e+01 9.5000000000e+00
2.3055505771e-04 -1.3000000000e+01 -1.0000000000e+01 9.0000000000e+00
7.5426137102e-05 -1.3000000000e+01 -1.0500000000e+01 9.0000000000e+00
1.3433924913e-03 -1.3000000000e+01 -9.0000000000e+00 9.5000000000e+00
8.8916102748e-04 -1.3000000000e+01 -9.5000000000e+00 9.5000000000e+00
2.0201245708e-03 -1.1500000000e+01 -1.0000000000e+01 1.1000000000e+01
8.7243031041e-04 -1.1500000000e+01 -1.0500000000e+01 1.1000000000e+01
3.6414211548e-03 -1.1500000000e+01 -9.5000000000e+00 1.1000000000e+01
3.3043106838e-03 -1.1000000000e+01 -9.5000000000e+00 1.1000000000e+01
1.8597271740e-03 -1.1000000000e+01 -1.0000000000e+01 1.1000000000e+01
8.1972654545e-04 -1.1000000000e+01 -1.0500000000e+01 1.1000000000e+01
2.6373683679e-04 -1.1500000000e+01 -1.1000000000e+01 1.1000000000e+01
3.0285464645e-03 -1.2000000000e+01 -9.5000000000e+00 1.1000000000e+01
1.6465224562e-03 -1.2000000000e+01 -1.0000000000e+01 1.1000000000e+01
6.9372027162e-04 -1.2000000000e+01 -1.0500000000e+01 1.1000000000e+01
2.5847303962e-04 -1.1000000000e+01 -1.1000000000e+01 1.1000000000e+01
1.9949534167e-04 -1.2000000000e+01 -1.1000000000e+01 1.1000000000e+01
1.9042599901e-03 -1.2500000000e+01 -9.5000000000e+00 1.1000000000e+01
5.0435145266e-03 -1.1500000000e+01 -9.0000000000e+00 1.1000000000e+01
4.4798589813e-03 -1.1000000000e+01 -9.0000000000e+00 1.1000000000e+01
4.2991890440e-03 -1.2000000000e+01 -9.0000000000e+00 1.1000000000e+01
3.0085308783e-03 -1.0500000000e+01 -9.0000000000e+00 1.1000000000e+01
2.2639705617e-03 -1.0500000000e+01 -9.5000000000e+00 1.1000000000e+01
1.2920694335e-03 -1.0500000000e+01 -1.0000000000e+01 1.1000000000e+01
5.8022340378e-04 -1.0500000000e+01 -1.0500000000e+01 1.1000000000e+01
1.8884647586e-04 -1.0500000000e+01 -1.1000000000e+01 1.1000000000e+01
5.2278373053e-05 -1.1500000000e+01 -1.1500000000e+01 1.1000000000e+01
5.3913066378e-05 -1.1000000000e+01 -1.1500000000e+01 1.1000000000e+01
2.7721104384e-03 -1.2500000000e+01 -9.0000000000e+00 1.1000000000e+01
1.0105427612e-03 -1.2500000000e+01 -1.0000000000e+01 1.1000000000e+01
4.1289323651e-04 -1.2500000000e+01 -1.0500000000e+01 1.1000000000e+01
1.1147519835e-04 -1.2500000000e+01 -1.1000000000e+01 1.1000000000e+01
4.0726841108e-05 -1.0500000000e+01 -1.1500000000e+01 1.1000000000e+01
4.3499270881e-04 -1.3000000000e+01 -1.0000000000e+01 9.5000000000e+00
1.5670176754e-04 -1.3000000000e+01 -1.0500000000e+01 9.5000000000e+00
1.3512435146e-03 -1.3000000000e+01 -9.0000000000e+00 1.1000000000e+01
9.0190026683e-04 -1.3000000000e+01 -9.5000000000e+00 1.1000000000e+01
5.2541709371e-03 -1.1500000000e+01 -8.5000000000e+00 1.1000000000e+01
4.6275919436e-03 -1.1000000000e+01 -8.5000000000e+00 1.1000000000e+01
4.5283401855e-03 -1.2000000000e+01 -8.5000000000e+00 1.1000000000e+01
3.0844988771e-03 -1.0500000000e+01 -8.5000000000e+00 1.1000000000e+01
2.9738913189e-03 -1.2500000000e+01 -8.5000000000e+00 1.1000000000e+01
1.5470959438e-03 -1.0000000000e+01 -8.5000000000e+00 1.1000000000e+01
1.5197372326e-03 -1.0000000000e+01 -9.0000000000e+00 1.1000000000e+01
1.1682232319e-03 -1.0000000000e+01 -9.5000000000e+00 1.1000000000e+01
6.7878151742e-04 -1.0000000000e+01 -1.0000000000e+01 1.1000000000e+01
3.0960018504e-04 -1.0000000000e+01 -1.0500000000e+01 1.1000000000e+01
1.0307857786e-04 -1.0000000000e+01 -1.1000000000e+01 1.1000000000e+01
8.8847596839e-04 -1.1500000000e+01 -8.5000000000e+00 8.0000000000e+00
9.0530556032e-04 -1.1000000000e+01 -8.5000000000e+00 8.0000000000e+00
6.4206338265e-04 -1.2000000000e+01 -8.5000000000e+00 8.0000000000e+00
7.2128310651e-04 -1.0500000000e+01 -8.5000000000e+00 8.0000000000e+00
3.5300872721e-04 -1.2500000000e+01 -8.5000000000e+00 8.0000000000e+00
1.4807358155e-03 -1.3000000000e+01 -8.5000000000e+00 1.1000000000e+01
4.2387238664e-04 -1.0000000000e+01 -8.5000000000e+00 8.0000000000e+00
4.0704008823e-04 -1.0000000000e+01 -9.0000000000e+00 8.0000000000e+00
3.0256234881e-04 -1.0000000000e+01 -9.5000000000e+00 8.0000000000e+00
1.6613470217e-04 -1.0000000000e+01 -1.0000000000e+01 8.0000000000e+00
6.8117878836e-05 -1.0000000000e+01 -1.0500000000e+01 8.0000000000e+00
7.0911523028e-03 -1.1500000000e+01 -8.5000000000e+00 1.0500000000e+01
6.4488764038e-03 -1.1000000000e+01 -8.5000000000e+00 1.0500000000e+01
5.9046237920e-03 -1.2000000000e+01 -8.5000000000e+00 1.0500000000e+01
4.4472375496e-03 -1.0500000000e+01 -8.5000000000e+00 1.0500000000e+01
3.7414989622e-03 -1.2500000000e+01 -8.5000000000e+00 1.0500000000e+01
2.3061827787e-03 -1.0000000000e+01 -8.5000000000e+00 1.0500000000e+01
2.2595078316e-03 -1.0000000000e+01 -9.0000000000e+00 1.0500000000e+01
1.7345178582e-03 -1.0000000000e+01 -9.5000000000e+00 1.0500000000e+01
9.9918308467e-04 -1.0000000000e+01 -1.0000000000e+01 1.0500000000e+01
4.4832253225e-04 -1.0000000000e+01 -1.0500000000e+01 1.0500000000e+01
1.4573023018e-04 -1.0000000000e+01 -1.1000000000e+01 1.0500000000e+01
2.2417984524e-03 -1.1500000000e+01 -8.5000000000e+00 8.5000000000e+00
2.2239813823e-03 -1.1000000000e+01 -8.5000000000e+00 8.5000000000e+00
1.6774338204e-03 -1.2000000000e+01 -8.5000000000e+00 8.5000000000e+00
1.7131513339e-03 -1.0500000000e+01 -8.5000000000e+00 8.5000000000e+00
9.5680886573e-04 -1.2500000000e+01 -8.5000000000e+00 8.5000000000e+00
1.7983992935e-03 -1.3000000000e+01 -8.5000000000e+00 1.0500000000e+01
9.8226345412e-04 -1.0000000000e+01 -8.5000000000e+00 8.5000000000e+00
9.4969993103e-04 -1.0000000000e+01 -9.0000000000e+00 8.5000000000e+00
7.1633120804e-04 -1.0000000000e+01 -9.5000000000e+00 8.5000000000e+00
4.0037430578e-04 -1.0000000000e+01 -1.0000000000e+01 8.5000000000e+00
1.6926120397e-04 -1.0000000000e+01 -1.0500000000e+01 8.5000000000e+00
5.0682497618e-05 -1.0000000000e+01 -1.1000000000e+01 8.5000000000e+00
7.5112235868e-03 -1.1500000000e+01 -8.5000000000e+00 1.0000000000e+01
6.9396703938e-03 -1.1000000000e+01 -8.5000000000e+00 1.0000000000e+01
6.1629887310e-03 -1.2000000000e+01 -8.5000000000e+00 1.0000000000e+01
4.8965976238e-03 -1.0500000000e+01 -8.5000000000e+00 1.0000000000e+01
3.8497767164e-03 -1.2500000000e+01 -8.5000000000e+00 1.0000000000e+01
2.6050260317e-03 -1.0000000000e+01 -8.5000000000e+00 1.0000000000e+01
2.5418654304e-03 -1.0000000000e+01 -9.0000000000e+00 1.0000000000e+01
1.9394402648e-03 -1.0000000000e+01 -9.5000000000e+00 1.0000000000e+01
1.1094866019e-03 -1.0000000000e+01 -1.0000000000e+01 1.0000000000e+01
4.9183584828e-04 -1.0000000000e+01 -1.0500000000e+01 1.0000000000e+01
1.5787493585e-04 -1.0000000000e+01 -1.1000000000e+01 1.0000000000e+01
4.3199426570e-03 -1.1500000000e+01 -8.5000000000e+00 9.0000000000e+00
4.1879225622e-03 -1.1000000000e+01 -8.5000000000e+00 9.0000000000e+00
3.3268257167e-03 -1.2000000000e+01 -8.5000000000e+00 9.0000000000e+00
3.1381730860e-03 -1.0500000000e+01 -8.5000000000e+00 9.0000000000e+00
1.9523128662e-03 -1.2500000000e+01 -8.5000000000e+00 9.0000000000e+00
1.8256026992e-03 -1.3000000000e+01 -8.5000000000e+00 1.0000000000e+01
1.7559503708e-03 -1.0000000000e+01 -8.5000000000e+00 9.0000000000e+00
1.7051036309e-03 -1.0000000000e+01 -9.0000000000e+00 9.0000000000e+00
1.2957440413e-03 -1.0000000000e+01 -9.5000000000e+00 9.0000000000e+00
7.3119657065e-04 -1.0000000000e+01 -1.0000000000e+01 9.0000000000e+00
3.1464519508e-04 -1.0000000000e+01 -1.0500000000e+01 9.0000000000e+00
9.6637538190e-05 -1.0000000000e+01 -1.1000000000e+01 9.0000000000e+00
6.7123788119e-03 -1.1500000000e+01 -8.5000000000e+00 9.5000000000e+00
6.3662225021e-03 -1.1000000000e+01 -8.5000000000e+00 9.5000000000e+00
5.3187458685e-03 -1.2000000000e+01 -8.5000000000e+00 9.5000000000e+00
4.6216493038e-03 -1.0500000000e+01 -8.5000000000e+00 9.5000000000e+00
3.2114844228e-03 -1.2500000000e+01 -8.5000000000e+00 9.5000000000e+00
2.5126989913e-03 -1.0000000000e+01 -8.5000000000e+00 9.5000000000e+00
2.4587566006e-03 -1.0000000000e+01 -9.0000000000e+00 9.5000000000e+00
1.8984515772e-03 -1.0000000000e+01 -9.5000000000e+00 9.5000000000e+00
1.0912165927e-03 -1.0000000000e+01 -1.0000000000e+01 9.5000000000e+00
4.8374528845e-04 -1.0000000000e+01 -1.0500000000e+01 9.5000000000e+00
1.5550720351e-04 -1.0000000000e+01 -1.1000000000e+01 9.5000000000e+00
6.4150881345e-05 -1.1500000000e+01 -1.0000000000e+01 7.5000000000e+00
1.4471205574e-04 -1.1500000000e+01 -9.5000000000e+00 7.5000000000e+00
1.6617583972e-04 -1.1000000000e+01 -9.5000000000e+00 7.5000000000e+00
7.8749148651e-05 -1.1000000000e+01 -1.0000000000e+01 7.5000000000e+00
9.1875820897e-05 -1.2000000000e+01 -9.5000000000e+00 7.5000000000e+00
4.3400527468e-05 -1.2500000000e+01 -9.5000000000e+00 7.5000000000e+00
2.2820372287e-04 -1.1500000000e+01 -9.0000000000e+00 7.5000000000e+00
2.4851545505e-04 -1.1000000000e+01 -9.0000000000e+00 7.5000000000e+00
1.5254254367e-04 -1.2000000000e+01 -9.0000000000e+00 7.5000000000e+00
2.1035089638e-04 -1.0500000000e+01 -9.0000000000e+00 7.5000000000e+00
1.4574055979e-04 -1.0500000000e+01 -9.5000000000e+00 7.5000000000e+00
7.2478989158e-05 -1.0500000000e+01 -1.0000000000e+01 7.5000000000e+00
7.6522130579e-05 -1.2500000000e+01 -9.0000000000e+00 7.5000000000e+00
1.4652598538e-03 -1.3000000000e+01 -8.5000000000e+00 9.5000000000e+00
8.6632397913e-04 -1.3000000000e+01 -8.5000000000e+00 9.0000000000e+00
4.1150762824e-04 -1.3000000000e+01 -8.5000000000e+00 8.5000000000e+00
1.4590665594e-04 -1.3000000000e+01 -8.5000000000e+00 8.0000000000e+00
4.6542368418e-04 -1.3000000000e+01 -1.0000000000e+01 1.1000000000e+01
1.8316274442e-04 -1.3000000000e+01 -1.0500000000e+01 1.1000000000e+01
4.5578676488e-05 -1.3000000000e+01 -1.1000000000e+01 1.1000000000e+01
2.5795119870e-04 -1.1500000000e+01 -8.5000000000e+00 7.5000000000e+00
2.7341427806e-04 -1.1000000000e+01 -8.5000000000e+00 7.5000000000e+00
1.7806349725e-04 -1.2000000000e+01 -8.5000000000e+00 7.5000000000e+00
2.2754988596e-04 -1.0500000000e+01 -8.5000000000e+00 7.5000000000e+00
9.3635243489e-05 -1.2500000000e+01 -8.5000000000e+00 7.5000000000e+00
1.3862328844e-04 -1.0000000000e+01 -8.5000000000e+00 7.5000000000e+00
1.3057827524e-04 -1.0000000000e+01 -9.0000000000e+00 7.5000000000e+00
9.3923543201e-05 -1.0000000000e+01 -9.5000000000e+00 7.5000000000e+00
4.9356537882e-05 -1.0000000000e+01 -1.0000000000e+01 7.5000000000e+00
5.5681898882e-04 -1.3500000000e+01 -8.5000000000e+00 1.1000000000e+01
4.9400015848e-04 -1.3500000000e+01 -9.0000000000e+00 1.1000000000e+01
3.1845083433e-04 -1.3500000000e+01 -9.5000000000e+00 1.1000000000e+01
1.5922385278e-04 -1.3500000000e+01 -1.0000000000e+01 1.1000000000e+01
5.9756674164e-05 -1.3500000000e+01 -1.0500000000e+01 1.1000000000e+01
4.4174514747e-05 -1.3500000000e+01 -8.5000000000e+00 8.0000000000e+00
6.5167621879e-04 -1.3500000000e+01 -8.5000000000e+00 1.0500000000e+01
5.7802985902e-04 -1.3500000000e+01 -9.0000000000e+00 1.0500000000e+01
3.6836063682e-04 -1.3500000000e+01 -9.5000000000e+00 1.0500000000e+01
1.7981239060e-04 -1.3500000000e+01 -1.0000000000e+01 1.0500000000e+01
6.5588620756e-05 -1.3500000000e+01 -1.0500000000e+01 1.0500000000e+01
1.3152295370e-04 -1.3500000000e+01 -8.5000000000e+00 8.5000000000e+00
1.1243537934e-04 -1.3500000000e+01 -9.0000000000e+00 8.5000000000e+00
6.6262462347e-05 -1.3500000000e+01 -9.5000000000e+00 8.5000000000e+00
6.5172076358e-04 -1.3500000000e+01 -8.5000000000e+00 1.0000000000e+01
5.8466157269e-04 -1.3500000000e+01 -9.0000000000e+00 1.0000000000e+01
3.7509321306e-04 -1.3500000000e+01 -9.5000000000e+00 1.0000000000e+01
1.8307835765e-04 -1.3500000000e+01 -1.0000000000e+01 1.0000000000e+01
6.6786540919e-05 -1.3500000000e+01 -1.0500000000e+01 1.0000000000e+01
2.8662895555e-04 -1.3500000000e+01 -8.5000000000e+00 9.0000000000e+00
2.5115149460e-04 -1.3500000000e+01 -9.0000000000e+00 9.0000000000e+00
1.5253024643e-04 -1.3500000000e+01 -9.5000000000e+00 9.0000000000e+00
6.6812983943e-05 -1.3500000000e+01 -1.0000000000e+01 9.0000000000e+00
5.0103018766e-04 -1.3500000000e+01 -8.5000000000e+00 9.5000000000e+00
4.4833599869e-04 -1.3500000000e+01 -9.0000000000e+00 9.5000000000e+00
2.8412404126e-04 -1.3500000000e+01 -9.5000000000e+00 9.5000000000e+00
1.1322576427e-03 -1.1500000000e+01 -1.0000000000e+01 1.1500000000e+01
4.9768059036e-04 -1.1500000000e+01 -1.0500000000e+01 1.1500000000e+01
2.0261948826e-03 -1.1500000000e+01 -9.5000000000e+00 1.1500000000e+01
1.7866920141e-03 -1.1000000000e+01 -9.5000000000e+00 1.1500000000e+01
1.0105998784e-03 -1.1000000000e+01 -1.0000000000e+01 1.1500000000e+01
4.5042328127e-04 -1.1000000000e+01 -1.0500000000e+01 1.1500000000e+01
1.5642231851e-04 -1.1500000000e+01 -1.1000000000e+01 1.1500000000e+01
1.7382626268e-03 -1.2000000000e+01 -9.5000000000e+00 1.1500000000e+01
9.5569507425e-04 -1.2000000000e+01 -1.0000000000e+01 1.1500000000e+01
4.1266372839e-04 -1.2000000000e+01 -1.0500000000e+01 1.1500000000e+01
1.4516865574e-04 -1.1000000000e+01 -1.1000000000e+01 1.1500000000e+01
1.2594314576e-04 -1.2000000000e+01 -1.1000000000e+01 1.1500000000e+01
1.1281730789e-03 -1.2500000000e+01 -9.5000000000e+00 1.1500000000e+01
2.8276279653e-03 -1.1500000000e+01 -9.0000000000e+00 1.1500000000e+01
2.4486208305e-03 -1.1000000000e+01 -9.0000000000e+00 1.1500000000e+01
2.4784775685e-03 -1.2000000000e+01 -9.0000000000e+00 1.1500000000e+01
1.5957708419e-03 -1.0500000000e+01 -9.0000000000e+00 1.1500000000e+01
1.1875466364e-03 -1.0500000000e+01 -9.5000000000e+00 1.1500000000e+01
6.7950235108e-04 -1.0500000000e+01 -1.0000000000e+01 1.1500000000e+01
3.0729420580e-04 -1.0500000000e+01 -1.0500000000e+01 1.1500000000e+01
1.0132164269e-04 -1.0500000000e+01 -1.1000000000e+01 1.1500000000e+01
1.6448931237e-03 -1.2500000000e+01 -9.0000000000e+00 1.1500000000e+01
6.0902518374e-04 -1.2500000000e+01 -1.0000000000e+01 1.1500000000e+01
2.5707089542e-04 -1.2500000000e+01 -1.0500000000e+01 1.1500000000e+01
7.5517167429e-05 -1.2500000000e+01 -1.1000000000e+01 1.1500000000e+01
8.2691103844e-04 -1.3000000000e+01 -9.0000000000e+00 1.1500000000e+01
5.5300307458e-04 -1.3000000000e+01 -9.5000000000e+00 1.1500000000e+01
2.9571840656e-03 -1.1500000000e+01 -8.5000000000e+00 1.1500000000e+01
2.5396021507e-03 -1.1000000000e+01 -8.5000000000e+00 1.1500000000e+01
2.6277121654e-03 -1.2000000000e+01 -8.5000000000e+00 1.1500000000e+01
1.6414992902e-03 -1.0500000000e+01 -8.5000000000e+00 1.1500000000e+01
1.7770953501e-03 -1.2500000000e+01 -8.5000000000e+00 1.1500000000e+01
7.9881404997e-04 -1.0000000000e+01 -8.5000000000e+00 1.1500000000e+01
7.8244196638e-04 -1.0000000000e+01 -9.0000000000e+00 1.1500000000e+01
5.9436096555e-04 -1.0000000000e+01 -9.5000000000e+00 1.1500000000e+01
3.4504537112e-04 -1.0000000000e+01 -1.0000000000e+01 1.1500000000e+01
1.5818188870e-04 -1.0000000000e+01 -1.0500000000e+01 1.1500000000e+01
5.3145600139e-05 -1.0000000000e+01 -1.1000000000e+01 1.1500000000e+01
9.1401693364e-04 -1.3000000000e+01 -8.5000000000e+00 1.1500000000e+01
2.9247558014e-04 -1.3000000000e+01 -1.0000000000e+01 1.1500000000e+01
1.1999316721e-04 -1.3000000000e+01 -1.0500000000e+01 1.1500000000e+01
1.3273825808e-04 -1.3500000000e+01 -1.0000000000e+01 9.5000000000e+00
4.4070377377e-05 -1.3500000000e+01 -1.0500000000e+01 9.5000000000e+00
3.5563836222e-04 -1.3500000000e+01 -8.5000000000e+00 1.1500000000e+01
3.1259041227e-04 -1.3500000000e+01 -9.0000000000e+00 1.1500000000e+01
2.0311544318e-04 -1.3500000000e+01 -9.5000000000e+00 1.1500000000e+01
2.7224436181e-03 -1.1500000000e+01 -8.0000000000e+00 1.1500000000e+01
2.3096896521e-03 -1.1000000000e+01 -8.0000000000e+00 1.1500000000e+01
2.4562367183e-03 -1.2000000000e+01 -8.0000000000e+00 1.1500000000e+01
1.4749944434e-03 -1.0500000000e+01 -8.0000000000e+00 1.1500000000e+01
1.6793568882e-03 -1.2500000000e+01 -8.0000000000e+00 1.1500000000e+01
7.1015813535e-04 -1.0000000000e+01 -8.0000000000e+00 1.1500000000e+01
8.7360661034e-04 -1.3000000000e+01 -8.0000000000e+00 1.1500000000e+01
2.5571398867e-04 -9.5000000000e+00 -8.0000000000e+00 1.1500000000e+01
2.9165297070e-04 -9.5000000000e+00 -8.5000000000e+00 1.1500000000e+01
2.8862474939e-04 -9.5000000000e+00 -9.0000000000e+00 1.1500000000e+01
2.2560636330e-04 -9.5000000000e+00 -9.5000000000e+00 1.1500000000e+01
1.3267609256e-04 -9.5000000000e+00 -1.0000000000e+01 1.1500000000e+01
6.1271859255e-05 -9.5000000000e+00 -1.0500000000e+01 1.1500000000e+01
2.5342086483e-04 -1.1500000000e+01 -8.0000000000e+00 7.5000000000e+00
2.6215695447e-04 -1.1000000000e+01 -8.0000000000e+00 7.5000000000e+00
1.7808301455e-04 -1.2000000000e+01 -8.0000000000e+00 7.5000000000e+00
2.1284218448e-04 -1.0500000000e+01 -8.0000000000e+00 7.5000000000e+00
9.5142771493e-05 -1.2500000000e+01 -8.0000000000e+00 7.5000000000e+00
1.2682712868e-04 -1.0000000000e+01 -8.0000000000e+00 7.5000000000e+00
3.4422877959e-04 -1.3500000000e+01 -8.0000000000e+00 1.1500000000e+01
5.6739020359e-05 -9.5000000000e+00 -8.0000000000e+00 7.5000000000e+00
6.3574001796e-05 -9.5000000000e+00 -8.5000000000e+00 7.5000000000e+00
6.1008905847e-05 -9.5000000000e+00 -9.0000000000e+00 7.5000000000e+00
4.5764951069e-05 -9.5000000000e+00 -9.5000000000e+00 7.5000000000e+00
4.8261477625e-03 -1.1500000000e+01 -8.0000000000e+00 1.1000000000e+01
4.2017474992e-03 -1.1000000000e+01 -8.0000000000e+00 1.1000000000e+01
4.2310430861e-03 -1.2000000000e+01 -8.0000000000e+00 1.1000000000e+01
2.7643561967e-03 -1.0500000000e+01 -8.0000000000e+00 1.1000000000e+01
2.8144434176e-03 -1.2500000000e+01 -8.0000000000e+00 1.1000000000e+01
1.3706110991e-03 -1.0000000000e+01 -8.0000000000e+00 1.1000000000e+01
1.4209018722e-03 -1.3000000000e+01 -8.0000000000e+00 1.1000000000e+01
5.0850094117e-04 -9.5000000000e+00 -8.0000000000e+00 1.1000000000e+01
5.8249703034e-04 -9.5000000000e+00 -8.5000000000e+00 1.1000000000e+01
5.7772376485e-04 -9.5000000000e+00 -9.0000000000e+00 1.1000000000e+01
4.5707871389e-04 -9.5000000000e+00 -9.5000000000e+00 1.1000000000e+01
2.6961239129e-04 -9.5000000000e+00 -1.0000000000e+01 1.1000000000e+01
1.2412954459e-04 -9.5000000000e+00 -1.0500000000e+01 1.1000000000e+01
4.2248662758e-05 -9.5000000000e+00 -1.1000000000e+01 1.1000000000e+01
8.4985190159e-04 -1.1500000000e+01 -8.0000000000e+00 8.0000000000e+00
8.5041030795e-04 -1.1000000000e+01 -8.0000000000e+00 8.0000000000e+00
6.2756523937e-04 -1.2000000000e+01 -8.0000000000e+00 8.0000000000e+00
6.6341929289e-04 -1.0500000000e+01 -8.0000000000e+00 8.0000000000e+00
3.5099807878e-04 -1.2500000000e+01 -8.0000000000e+00 8.0000000000e+00
3.8346493485e-04 -1.0000000000e+01 -8.0000000000e+00 8.0000000000e+00
1.4737000830e-04 -1.3000000000e+01 -8.0000000000e+00 8.0000000000e+00
5.4199256418e-04 -1.3500000000e+01 -8.0000000000e+00 1.1000000000e+01
1.6632167020e-04 -9.5000000000e+00 -8.0000000000e+00 8.0000000000e+00
1.8842762457e-04 -9.5000000000e+00 -8.5000000000e+00 8.0000000000e+00
1.8283171537e-04 -9.5000000000e+00 -9.0000000000e+00 8.0000000000e+00
1.4083904801e-04 -9.5000000000e+00 -9.5000000000e+00 8.0000000000e+00
7.9625361162e-05 -9.5000000000e+00 -1.0000000000e+01 8.0000000000e+00
6.5809145072e-03 -1.1500000000e+01 -8.0000000000e+00 1.0500000000e+01
5.8995510480e-03 -1.1000000000e+01 -8.0000000000e+00 1.0500000000e+01
5.5658598710e-03 -1.2000000000e+01 -8.0000000000e+00 1.0500000000e+01
4.0087871207e-03 -1.0500000000e+01 -8.0000000000e+00 1.0500000000e+01
3.5751906909e-03 -1.2500000000e+01 -8.0000000000e+00 1.0500000000e+01
2.0511049371e-03 -1.0000000000e+01 -8.0000000000e+00 1.0500000000e+01
1.7418599670e-03 -1.3000000000e+01 -8.0000000000e+00 1.0500000000e+01
7.8513104590e-04 -9.5000000000e+00 -8.0000000000e+00 1.0500000000e+01
8.9753249148e-04 -9.5000000000e+00 -8.5000000000e+00 1.0500000000e+01
8.8788897036e-04 -9.5000000000e+00 -9.0000000000e+00 1.0500000000e+01
7.0224957501e-04 -9.5000000000e+00 -9.5000000000e+00 1.0500000000e+01
4.1148080461e-04 -9.5000000000e+00 -1.0000000000e+01 1.0500000000e+01
1.8684108664e-04 -9.5000000000e+00 -1.0500000000e+01 1.0500000000e+01
6.2435918039e-05 -9.5000000000e+00 -1.1000000000e+01 1.0500000000e+01
2.1195367223e-03 -1.1500000000e+01 -8.0000000000e+00 8.5000000000e+00
2.0712985139e-03 -1.1000000000e+01 -8.0000000000e+00 8.5000000000e+00
1.6162797157e-03 -1.2000000000e+01 -8.0000000000e+00 8.5000000000e+00
1.5675128540e-03 -1.0500000000e+01 -8.0000000000e+00 8.5000000000e+00
9.3715450294e-04 -1.2500000000e+01 -8.0000000000e+00 8.5000000000e+00
8.8317785434e-04 -1.0000000000e+01 -8.0000000000e+00 8.5000000000e+00
4.0871426383e-04 -1.3000000000e+01 -8.0000000000e+00 8.5000000000e+00
6.3786109923e-04 -1.3500000000e+01 -8.0000000000e+00 1.0500000000e+01
3.7379954821e-04 -9.5000000000e+00 -8.0000000000e+00 8.5000000000e+00
4.2489771252e-04 -9.5000000000e+00 -8.5000000000e+00 8.5000000000e+00
4.1468167232e-04 -9.5000000000e+00 -9.0000000000e+00 8.5000000000e+00
3.2315599043e-04 -9.5000000000e+00 -9.5000000000e+00 8.5000000000e+00
1.8512095972e-04 -9.5000000000e+00 -1.0000000000e+01 8.5000000000e+00
7.9874677304e-05 -9.5000000000e+00 -1.0500000000e+01 8.5000000000e+00
7.0032056699e-03 -1.1500000000e+01 -8.0000000000e+00 1.0000000000e+01
6.3878708495e-03 -1.1000000000e+01 -8.0000000000e+00 1.0000000000e+01
5.8153720287e-03 -1.2000000000e+01 -8.0000000000e+00 1.0000000000e+01
4.4449275178e-03 -1.0500000000e+01 -8.0000000000e+00 1.0000000000e+01
3.6777501091e-03 -1.2500000000e+01 -8.0000000000e+00 1.0000000000e+01
2.3338903189e-03 -1.0000000000e+01 -8.0000000000e+00 1.0000000000e+01
1.7663056268e-03 -1.3000000000e+01 -8.0000000000e+00 1.0000000000e+01
9.1989976123e-04 -9.5000000000e+00 -8.0000000000e+00 1.0000000000e+01
1.0447429183e-03 -9.5000000000e+00 -8.5000000000e+00 1.0000000000e+01
1.0285125980e-03 -9.5000000000e+00 -9.0000000000e+00 1.0000000000e+01
8.0912409546e-04 -9.5000000000e+00 -9.5000000000e+00 1.0000000000e+01
4.7165649751e-04 -9.5000000000e+00 -1.0000000000e+01 1.0000000000e+01
2.1162226897e-04 -9.5000000000e+00 -1.0500000000e+01 1.0000000000e+01
6.9923671564e-05 -9.5000000000e+00 -1.1000000000e+01 1.0000000000e+01
4.0608326539e-03 -1.1500000000e+01 -8.0000000000e+00 9.0000000000e+00
3.8854787905e-03 -1.1000000000e+01 -8.0000000000e+00 9.0000000000e+00
3.1811661830e-03 -1.2000000000e+01 -8.0000000000e+00 9.0000000000e+00
2.8583333772e-03 -1.0500000000e+01 -8.0000000000e+00 9.0000000000e+00
1.8989740470e-03 -1.2500000000e+01 -8.0000000000e+00 9.0000000000e+00
1.5743204064e-03 -1.0000000000e+01 -8.0000000000e+00 9.0000000000e+00
8.5333756640e-04 -1.3000000000e+01 -8.0000000000e+00 9.0000000000e+00
6.3714154344e-04 -1.3500000000e+01 -8.0000000000e+00 1.0000000000e+01
6.5083674072e-04 -9.5000000000e+00 -8.0000000000e+00 9.0000000000e+00
7.4062157672e-04 -9.5000000000e+00 -8.5000000000e+00 9.0000000000e+00
7.2572102641e-04 -9.5000000000e+00 -9.0000000000e+00 9.0000000000e+00
5.6910572623e-04 -9.5000000000e+00 -9.5000000000e+00 9.0000000000e+00
3.2841223735e-04 -9.5000000000e+00 -1.0000000000e+01 9.0000000000e+00
1.4382372988e-04 -9.5000000000e+00 -1.0500000000e+01 9.0000000000e+00
4.5997083196e-05 -9.5000000000e+00 -1.1000000000e+01 9.0000000000e+00
6.2278101428e-03 -1.1500000000e+01 -8.0000000000e+00 9.5000000000e+00
5.8220866599e-03 -1.1000000000e+01 -8.0000000000e+00 9.5000000000e+00
5.0156691510e-03 -1.2000000000e+01 -8.0000000000e+00 9.5000000000e+00
4.1566015204e-03 -1.0500000000e+01 -8.0000000000e+00 9.5000000000e+00
3.0759641758e-03 -1.2500000000e+01 -8.0000000000e+00 9.5000000000e+00
2.2305169371e-03 -1.0000000000e+01 -8.0000000000e+00 9.5000000000e+00
1.4271466083e-03 -1.3000000000e+01 -8.0000000000e+00 9.5000000000e+00
8.9683892767e-04 -9.5000000000e+00 -8.0000000000e+00 9.5000000000e+00
1.0278129822e-03 -9.5000000000e+00 -8.5000000000e+00 9.5000000000e+00
1.0140958197e-03 -9.5000000000e+00 -9.0000000000e+00 9.5000000000e+00
8.0532655908e-04 -9.5000000000e+00 -9.5000000000e+00 9.5000000000e+00
4.7130374455e-04 -9.5000000000e+00 -1.0000000000e+01 9.5000000000e+00
2.1152707085e-04 -9.5000000000e+00 -1.0500000000e+01 9.5000000000e+00
7.0058262230e-05 -9.5000000000e+00 -1.1000000000e+01 9.5000000000e+00
4.4927965021e-05 -1.1500000000e+01 -9.0000000000e+00 7.0000000000e+00
5.1946470390e-05 -1.1000000000e+01 -9.0000000000e+00 7.0000000000e+00
4.6131557668e-05 -1.0500000000e+01 -9.0000000000e+00 7.0000000000e+00
5.4746052976e-05 -1.1500000000e+01 -8.5000000000e+00 7.0000000000e+00
6.0309473966e-05 -1.1000000000e+01 -8.5000000000e+00 7.0000000000e+00
5.2213364714e-05 -1.0500000000e+01 -8.5000000000e+00 7.0000000000e+00
4.9431545356e-04 -1.3500000000e+01 -8.0000000000e+00 9.5000000000e+00
2.8605987534e-04 -1.3500000000e+01 -8.0000000000e+00 9.0000000000e+00
1.3241760317e-04 -1.3500000000e+01 -8.0000000000e+00 8.5000000000e+00
4.5387440861e-05 -1.3500000000e+01 -8.0000000000e+00 8.0000000000e+00
1.0497796518e-04 -1.3500000000e+01 -1.0000000000e+01 1.1500000000e+01
4.1495701904e-05 -1.3500000000e+01 -1.0500000000e+01 1.1500000000e+01
5.5113024492e-05 -1.1500000000e+01 -8.0000000000e+00 7.0000000000e+00
5.9485998783e-05 -1.1000000000e+01 -8.0000000000e+00 7.0000000000e+00
5.0483908893e-05 -1.0500000000e+01 -8.0000000000e+00 7.0000000000e+00
9.9324823014e-05 -1.4000000000e+01 -8.0000000000e+00 1.1500000000e+01
1.0136667765e-04 -1.4000000000e+01 -8.5000000000e+00 1.1500000000e+01
8.5971742532e-05 -1.4000000000e+01 -9.0000000000e+00 1.1500000000e+01
5.4093292278e-05 -1.4000000000e+01 -9.5000000000e+00 1.1500000000e+01
1.5010685108e-04 -1.4000000000e+01 -8.0000000000e+00 1.1000000000e+01
1.5237404384e-04 -1.4000000000e+01 -8.5000000000e+00 1.1000000000e+01
1.3053542162e-04 -1.4000000000e+01 -9.0000000000e+00 1.1000000000e+01
8.0973267917e-05 -1.4000000000e+01 -9.5000000000e+00 1.1000000000e+01
1.6921350833e-04 -1.4000000000e+01 -8.0000000000e+00 1.0500000000e+01
1.7141454460e-04 -1.4000000000e+01 -8.5000000000e+00 1.0500000000e+01
1.4744844241e-04 -1.4000000000e+01 -9.0000000000e+00 1.0500000000e+01
9.0547515489e-05 -1.4000000000e+01 -9.5000000000e+00 1.0500000000e+01
4.2855947287e-05 -1.4000000000e+01 -1.0000000000e+01 1.0500000000e+01
1.6654011341e-04 -1.4000000000e+01 -8.0000000000e+00 1.0000000000e+01
1.6880854537e-04 -1.4000000000e+01 -8.5000000000e+00 1.0000000000e+01
1.4742617160e-04 -1.4000000000e+01 -9.0000000000e+00 1.0000000000e+01
9.1058788553e-05 -1.4000000000e+01 -9.5000000000e+00 1.0000000000e+01
4.2994528232e-05 -1.4000000000e+01 -1.0000000000e+01 1.0000000000e+01
6.9114109481e-05 -1.4000000000e+01 -8.0000000000e+00 9.0000000000e+00
6.8636849866e-05 -1.4000000000e+01 -8.5000000000e+00 9.0000000000e+00
5.7832827619e-05 -1.4000000000e+01 -9.0000000000e+00 9.0000000000e+00
1.2345479114e-04 -1.4000000000e+01 -8.0000000000e+00 9.5000000000e+00
1.2381880783e-04 -1.4000000000e+01 -8.5000000000e+00 9.5000000000e+00
1.0755932346e-04 -1.4000000000e+01 -9.0000000000e+00 9.5000000000e+00
6.5011086019e-05 -1.4000000000e+01 -9.5000000000e+00 9.5000000000e+00
4.5829246509e-04 -1.1500000000e+01 -1.0000000000e+01 1.2000000000e+01
1.9954008146e-04 -1.1500000000e+01 -1.0500000000e+01 1.2000000000e+01
8.3068359535e-04 -1.1500000000e+01 -9.5000000000e+00 1.2000000000e+01
7.1360610049e-04 -1.1000000000e+01 -9.5000000000e+00 1.2000000000e+01
3.9793489092e-04 -1.1000000000e+01 -1.0000000000e+01 1.2000000000e+01
1.7525907381e-04 -1.1000000000e+01 -1.0500000000e+01 1.2000000000e+01
6.2314565024e-05 -1.1500000000e+01 -1.1000000000e+01 1.2000000000e+01
7.3077337428e-04 -1.2000000000e+01 -9.5000000000e+00 1.2000000000e+01
3.9757377945e-04 -1.2000000000e+01 -1.0000000000e+01 1.2000000000e+01
1.7034065126e-04 -1.2000000000e+01 -1.0500000000e+01 1.2000000000e+01
5.5681433507e-05 -1.1000000000e+01 -1.1000000000e+01 1.2000000000e+01
5.2111880000e-05 -1.2000000000e+01 -1.1000000000e+01 1.2000000000e+01
4.8551404062e-04 -1.2500000000e+01 -9.5000000000e+00 1.2000000000e+01
1.1883302277e-03 -1.1500000000e+01 -9.0000000000e+00 1.2000000000e+01
1.0054330993e-03 -1.1000000000e+01 -9.0000000000e+00 1.2000000000e+01
1.0678566334e-03 -1.2000000000e+01 -9.0000000000e+00 1.2000000000e+01
6.3704960641e-04 -1.0500000000e+01 -9.0000000000e+00 1.2000000000e+01
4.6015155975e-04 -1.0500000000e+01 -9.5000000000e+00 1.2000000000e+01
2.5909251944e-04 -1.0500000000e+01 -1.0000000000e+01 1.2000000000e+01
1.1536104255e-04 -1.0500000000e+01 -1.0500000000e+01 1.2000000000e+01
7.2581608345e-04 -1.2500000000e+01 -9.0000000000e+00 1.2000000000e+01
2.5973393699e-04 -1.2500000000e+01 -1.0000000000e+01 1.2000000000e+01
1.0889820908e-04 -1.2500000000e+01 -1.0500000000e+01 1.2000000000e+01
3.7315024487e-04 -1.3000000000e+01 -9.0000000000e+00 1.2000000000e+01
2.4326830999e-04 -1.3000000000e+01 -9.5000000000e+00 1.2000000000e+01
1.2635461092e-03 -1.1500000000e+01 -8.5000000000e+00 1.2000000000e+01
1.0556886026e-03 -1.1000000000e+01 -8.5000000000e+00 1.2000000000e+01
1.1599833513e-03 -1.2000000000e+01 -8.5000000000e+00 1.2000000000e+01
6.6291800567e-04 -1.0500000000e+01 -8.5000000000e+00 1.2000000000e+01
8.0613931184e-04 -1.2500000000e+01 -8.5000000000e+00 1.2000000000e+01
3.1319590524e-04 -1.0000000000e+01 -8.5000000000e+00 1.2000000000e+01
3.0342471525e-04 -1.0000000000e+01 -9.0000000000e+00 1.2000000000e+01
2.2318013576e-04 -1.0000000000e+01 -9.5000000000e+00 1.2000000000e+01
1.2727879886e-04 -1.0000000000e+01 -1.0000000000e+01 1.2000000000e+01
5.7378814293e-05 -1.0000000000e+01 -1.0500000000e+01 1.2000000000e+01
4.2625361667e-04 -1.3000000000e+01 -8.5000000000e+00 1.2000000000e+01
1.2781737596e-04 -1.3000000000e+01 -1.0000000000e+01 1.2000000000e+01
5.2214205491e-05 -1.3000000000e+01 -1.0500000000e+01 1.2000000000e+01
1.7012992580e-04 -1.3500000000e+01 -8.5000000000e+00 1.2000000000e+01
1.4420711493e-04 -1.3500000000e+01 -9.0000000000e+00 1.2000000000e+01
9.1353015055e-05 -1.3500000000e+01 -9.5000000000e+00 1.2000000000e+01
1.1760668853e-03 -1.1500000000e+01 -8.0000000000e+00 1.2000000000e+01
9.7475125886e-04 -1.1000000000e+01 -8.0000000000e+00 1.2000000000e+01
1.0936160529e-03 -1.2000000000e+01 -8.0000000000e+00 1.2000000000e+01
6.0396909007e-04 -1.0500000000e+01 -8.0000000000e+00 1.2000000000e+01
7.6749205152e-04 -1.2500000000e+01 -8.0000000000e+00 1.2000000000e+01
2.8205348819e-04 -1.0000000000e+01 -8.0000000000e+00 1.2000000000e+01
4.1043504245e-04 -1.3000000000e+01 -8.0000000000e+00 1.2000000000e+01
9.8441676844e-05 -9.5000000000e+00 -8.0000000000e+00 1.2000000000e+01
1.1075668347e-04 -9.5000000000e+00 -8.5000000000e+00 1.2000000000e+01
1.0852147833e-04 -9.5000000000e+00 -9.0000000000e+00 1.2000000000e+01
8.2135196802e-05 -9.5000000000e+00 -9.5000000000e+00 1.2000000000e+01
4.7386110609e-05 -9.5000000000e+00 -1.0000000000e+01 1.2000000000e+01
1.6569726573e-04 -1.3500000000e+01 -8.0000000000e+00 1.2000000000e+01
4.7153886228e-05 -1.3500000000e+01 -1.0000000000e+01 1.2000000000e+01
4.9449049105e-05 -1.4000000000e+01 -8.0000000000e+00 1.2000000000e+01
5.0164734108e-05 -1.4000000000e+01 -8.5000000000e+00 1.2000000000e+01
4.0682200755e-05 -1.4000000000e+01 -9.0000000000e+00 1.2000000000e+01
8.6433449567e-04 -1.1500000000e+01 -7.5000000000e+00 1.2000000000e+01
7.0405049345e-04 -1.1000000000e+01 -7.5000000000e+00 1.2000000000e+01
8.2670192738e-04 -1.2000000000e+01 -7.5000000000e+00 1.2000000000e+01
4.2805133965e-04 -1.0500000000e+01 -7.5000000000e+00 1.2000000000e+01
5.9375404000e-04 -1.2500000000e+01 -7.5000000000e+00 1.2000000000e+01
1.9636321756e-04 -1.0000000000e+01 -7.5000000000e+00 1.2000000000e+01
3.2569626513e-04 -1.3000000000e+01 -7.5000000000e+00 1.2000000000e+01
6.6846516958e-05 -9.5000000000e+00 -7.5000000000e+00 1.2000000000e+01
1.3557687913e-04 -1.3500000000e+01 -7.5000000000e+00 1.2000000000e+01
4.1663610473e-05 -1.1500000000e+01 -7.5000000000e+00 7.0000000000e+00
4.2763937885e-05 -1.1000000000e+01 -7.5000000000e+00 7.0000000000e+00
4.0412799675e-05 -1.4000000000e+01 -7.5000000000e+00 1.2000000000e+01
1.9559632263e-03 -1.1500000000e+01 -7.5000000000e+00 1.1500000000e+01
1.6334310280e-03 -1.1000000000e+01 -7.5000000000e+00 1.1500000000e+01
1.8097044547e-03 -1.2000000000e+01 -7.5000000000e+00 1.1500000000e+01
1.0243411640e-03 -1.0500000000e+01 -7.5000000000e+00 1.1500000000e+01
1.2678241724e-03 -1.2500000000e+01 -7.5000000000e+00 1.1500000000e+01
4.8512003571e-04 -1.0000000000e+01 -7.5000000000e+00 1.1500000000e+01
6.7739702756e-04 -1.3000000000e+01 -7.5000000000e+00 1.1500000000e+01
1.7143100089e-04 -9.5000000000e+00 -7.5000000000e+00 1.1500000000e+01
2.7412678722e-04 -1.3500000000e+01 -7.5000000000e+00 1.1500000000e+01
4.4426573158e-05 -9.0000000000e+00 -7.5000000000e+00 1.1500000000e+01
6.8613299987e-05 -9.0000000000e+00 -8.0000000000e+00 1.1500000000e+01
8.0410938275e-05 -9.0000000000e+00 -8.5000000000e+00 1.1500000000e+01
8.0821209345e-05 -9.0000000000e+00 -9.0000000000e+00 1.1500000000e+01
6.4724158873e-05 -9.0000000000e+00 -9.5000000000e+00 1.1500000000e+01
1.8161199939e-04 -1.1500000000e+01 -7.5000000000e+00 7.5000000000e+00
1.8170450325e-04 -1.1000000000e+01 -7.5000000000e+00 7.5000000000e+00
1.3460866276e-04 -1.2000000000e+01 -7.5000000000e+00 7.5000000000e+00
1.4276586489e-04 -1.0500000000e+01 -7.5000000000e+00 7.5000000000e+00
7.5391068375e-05 -1.2500000000e+01 -7.5000000000e+00 7.5000000000e+00
8.2742756642e-05 -1.0000000000e+01 -7.5000000000e+00 7.5000000000e+00
8.1391565576e-05 -1.4000000000e+01 -7.5000000000e+00 1.1500000000e+01
3.4305041734e-03 -1.1500000000e+01 -7.5000000000e+00 1.1000000000e+01
2.9357926387e-03 -1.1000000000e+01 -7.5000000000e+00 1.1000000000e+01
3.0749661092e-03 -1.2000000000e+01 -7.5000000000e+00 1.1000000000e+01
1.8973258519e-03 -1.0500000000e+01 -7.5000000000e+00 1.1000000000e+01
2.0988962195e-03 -1.2500000000e+01 -7.5000000000e+00 1.1000000000e+01
9.2601731667e-04 -1.0000000000e+01 -7.5000000000e+00 1.1000000000e+01
1.0910258348e-03 -1.3000000000e+01 -7.5000000000e+00 1.1000000000e+01
3.3765627687e-04 -9.5000000000e+00 -7.5000000000e+00 1.1000000000e+01
4.2896658353e-04 -1.3500000000e+01 -7.5000000000e+00 1.1000000000e+01
9.0662207283e-05 -9.0000000000e+00 -7.5000000000e+00 1.1000000000e+01
1.4075231376e-04 -9.0000000000e+00 -8.0000000000e+00 1.1000000000e+01
1.6574919031e-04 -9.0000000000e+00 -8.5000000000e+00 1.1000000000e+01
1.6681784950e-04 -9.0000000000e+00 -9.0000000000e+00 1.1000000000e+01
1.3506600649e-04 -9.0000000000e+00 -9.5000000000e+00 1.1000000000e+01
7.9946440713e-05 -9.0000000000e+00 -1.0000000000e+01 1.1000000000e+01
5.9732668478e-04 -1.1500000000e+01 -7.5000000000e+00 8.0000000000e+00
5.8274783637e-04 -1.1000000000e+01 -7.5000000000e+00 8.0000000000e+00
4.5660870753e-04 -1.2000000000e+01 -7.5000000000e+00 8.0000000000e+00
4.4273768606e-04 -1.0500000000e+01 -7.5000000000e+00 8.0000000000e+00
2.6772287259e-04 -1.2500000000e+01 -7.5000000000e+00 8.0000000000e+00
2.5093829707e-04 -1.0000000000e+01 -7.5000000000e+00 8.0000000000e+00
1.1817377485e-04 -1.3000000000e+01 -7.5000000000e+00 8.0000000000e+00
1.0676819917e-04 -9.5000000000e+00 -7.5000000000e+00 8.0000000000e+00
1.2356590772e-04 -1.4000000000e+01 -7.5000000000e+00 1.1000000000e+01
5.3977926168e-05 -9.0000000000e+00 -8.0000000000e+00 8.0000000000e+00
6.3424992753e-05 -9.0000000000e+00 -8.5000000000e+00 8.0000000000e+00
6.2520021236e-05 -9.0000000000e+00 -9.0000000000e+00 8.0000000000e+00
4.9477571431e-05 -9.0000000000e+00 -9.5000000000e+00 8.0000000000e+00
4.6638013536e-03 -1.1500000000e+01 -7.5000000000e+00 1.0500000000e+01
4.1051450808e-03 -1.1000000000e+01 -7.5000000000e+00 1.0500000000e+01
4.0435138958e-03 -1.2000000000e+01 -7.5000000000e+00 1.0500000000e+01
2.7378601025e-03 -1.0500000000e+01 -7.5000000000e+00 1.0500000000e+01
2.6716330941e-03 -1.2500000000e+01 -7.5000000000e+00 1.0500000000e+01
1.3784026184e-03 -1.0000000000e+01 -7.5000000000e+00 1.0500000000e+01
1.3430198564e-03 -1.3000000000e+01 -7.5000000000e+00 1.0500000000e+01
5.1857978140e-04 -9.5000000000e+00 -7.5000000000e+00 1.0500000000e+01
5.1094229194e-04 -1.3500000000e+01 -7.5000000000e+00 1.0500000000e+01
1.4401436682e-04 -9.0000000000e+00 -7.5000000000e+00 1.0500000000e+01
2.2420510923e-04 -9.0000000000e+00 -8.0000000000e+00 1.0500000000e+01
2.6379402130e-04 -9.0000000000e+00 -8.5000000000e+00 1.0500000000e+01
2.6476865858e-04 -9.0000000000e+00 -9.0000000000e+00 1.0500000000e+01
2.1433272353e-04 -9.0000000000e+00 -9.5000000000e+00 1.0500000000e+01
1.2629190398e-04 -9.0000000000e+00 -1.0000000000e+01 1.0500000000e+01
5.7794316318e-05 -9.0000000000e+00 -1.0500000000e+01 1.0500000000e+01
1.4833675084e-03 -1.1500000000e+01 -7.5000000000e+00 8.5000000000e+00
1.4177332663e-03 -1.1000000000e+01 -7.5000000000e+00 8.5000000000e+00
1.1656411542e-03 -1.2000000000e+01 -7.5000000000e+00 8.5000000000e+00
1.0478640686e-03 -1.0500000000e+01 -7.5000000000e+00 8.5000000000e+00
7.0186240918e-04 -1.2500000000e+01 -7.5000000000e+00 8.5000000000e+00
5.8093578594e-04 -1.0000000000e+01 -7.5000000000e+00 8.5000000000e+00
3.2065328733e-04 -1.3000000000e+01 -7.5000000000e+00 8.5000000000e+00
2.4145010900e-04 -9.5000000000e+00 -7.5000000000e+00 8.5000000000e+00
1.0847158131e-04 -1.3500000000e+01 -7.5000000000e+00 8.5000000000e+00
1.4130688667e-04 -1.4000000000e+01 -7.5000000000e+00 1.0500000000e+01
7.4407110068e-05 -9.0000000000e+00 -7.5000000000e+00 8.5000000000e+00
1.1841741872e-04 -9.0000000000e+00 -8.0000000000e+00 8.5000000000e+00
1.3926324955e-04 -9.0000000000e+00 -8.5000000000e+00 8.5000000000e+00
1.3793674441e-04 -9.0000000000e+00 -9.0000000000e+00 8.5000000000e+00
1.1016573144e-04 -9.0000000000e+00 -9.5000000000e+00 8.5000000000e+00
6.3824087104e-05 -9.0000000000e+00 -1.0000000000e+01 8.5000000000e+00
4.9567584109e-03 -1.1500000000e+01 -7.5000000000e+00 1.0000000000e+01
4.4440602369e-03 -1.1000000000e+01 -7.5000000000e+00 1.0000000000e+01
4.2119564237e-03 -1.2000000000e+01 -7.5000000000e+00 1.0000000000e+01
3.0366042860e-03 -1.0500000000e+01 -7.5000000000e+00 1.0000000000e+01
2.7354212071e-03 -1.2500000000e+01 -7.5000000000e+00 1.0000000000e+01
1.5694048314e-03 -1.0000000000e+01 -7.5000000000e+00 1.0000000000e+01
1.3519677148e-03 -1.3000000000e+01 -7.5000000000e+00 1.0000000000e+01
6.0809498041e-04 -9.5000000000e+00 -7.5000000000e+00 1.0000000000e+01
5.0594803860e-04 -1.3500000000e+01 -7.5000000000e+00 1.0000000000e+01
1.7481732762e-04 -9.0000000000e+00 -7.5000000000e+00 1.0000000000e+01
2.7158092286e-04 -9.0000000000e+00 -8.0000000000e+00 1.0000000000e+01
3.1804786910e-04 -9.0000000000e+00 -8.5000000000e+00 1.0000000000e+01
3.1755449089e-04 -9.0000000000e+00 -9.0000000000e+00 1.0000000000e+01
2.5576174205e-04 -9.0000000000e+00 -9.5000000000e+00 1.0000000000e+01
1.5000844221e-04 -9.0000000000e+00 -1.0000000000e+01 1.0000000000e+01
6.7914874308e-05 -9.0000000000e+00 -1.0500000000e+01 1.0000000000e+01
2.8446693106e-03 -1.1500000000e+01 -7.5000000000e+00 9.0000000000e+00
2.6670235506e-03 -1.1000000000e+01 -7.5000000000e+00 9.0000000000e+00
2.2927245762e-03 -1.2000000000e+01 -7.5000000000e+00 9.0000000000e+00
1.9205760982e-03 -1.0500000000e+01 -7.5000000000e+00 9.0000000000e+00
1.4120914502e-03 -1.2500000000e+01 -7.5000000000e+00 9.0000000000e+00
1.0415842641e-03 -1.0000000000e+01 -7.5000000000e+00 9.0000000000e+00
6.6304882807e-04 -1.3000000000e+01 -7.5000000000e+00 9.0000000000e+00
4.2323846446e-04 -9.5000000000e+00 -7.5000000000e+00 9.0000000000e+00
2.3312246408e-04 -1.3500000000e+01 -7.5000000000e+00 9.0000000000e+00
1.3702835188e-04 -1.4000000000e+01 -7.5000000000e+00 1.0000000000e+01
1.2755957685e-04 -9.0000000000e+00 -7.5000000000e+00 9.0000000000e+00
2.0136937344e-04 -9.0000000000e+00 -8.0000000000e+00 9.0000000000e+00
2.3667827517e-04 -9.0000000000e+00 -8.5000000000e+00 9.0000000000e+00
2.3525824664e-04 -9.0000000000e+00 -9.0000000000e+00 9.0000000000e+00
1.8889340098e-04 -9.0000000000e+00 -9.5000000000e+00 9.0000000000e+00
1.1003894146e-04 -9.0000000000e+00 -1.0000000000e+01 9.0000000000e+00
4.8888040163e-05 -9.0000000000e+00 -1.0500000000e+01 9.0000000000e+00
4.3333042168e-03 -1.1500000000e+01 -7.5000000000e+00 9.5000000000e+00
3.9793667701e-03 -1.1000000000e+01 -7.5000000000e+00 9.5000000000e+00
3.5797863932e-03 -1.2000000000e+01 -7.5000000000e+00 9.5000000000e+00
2.7898391633e-03 -1.0500000000e+01 -7.5000000000e+00 9.5000000000e+00
2.2592080616e-03 -1.2500000000e+01 -7.5000000000e+00 9.5000000000e+00
1.4756942573e-03 -1.0000000000e+01 -7.5000000000e+00 9.5000000000e+00
1.0838141240e-03 -1.3000000000e+01 -7.5000000000e+00 9.5000000000e+00
5.8414537111e-04 -9.5000000000e+00 -7.5000000000e+00 9.5000000000e+00
3.9305413023e-04 -1.3500000000e+01 -7.5000000000e+00 9.5000000000e+00
1.7141495391e-04 -9.0000000000e+00 -7.5000000000e+00 9.5000000000e+00
2.6966001964e-04 -9.0000000000e+00 -8.0000000000e+00 9.5000000000e+00
3.1825159216e-04 -9.0000000000e+00 -8.5000000000e+00 9.5000000000e+00
3.1825135072e-04 -9.0000000000e+00 -9.0000000000e+00 9.5000000000e+00
2.5812753187e-04 -9.0000000000e+00 -9.5000000000e+00 9.5000000000e+00
1.5199860665e-04 -9.0000000000e+00 -1.0000000000e+01 9.5000000000e+00
6.8856765838e-05 -9.0000000000e+00 -1.0500000000e+01 9.5000000000e+00
1.0270820485e-04 -1.4000000000e+01 -7.5000000000e+00 9.5000000000e+00
5.8355771645e-05 -1.4000000000e+01 -7.5000000000e+00 9.0000000000e+00
1.2266326722e-04 -1.1500000000e+01 -1.0000000000e+01 1.2500000000e+01
5.1415215190e-05 -1.1500000000e+01 -1.0500000000e+01 1.2500000000e+01
2.3164093910e-04 -1.1500000000e+01 -9.5000000000e+00 1.2500000000e+01
1.9422503907e-04 -1.1000000000e+01 -9.5000000000e+00 1.2500000000e+01
1.0337183237e-04 -1.1000000000e+01 -1.0000000000e+01 1.2500000000e+01
4.3513506852e-05 -1.1000000000e+01 -1.0500000000e+01 1.2500000000e+01
2.0896103425e-04 -1.2000000000e+01 -9.5000000000e+00 1.2500000000e+01
1.0948870024e-04 -1.2000000000e+01 -1.0000000000e+01 1.2500000000e+01
4.5364618089e-05 -1.2000000000e+01 -1.0500000000e+01 1.2500000000e+01
1.4337653190e-04 -1.2500000000e+01 -9.5000000000e+00 1.2500000000e+01
3.5187065887e-04 -1.1500000000e+01 -9.0000000000e+00 1.2500000000e+01
2.9110744654e-04 -1.1000000000e+01 -9.0000000000e+00 1.2500000000e+01
3.2462620736e-04 -1.2000000000e+01 -9.0000000000e+00 1.2500000000e+01
1.7997777997e-04 -1.0500000000e+01 -9.0000000000e+00 1.2500000000e+01
1.2235296361e-04 -1.0500000000e+01 -9.5000000000e+00 1.2500000000e+01
6.6056512652e-05 -1.0500000000e+01 -1.0000000000e+01 1.2500000000e+01
2.2600193874e-04 -1.2500000000e+01 -9.0000000000e+00 1.2500000000e+01
7.5287377281e-05 -1.2500000000e+01 -1.0000000000e+01 1.2500000000e+01
1.2015245474e-04 -1.3000000000e+01 -9.0000000000e+00 1.2500000000e+01
7.5898524555e-05 -1.3000000000e+01 -9.5000000000e+00 1.2500000000e+01
3.9447997045e-04 -1.1500000000e+01 -8.5000000000e+00 1.2500000000e+01
3.2103747659e-04 -1.1000000000e+01 -8.5000000000e+00 1.2500000000e+01
3.7367354311e-04 -1.2000000000e+01 -8.5000000000e+00 1.2500000000e+01
1.9495491891e-04 -1.0500000000e+01 -8.5000000000e+00 1.2500000000e+01
2.6714433658e-04 -1.2500000000e+01 -8.5000000000e+00 1.2500000000e+01
8.9205801743e-05 -1.0000000000e+01 -8.5000000000e+00 1.2500000000e+01
8.3865461440e-05 -1.0000000000e+01 -9.0000000000e+00 1.2500000000e+01
5.8303293183e-05 -1.0000000000e+01 -9.5000000000e+00 1.2500000000e+01
1.4734925391e-04 -1.3000000000e+01 -8.5000000000e+00 1.2500000000e+01
4.1214602119e-05 -1.3000000000e+01 -1.0000000000e+01 1.2500000000e+01
6.3757074913e-05 -1.3500000000e+01 -8.5000000000e+00 1.2500000000e+01
5.3023001547e-05 -1.3500000000e+01 -9.0000000000e+00 1.2500000000e+01
3.7508695804e-04 -1.1500000000e+01 -8.0000000000e+00 1.2500000000e+01
3.0341816257e-04 -1.1000000000e+01 -8.0000000000e+00 1.2500000000e+01
3.5989678601e-04 -1.2000000000e+01 -8.0000000000e+00 1.2500000000e+01
1.8283318076e-04 -1.0500000000e+01 -8.0000000000e+00 1.2500000000e+01
2.5930492419e-04 -1.2500000000e+01 -8.0000000000e+00 1.2500000000e+01
8.3121810009e-05 -1.0000000000e+01 -8.0000000000e+00 1.2500000000e+01
1.4456508622e-04 -1.3000000000e+01 -8.0000000000e+00 1.2500000000e+01
6.3262040464e-05 -1.3500000000e+01 -8.0000000000e+00 1.2500000000e+01
2.8840763787e-04 -1.1500000000e+01 -7.5000000000e+00 1.2500000000e+01
2.2923918150e-04 -1.1000000000e+01 -7.5000000000e+00 1.2500000000e+01
2.8535974395e-04 -1.2000000000e+01 -7.5000000000e+00 1.2500000000e+01
1.3506832066e-04 -1.0500000000e+01 -7.5000000000e+00 1.2500000000e+01
2.1112623840e-04 -1.2500000000e+01 -7.5000000000e+00 1.2500000000e+01
6.0139752774e-05 -1.0000000000e+01 -7.5000000000e+00 1.2500000000e+01
1.2042803906e-04 -1.3000000000e+01 -7.5000000000e+00 1.2500000000e+01
5.3708133411e-05 -1.3500000000e+01 -7.5000000000e+00 1.2500000000e+01
1.7121894176e-04 -1.1500000000e+01 -7.0000000000e+00 1.2500000000e+01
1.3299926924e-04 -1.1000000000e+01 -7.0000000000e+00 1.2500000000e+01
1.7433305151e-04 -1.2000000000e+01 -7.0000000000e+00 1.2500000000e+01
7.7831646809e-05 -1.0500000000e+01 -7.0000000000e+00 1.2500000000e+01
1.3291774990e-04 -1.2500000000e+01 -7.0000000000e+00 1.2500000000e+01
7.9591870367e-05 -1.3000000000e+01 -7.0000000000e+00 1.2500000000e+01
4.9016505824e-04 -1.1500000000e+01 -7.0000000000e+00 1.2000000000e+01
3.9160657273e-04 -1.1000000000e+01 -7.0000000000e+00 1.2000000000e+01
4.8254998562e-04 -1.2000000000e+01 -7.0000000000e+00 1.2000000000e+01
2.3338164525e-04 -1.0500000000e+01 -7.0000000000e+00 1.2000000000e+01
3.5551010825e-04 -1.2500000000e+01 -7.0000000000e+00 1.2000000000e+01
1.0542185347e-04 -1.0000000000e+01 -7.0000000000e+00 1.2000000000e+01
2.0119594776e-04 -1.3000000000e+01 -7.0000000000e+00 1.2000000000e+01
8.7764503648e-05 -1.3500000000e+01 -7.0000000000e+00 1.2000000000e+01
1.0827869524e-03 -1.1500000000e+01 -7.0000000000e+00 1.1500000000e+01
8.8878046750e-04 -1.1000000000e+01 -7.0000000000e+00 1.1500000000e+01
1.0283553025e-03 -1.2000000000e+01 -7.0000000000e+00 1.1500000000e+01
5.4713849057e-04 -1.0500000000e+01 -7.0000000000e+00 1.1500000000e+01
7.3755085807e-04 -1.2500000000e+01 -7.0000000000e+00 1.1500000000e+01
2.5531184454e-04 -1.0000000000e+01 -7.0000000000e+00 1.1500000000e+01
4.0498322607e-04 -1.3000000000e+01 -7.0000000000e+00 1.1500000000e+01
8.9402385912e-05 -9.5000000000e+00 -7.0000000000e+00 1.1500000000e+01
1.7004747505e-04 -1.3500000000e+01 -7.0000000000e+00 1.1500000000e+01
5.6150585202e-05 -1.4000000000e+01 -7.0000000000e+00 1.1500000000e+01
9.7051923352e-05 -1.1500000000e+01 -7.0000000000e+00 7.5000000000e+00
9.5662866628e-05 -1.1000000000e+01 -7.0000000000e+00 7.5000000000e+00
7.4424635436e-05 -1.2000000000e+01 -7.0000000000e+00 7.5000000000e+00
7.3653306796e-05 -1.0500000000e+01 -7.0000000000e+00 7.5000000000e+00
4.8305291037e-05 -1.2500000000e+01 -7.0000000000e+00 7.5000000000e+00
4.5654397017e-05 -1.0000000000e+01 -7.0000000000e+00 7.5000000000e+00
1.8685464114e-03 -1.1500000000e+01 -7.0000000000e+00 1.1000000000e+01
1.5730563957e-03 -1.1000000000e+01 -7.0000000000e+00 1.1000000000e+01
1.7159202837e-03 -1.2000000000e+01 -7.0000000000e+00 1.1000000000e+01
9.9921784585e-04 -1.0500000000e+01 -7.0000000000e+00 1.1000000000e+01
1.1984497761e-03 -1.2500000000e+01 -7.0000000000e+00 1.1000000000e+01
4.8093855836e-04 -1.0000000000e+01 -7.0000000000e+00 1.1000000000e+01
6.4005759491e-04 -1.3000000000e+01 -7.0000000000e+00 1.1000000000e+01
1.7344087862e-04 -9.5000000000e+00 -7.0000000000e+00 1.1000000000e+01
2.5947194842e-04 -1.3500000000e+01 -7.0000000000e+00 1.1000000000e+01
4.7327739215e-05 -9.0000000000e+00 -7.0000000000e+00 1.1000000000e+01
8.0066493930e-05 -1.4000000000e+01 -7.0000000000e+00 1.1000000000e+01
3.0737523960e-04 -1.1500000000e+01 -7.0000000000e+00 8.0000000000e+00
2.9585022508e-04 -1.1000000000e+01 -7.0000000000e+00 8.0000000000e+00
2.4032004534e-04 -1.2000000000e+01 -7.0000000000e+00 8.0000000000e+00
2.2184388743e-04 -1.0500000000e+01 -7.0000000000e+00 8.0000000000e+00
1.4556637891e-04 -1.2500000000e+01 -7.0000000000e+00 8.0000000000e+00
1.2567460241e-04 -1.0000000000e+01 -7.0000000000e+00 8.0000000000e+00
6.8492789699e-05 -1.3000000000e+01 -7.0000000000e+00 8.0000000000e+00
5.3835836582e-05 -9.5000000000e+00 -7.0000000000e+00 8.0000000000e+00
4.0150588088e-05 -1.3500000000e+01 -7.0000000000e+00 8.0000000000e+00
2.5155207919e-03 -1.1500000000e+01 -7.0000000000e+00 1.0500000000e+01
2.1779122843e-03 -1.1000000000e+01 -7.0000000000e+00 1.0500000000e+01
2.2286313490e-03 -1.2000000000e+01 -7.0000000000e+00 1.0500000000e+01
1.4291146023e-03 -1.0500000000e+01 -7.0000000000e+00 1.0500000000e+01
1.5077706067e-03 -1.2500000000e+01 -7.0000000000e+00 1.0500000000e+01
7.0962307221e-04 -1.0000000000e+01 -7.0000000000e+00 1.0500000000e+01
7.7849187652e-04 -1.3000000000e+01 -7.0000000000e+00 1.0500000000e+01
2.6395811109e-04 -9.5000000000e+00 -7.0000000000e+00 1.0500000000e+01
3.0502040709e-04 -1.3500000000e+01 -7.0000000000e+00 1.0500000000e+01
7.3012293586e-05 -9.0000000000e+00 -7.0000000000e+00 1.0500000000e+01
9.1543209026e-05 -1.4000000000e+01 -7.0000000000e+00 1.0500000000e+01
4.8289130388e-05 -8.5000000000e+00 -8.0000000000e+00 1.0500000000e+01
5.7534607024e-05 -8.5000000000e+00 -8.5000000000e+00 1.0500000000e+01
5.7352644025e-05 -8.5000000000e+00 -9.0000000000e+00 1.0500000000e+01
4.4960545958e-05 -8.5000000000e+00 -9.5000000000e+00 1.0500000000e+01
7.6663288684e-04 -1.1500000000e+01 -7.0000000000e+00 8.5000000000e+00
7.2307624686e-04 -1.1000000000e+01 -7.0000000000e+00 8.5000000000e+00
6.1421238676e-04 -1.2000000000e+01 -7.0000000000e+00 8.5000000000e+00
5.2703424672e-04 -1.0500000000e+01 -7.0000000000e+00 8.5000000000e+00
3.7707363586e-04 -1.2500000000e+01 -7.0000000000e+00 8.5000000000e+00
2.8951147592e-04 -1.0000000000e+01 -7.0000000000e+00 8.5000000000e+00
1.7764202488e-04 -1.3000000000e+01 -7.0000000000e+00 8.5000000000e+00
1.2024163624e-04 -9.5000000000e+00 -7.0000000000e+00 8.5000000000e+00
6.7639428554e-05 -1.3500000000e+01 -7.0000000000e+00 8.5000000000e+00
2.6524749437e-03 -1.1500000000e+01 -7.0000000000e+00 1.0000000000e+01
2.3443328600e-03 -1.1000000000e+01 -7.0000000000e+00 1.0000000000e+01
2.2987840779e-03 -1.2000000000e+01 -7.0000000000e+00 1.0000000000e+01
1.5785061096e-03 -1.0500000000e+01 -7.0000000000e+00 1.0000000000e+01
1.5256527709e-03 -1.2500000000e+01 -7.0000000000e+00 1.0000000000e+01
8.0616269043e-04 -1.0000000000e+01 -7.0000000000e+00 1.0000000000e+01
7.7314792832e-04 -1.3000000000e+01 -7.0000000000e+00 1.0000000000e+01
3.0893855775e-04 -9.5000000000e+00 -7.0000000000e+00 1.0000000000e+01
2.9741102184e-04 -1.3500000000e+01 -7.0000000000e+00 1.0000000000e+01
8.7940955054e-05 -9.0000000000e+00 -7.0000000000e+00 1.0000000000e+01
8.7456597960e-05 -1.4000000000e+01 -7.0000000000e+00 1.0000000000e+01
6.0581016597e-05 -8.5000000000e+00 -8.0000000000e+00 1.0000000000e+01
7.1857195462e-05 -8.5000000000e+00 -8.5000000000e+00 1.0000000000e+01
7.1207918201e-05 -8.5000000000e+00 -9.0000000000e+00 1.0000000000e+01
5.5362955053e-05 -8.5000000000e+00 -9.5000000000e+00 1.0000000000e+01
1.4856028851e-03 -1.1500000000e+01 -7.0000000000e+00 9.0000000000e+00
1.3737504621e-03 -1.1000000000e+01 -7.0000000000e+00 9.0000000000e+00
1.2200374479e-03 -1.2000000000e+01 -7.0000000000e+00 9.0000000000e+00
9.7515502029e-04 -1.0500000000e+01 -7.0000000000e+00 9.0000000000e+00
7.6744223377e-04 -1.2500000000e+01 -7.0000000000e+00 9.0000000000e+00
5.2333345990e-04 -1.0000000000e+01 -7.0000000000e+00 9.0000000000e+00
3.6831458006e-04 -1.3000000000e+01 -7.0000000000e+00 9.0000000000e+00
2.1130580182e-04 -9.5000000000e+00 -7.0000000000e+00 9.0000000000e+00
1.3559351292e-04 -1.3500000000e+01 -7.0000000000e+00 9.0000000000e+00
6.4117405925e-05 -9.0000000000e+00 -7.0000000000e+00 9.0000000000e+00
4.1564336569e-05 -1.4000000000e+01 -7.0000000000e+00 9.0000000000e+00
4.7065764921e-05 -8.5000000000e+00 -8.0000000000e+00 9.0000000000e+00
5.6050914707e-05 -8.5000000000e+00 -8.5000000000e+00 9.0000000000e+00
5.5256930845e-05 -8.5000000000e+00 -9.0000000000e+00 9.0000000000e+00
4.2687479556e-05 -8.5000000000e+00 -9.5000000000e+00 9.0000000000e+00
2.2751423652e-03 -1.1500000000e+01 -7.0000000000e+00 9.5000000000e+00
2.0585557554e-03 -1.1000000000e+01 -7.0000000000e+00 9.5000000000e+00
1.9161296109e-03 -1.2000000000e+01 -7.0000000000e+00 9.5000000000e+00
1.4239320005e-03 -1.0500000000e+01 -7.0000000000e+00 9.5000000000e+00
1.2358423176e-03 -1.2500000000e+01 -7.0000000000e+00 9.5000000000e+00
7.4485388948e-04 -1.0000000000e+01 -7.0000000000e+00 9.5000000000e+00
6.0785715081e-04 -1.3000000000e+01 -7.0000000000e+00 9.5000000000e+00
2.9231380192e-04 -9.5000000000e+00 -7.0000000000e+00 9.5000000000e+00
2.2711767041e-04 -1.3500000000e+01 -7.0000000000e+00 9.5000000000e+00
8.5265855483e-05 -9.0000000000e+00 -7.0000000000e+00 9.5000000000e+00
6.5727476067e-05 -1.4000000000e+01 -7.0000000000e+00 9.5000000000e+00
6.1203695792e-05 -8.5000000000e+00 -8.0000000000e+00 9.5000000000e+00
7.3125351885e-05 -8.5000000000e+00 -8.5000000000e+00 9.5000000000e+00
7.2516421454e-05 -8.5000000000e+00 -9.0000000000e+00 9.5000000000e+00
5.6627182597e-05 -8.5000000000e+00 -9.5000000000e+00 9.5000000000e+00
5.0471636758e-05 -1.2000000000e+01 -8.5000000000e+00 1.3000000000e+01
5.7347058666e-05 -1.2000000000e+01 -8.0000000000e+00 1.3000000000e+01
4.4346996928e-05 -1.2500000000e+01 -8.0000000000e+00 1.3000000000e+01
5.4331899651e-05 -1.2000000000e+01 -7.5000000000e+00 1.3000000000e+01
8.3688591863e-05 -1.2000000000e+01 -6.5000000000e+00 1.2500000000e+01
4.4355560446e-05 -1.3000000000e+01 -6.5000000000e+00 1.2500000000e+01
6.6841709060e-05 -1.2500000000e+01 -6.5000000000e+00 1.2500000000e+01
6.0264256544e-05 -1.1000000000e+01 -6.5000000000e+00 1.2500000000e+01
7.9777866503e-05 -1.1500000000e+01 -6.5000000000e+00 1.2500000000e+01
4.2202650193e-05 -1.2500000000e+01 -7.5000000000e+00 1.3000000000e+01
2.1550522681e-04 -1.2000000000e+01 -6.5000000000e+00 1.2000000000e+01
1.6435161590e-04 -1.2500000000e+01 -6.5000000000e+00 1.2000000000e+01
9.7545020840e-05 -1.3000000000e+01 -6.5000000000e+00 1.2000000000e+01
4.6411199103e-05 -1.3500000000e+01 -6.5000000000e+00 1.2000000000e+01
4.6322894055e-05 -1.0000000000e+01 -6.5000000000e+00 1.2000000000e+01
9.7840204796e-05 -1.0500000000e+01 -6.5000000000e+00 1.2000000000e+01
1.6700429839e-04 -1.1000000000e+01 -6.5000000000e+00 1.2000000000e+01
2.1261872687e-04 -1.1500000000e+01 -6.5000000000e+00 1.2000000000e+01
5.0811210761e-05 -1.1500000000e+01 -7.5000000000e+00 1.3000000000e+01
4.4759779862e-04 -1.2000000000e+01 -6.5000000000e+00 1.1500000000e+01
3.2895695318e-04 -1.2500000000e+01 -6.5000000000e+00 1.1500000000e+01
8.3689480264e-05 -1.3500000000e+01 -6.5000000000e+00 1.1500000000e+01
1.0322617828e-04 -1.0000000000e+01 -6.5000000000e+00 1.1500000000e+01
1.8741163859e-04 -1.3000000000e+01 -6.5000000000e+00 1.1500000000e+01
2.2325036573e-04 -1.0500000000e+01 -6.5000000000e+00 1.1500000000e+01
3.6911479972e-04 -1.1000000000e+01 -6.5000000000e+00 1.1500000000e+01
4.5727262366e-04 -1.1500000000e+01 -6.5000000000e+00 1.1500000000e+01
5.4374142242e-05 -1.1500000000e+01 -8.0000000000e+00 1.3000000000e+01
7.2983560023e-04 -1.2000000000e+01 -6.5000000000e+00 1.1000000000e+01
5.2165731642e-04 -1.2500000000e+01 -6.5000000000e+00 1.1000000000e+01
2.8778640599e-04 -1.3000000000e+01 -6.5000000000e+00 1.1000000000e+01
1.2589311156e-04 -1.3500000000e+01 -6.5000000000e+00 1.1000000000e+01
5.3682063275e-05 -1.4000000000e+01 -6.5000000000e+00 1.1000000000e+01
6.9289775955e-05 -9.5000000000e+00 -6.5000000000e+00 1.1000000000e+01
1.9049564854e-04 -1.0000000000e+01 -6.5000000000e+00 1.1000000000e+01
9.4381860664e-05 -1.2000000000e+01 -6.5000000000e+00 8.0000000000e+00
1.1744252618e-04 -1.1500000000e+01 -6.5000000000e+00 8.0000000000e+00
6.0361702803e-05 -1.2500000000e+01 -6.5000000000e+00 8.0000000000e+00
4.6067198092e-05 -1.0000000000e+01 -6.5000000000e+00 8.0000000000e+00
8.1969014901e-05 -1.0500000000e+01 -6.5000000000e+00 8.0000000000e+00
1.1141136841e-04 -1.1000000000e+01 -6.5000000000e+00 8.0000000000e+00
4.0095027743e-04 -1.0500000000e+01 -6.5000000000e+00 1.1000000000e+01
6.4090963157e-04 -1.1000000000e+01 -6.5000000000e+00 1.1000000000e+01
7.7423188980e-04 -1.1500000000e+01 -6.5000000000e+00 1.1000000000e+01
9.3160787933e-04 -1.2000000000e+01 -6.5000000000e+00 1.0500000000e+01
1.0272909814e-03 -1.1500000000e+01 -6.5000000000e+00 1.0500000000e+01
6.4484011050e-04 -1.2500000000e+01 -6.5000000000e+00 1.0500000000e+01
3.4393060931e-04 -1.3000000000e+01 -6.5000000000e+00 1.0500000000e+01
1.4615379850e-04 -1.3500000000e+01 -6.5000000000e+00 1.0500000000e+01
5.9944157966e-05 -1.4000000000e+01 -6.5000000000e+00 1.0500000000e+01
1.0277547361e-04 -9.5000000000e+00 -6.5000000000e+00 1.0500000000e+01
2.7702119064e-04 -1.0000000000e+01 -6.5000000000e+00 1.0500000000e+01
2.3893541192e-04 -1.2000000000e+01 -6.5000000000e+00 8.5000000000e+00
2.9179532558e-04 -1.1500000000e+01 -6.5000000000e+00 8.5000000000e+00
1.5197866816e-04 -1.2500000000e+01 -6.5000000000e+00 8.5000000000e+00
7.5093963389e-05 -1.3000000000e+01 -6.5000000000e+00 8.5000000000e+00
4.4094253052e-05 -9.5000000000e+00 -6.5000000000e+00 8.5000000000e+00
1.0682705172e-04 -1.0000000000e+01 -6.5000000000e+00 8.5000000000e+00
9.4558033096e-04 -1.2000000000e+01 -6.5000000000e+00 1.0000000000e+01
1.0692233594e-03 -1.1500000000e+01 -6.5000000000e+00 1.0000000000e+01
6.4078995895e-04 -1.2500000000e+01 -6.5000000000e+00 1.0000000000e+01
3.3500282084e-04 -1.3000000000e+01 -6.5000000000e+00 1.0000000000e+01
1.3913112983e-04 -1.3500000000e+01 -6.5000000000e+00 1.0000000000e+01
5.4676466982e-05 -1.4000000000e+01 -6.5000000000e+00 1.0000000000e+01
1.1942965105e-04 -9.5000000000e+00 -6.5000000000e+00 1.0000000000e+01
3.1096974702e-04 -1.0000000000e+01 -6.5000000000e+00 1.0000000000e+01
6.1713006311e-04 -1.0500000000e+01 -6.5000000000e+00 1.0000000000e+01
9.3062345667e-04 -1.1000000000e+01 -6.5000000000e+00 1.0000000000e+01
1.9481892008e-04 -1.0500000000e+01 -6.5000000000e+00 8.5000000000e+00
4.8073567605e-04 -1.2000000000e+01 -6.5000000000e+00 9.0000000000e+00
3.1093565669e-04 -1.2500000000e+01 -6.5000000000e+00 9.0000000000e+00
1.5526727930e-04 -1.3000000000e+01 -6.5000000000e+00 9.0000000000e+00
6.4581263085e-05 -1.3500000000e+01 -6.5000000000e+00 9.0000000000e+00
7.8768925517e-05 -9.5000000000e+00 -6.5000000000e+00 9.0000000000e+00
1.9527611753e-04 -1.0000000000e+01 -6.5000000000e+00 9.0000000000e+00
3.6570723926e-04 -1.0500000000e+01 -6.5000000000e+00 9.0000000000e+00
7.6745125699e-04 -1.2000000000e+01 -6.5000000000e+00 9.5000000000e+00
5.0608625886e-04 -1.2500000000e+01 -6.5000000000e+00 9.5000000000e+00
2.5761206374e-04 -1.3000000000e+01 -6.5000000000e+00 9.5000000000e+00
1.0403381914e-04 -1.3500000000e+01 -6.5000000000e+00 9.5000000000e+00
6.9135931945e-05 -1.1500000000e+01 -6.0000000000e+00 1.2000000000e+01
5.1312510887e-05 -1.1000000000e+01 -6.0000000000e+00 1.2000000000e+01
5.6761454368e-05 -1.2500000000e+01 -6.0000000000e+00 1.2000000000e+01
7.3011572444e-05 -1.2000000000e+01 -6.0000000000e+00 1.2000000000e+01
6.5599751700e-05 -1.3000000000e+01 -6.0000000000e+00 1.1500000000e+01
6.3277906415e-05 -1.0500000000e+01 -6.0000000000e+00 1.1500000000e+01
1.0811432861e-04 -1.2500000000e+01 -6.0000000000e+00 1.1500000000e+01
1.0638785954e-04 -1.1000000000e+01 -6.0000000000e+00 1.1500000000e+01
1.4124924148e-04 -1.2000000000e+01 -6.0000000000e+00 1.1500000000e+01
1.3800855842e-04 -1.1500000000e+01 -6.0000000000e+00 1.1500000000e+01
2.2111924769e-04 -1.2000000000e+01 -6.0000000000e+00 1.1000000000e+01
2.2297397062e-04 -1.1500000000e+01 -6.0000000000e+00 1.1000000000e+01
9.6729323691e-05 -1.3000000000e+01 -6.0000000000e+00 1.1000000000e+01
1.0563346252e-04 -1.0500000000e+01 -6.0000000000e+00 1.1000000000e+01
4.3567410987e-05 -1.3500000000e+01 -6.0000000000e+00 1.1000000000e+01
4.8939363998e-05 -1.0000000000e+01 -6.0000000000e+00 1.1000000000e+01
1.6463105933e-04 -1.2500000000e+01 -6.0000000000e+00 1.1000000000e+01
4.7476276622e-05 -1.3500000000e+01 -6.0000000000e+00 1.0500000000e+01
6.8577593441e-05 -1.0000000000e+01 -6.0000000000e+00 1.0500000000e+01
5.4116048151e-05 -1.1000000000e+01 -6.0000000000e+00 8.5000000000e+00
5.0858322193e-05 -1.2000000000e+01 -6.0000000000e+00 8.5000000000e+00
6.0133220304e-05 -1.1500000000e+01 -6.0000000000e+00 8.5000000000e+00
1.1133439729e-04 -1.3000000000e+01 -6.0000000000e+00 1.0500000000e+01
1.4312330012e-04 -1.0500000000e+01 -6.0000000000e+00 1.0500000000e+01
1.0165890503e-04 -1.3000000000e+01 -6.0000000000e+00 1.0000000000e+01
1.4906332499e-04 -1.0500000000e+01 -6.0000000000e+00 1.0000000000e+01
4.1585211014e-05 -1.3500000000e+01 -6.0000000000e+00 1.0000000000e+01
7.5543605513e-05 -1.2500000000e+01 -6.0000000000e+00 9.0000000000e+00
1.1479724409e-04 -1.1000000000e+01 -6.0000000000e+00 9.0000000000e+00
7.7735183006e-05 -1.0500000000e+01 -6.0000000000e+00 9.0000000000e+00
2.1219057949e-04 -1.1500000000e+01 -6.0000000000e+00 9.5000000000e+00
1.8314576252e-04 -1.1000000000e+01 -6.0000000000e+00 9.5000000000e+00
6.1374314855e-05 -1.0000000000e+01 -6.0000000000e+00 9.5000000000e+00
7.7169455941e-05 -1.3000000000e+01 -6.0000000000e+00 9.5000000000e+00
1.2077335488e-04 -1.0500000000e+01 -6.0000000000e+00 9.5000000000e+00
1.3685255610e-04 -1.2500000000e+01 -6.0000000000e+00 9.5000000000e+00
1.9112193877e-04 -1.2000000000e+01 -6.0000000000e+00 9.5000000000e+00
1.1343790751e-04 -1.2000000000e+01 -6.0000000000e+00 9.0000000000e+00
1.3017713714e-04 -1.1500000000e+01 -6.0000000000e+00 9.0000000000e+00
7.5362575227e-05 -1.0000000000e+01 -6.0000000000e+00 1.0000000000e+01
1.8164550703e-04 -1.2500000000e+01 -6.0000000000e+00 1.0000000000e+01
2.3289330488e-04 -1.1000000000e+01 -6.0000000000e+00 1.0000000000e+01
2.5651243384e-04 -1.2000000000e+01 -6.0000000000e+00 1.0000000000e+01
2.7651855241e-04 -1.1500000000e+01 -6.0000000000e+00 1.0000000000e+01
1.9410396509e-04 -1.2500000000e+01 -6.0000000000e+00 1.0500000000e+01
2.3023175197e-04 -1.1000000000e+01 -6.0000000000e+00 1.0500000000e+01
2.6774324945e-04 -1.2000000000e+01 -6.0000000000e+00 1.0500000000e+01
2.7952313213e-04 -1.1500000000e+01 -6.0000000000e+00 1.0500000000e+01
1.7820805346e-04 -1.1000000000e+01 -6.0000000000e+00 1.1000000000e+01
1.1074886367e-04 -9.5000000000e+00 -6.5000000000e+00 9.5000000000e+00
2.8202010567e-04 -1.0000000000e+01 -6.5000000000e+00 9.5000000000e+00
5.4208642961e-04 -1.0500000000e+01 -6.5000000000e+00 9.5000000000e+00
7.9574220353e-04 -1.1000000000e+01 -6.5000000000e+00 9.5000000000e+00
8.9264633319e-04 -1.1500000000e+01 -6.5000000000e+00 9.5000000000e+00
5.2299043184e-04 -1.1000000000e+01 -6.5000000000e+00 9.0000000000e+00
5.7361691043e-04 -1.1500000000e+01 -6.5000000000e+00 9.0000000000e+00
2.7167297300e-04 -1.1000000000e+01 -6.5000000000e+00 8.5000000000e+00
5.6383095703e-04 -1.0500000000e+01 -6.5000000000e+00 1.0500000000e+01
8.7452591914e-04 -1.1000000000e+01 -6.5000000000e+00 1.0500000000e+01
4.8640790352e-05 -1.1500000000e+01 -8.5000000000e+00 1.3000000000e+01
