inf
4.2631416157e-03 -1.1500000000e+01 -1.0000000000e+01 9.5000000000e+00
2.8400245950e-03 -1.1500000000e+01 -1.0000000000e+01 9.0000000000e+00
1.4008182886e-03 -1.1500000000e+01 -1.0500000000e+01 9.0000000000e+00
2.1599437504e-03 -1.1500000000e+01 -1.0500000000e+01 9.5000000000e+00
2.2079855431e-03 -1.2000000000e+01 -1.0000000000e+01 9.0000000000e+00
4.4077776317e-03 -1.1500000000e+01 -1.0000000000e+01 1.0000000000e+01
2.2386904025e-03 -1.1500000000e+01 -1.0500000000e+01 1.0000000000e+01
3.4110838310e-03 -1.2000000000e+01 -1.0000000000e+01 9.5000000000e+00
6.7510716812e-03 -1.1500000000e+01 -9.5000000000e+00 1.0000000000e+01
6.2129002164e-03 -1.1000000000e+01 -9.5000000000e+00 1.0000000000e+01
4.1206234333e-03 -1.1000000000e+01 -1.0000000000e+01 1.0000000000e+01
2.1195379864e-03 -1.1000000000e+01 -1.0500000000e+01 1.0000000000e+01
4.4013361080e-03 -1.1500000000e+01 -9.5000000000e+00 9.0000000000e+00
5.5959012138e-03 -1.2000000000e+01 -9.5000000000e+00 1.0000000000e+01
4.2024425368e-03 -1.1000000000e+01 -9.5000000000e+00 9.0000000000e+00
2.7639080657e-03 -1.1000000000e+01 -1.0000000000e+01 9.0000000000e+00
1.3893275378e-03 -1.1000000000e+01 -1.0500000000e+01 9.0000000000e+00
6.4828069895e-03 -1.1500000000e+01 -9.5000000000e+00 9.5000000000e+00
6.0492415871e-03 -1.1000000000e+01 -9.5000000000e+00 9.5000000000e+00
4.0394624010e-03 -1.1000000000e+01 -1.0000000000e+01 9.5000000000e+00
2.0765062775e-03 -1.1000000000e+01 -1.0500000000e+01 9.5000000000e+00
1.5369704217e-03 -1.1500000000e+01 -1.0000000000e+01 8.5000000000e+00
7.4435404488e-04 -1.1500000000e+01 -1.0500000000e+01 8.5000000000e+00
5.2762545206e-03 -1.2000000000e+01 -9.5000000000e+00 9.5000000000e+00
3.4946872913e-03 -1.2000000000e+01 -9.5000000000e+00 9.0000000000e+00
3.5889066941e-03 -1.2000000000e+01 -1.0000000000e+01 1.0000000000e+01
1.8007308813e-03 -1.2000000000e+01 -1.0500000000e+01 1.0000000000e+01
1.7023793595e-03 -1.2000000000e+01 -1.0500000000e+01 9.5000000000e+00
1.0689194060e-03 -1.2000000000e+01 -1.0500000000e+01 9.0000000000e+00
2.4087355799e-03 -1.1500000000e+01 -9.5000000000e+00 8.5000000000e+00
2.3442938014e-03 -1.1000000000e+01 -9.5000000000e+00 8.5000000000e+00
1.5282156621e-03 -1.1000000000e+01 -1.0000000000e+01 8.5000000000e+00
7.5672825584e-04 -1.1000000000e+01 -1.0500000000e+01 8.5000000000e+00
2.7315158289e-04 -1.1500000000e+01 -1.1000000000e+01 8.5000000000e+00
1.8709934743e-03 -1.2000000000e+01 -9.5000000000e+00 8.5000000000e+00
1.1663733905e-03 -1.2000000000e+01 -1.0000000000e+01 8.5000000000e+00
5.5269143458e-04 -1.2000000000e+01 -1.0500000000e+01 8.5000000000e+00
2.8743719680e-04 -1.1000000000e+01 -1.1000000000e+01 8.5000000000e+00
1.9550815883e-04 -1.2000000000e+01 -1.1000000000e+01 8.5000000000e+00
1.1086741572e-03 -1.2500000000e+01 -9.5000000000e+00 8.5000000000e+00
8.7629584007e-04 -1.1500000000e+01 -1.1000000000e+01 1.0000000000e+01
8.4637352887e-04 -1.1000000000e+01 -1.1000000000e+01 1.0000000000e+01
6.9197040817e-04 -1.2000000000e+01 -1.1000000000e+01 1.0000000000e+01
6.7405346673e-04 -1.2500000000e+01 -1.0000000000e+01 8.5000000000e+00
3.1096236968e-04 -1.2500000000e+01 -1.0500000000e+01 8.5000000000e+00
3.5481717910e-03 -1.2500000000e+01 -9.5000000000e+00 1.0000000000e+01
5.2715544425e-04 -1.1500000000e+01 -1.1000000000e+01 9.0000000000e+00
5.3837855748e-04 -1.1000000000e+01 -1.1000000000e+01 9.0000000000e+00
3.9099573820e-04 -1.2000000000e+01 -1.1000000000e+01 9.0000000000e+00
2.2353293628e-03 -1.2500000000e+01 -1.0000000000e+01 1.0000000000e+01
1.1045977043e-03 -1.2500000000e+01 -1.0500000000e+01 1.0000000000e+01
4.1539172931e-04 -1.2500000000e+01 -1.1000000000e+01 1.0000000000e+01
2.1198288161e-03 -1.2500000000e+01 -9.5000000000e+00 9.0000000000e+00
8.4346738504e-04 -1.1500000000e+01 -1.1000000000e+01 9.5000000000e+00
8.2916076765e-04 -1.1000000000e+01 -1.1000000000e+01 9.5000000000e+00
6.5027174250e-04 -1.2000000000e+01 -1.1000000000e+01 9.5000000000e+00
1.3081629204e-03 -1.2500000000e+01 -1.0000000000e+01 9.0000000000e+00
6.1931860851e-04 -1.2500000000e+01 -1.0500000000e+01 9.0000000000e+00
3.2821469023e-03 -1.2500000000e+01 -9.5000000000e+00 9.5000000000e+00
4.0205697832e-03 -1.1500000000e+01 -1.0000000000e+01 1.0500000000e+01
2.0674641556e-03 -1.1500000000e+01 -1.0500000000e+01 1.0500000000e+01
6.1077277184e-03 -1.1500000000e+01 -9.5000000000e+00 1.0500000000e+01
5.5156132300e-03 -1.1000000000e+01 -9.5000000000e+00 1.0500000000e+01
3.6849813063e-03 -1.1000000000e+01 -1.0000000000e+01 1.0500000000e+01
1.9184099322e-03 -1.1000000000e+01 -1.0500000000e+01 1.0500000000e+01
8.2043314378e-04 -1.1500000000e+01 -1.1000000000e+01 1.0500000000e+01
5.1499668575e-03 -1.2000000000e+01 -9.5000000000e+00 1.0500000000e+01
3.3327043016e-03 -1.2000000000e+01 -1.0000000000e+01 1.0500000000e+01
1.6896052641e-03 -1.2000000000e+01 -1.0500000000e+01 1.0500000000e+01
7.7616809967e-04 -1.1000000000e+01 -1.1000000000e+01 1.0500000000e+01
6.5600038096e-04 -1.2000000000e+01 -1.1000000000e+01 1.0500000000e+01
2.0789581871e-03 -1.2500000000e+01 -1.0000000000e+01 9.5000000000e+00
1.0200476389e-03 -1.2500000000e+01 -1.0500000000e+01 9.5000000000e+00
3.3163544278e-03 -1.2500000000e+01 -9.5000000000e+00 1.0500000000e+01
6.7857405864e-03 -1.1500000000e+01 -9.0000000000e+00 1.0500000000e+01
6.0589434967e-03 -1.1000000000e+01 -9.0000000000e+00 1.0500000000e+01
5.8025170411e-03 -1.2000000000e+01 -9.0000000000e+00 1.0500000000e+01
4.1264330142e-03 -1.0500000000e+01 -9.0000000000e+00 1.0500000000e+01
3.7947673036e-03 -1.0500000000e+01 -9.5000000000e+00 1.0500000000e+01
2.5706642631e-03 -1.0500000000e+01 -1.0000000000e+01 1.0500000000e+01
1.3556337274e-03 -1.0500000000e+01 -1.0500000000e+01 1.0500000000e+01
5.5768694010e-04 -1.0500000000e+01 -1.1000000000e+01 1.0500000000e+01
2.7087287208e-03 -1.1500000000e+01 -9.0000000000e+00 8.5000000000e+00
2.6055905668e-03 -1.1000000000e+01 -9.0000000000e+00 8.5000000000e+00
2.1312562648e-03 -1.2000000000e+01 -9.0000000000e+00 8.5000000000e+00
3.7946272854e-03 -1.2500000000e+01 -9.0000000000e+00 1.0500000000e+01
1.9324145867e-03 -1.0500000000e+01 -9.0000000000e+00 8.5000000000e+00
1.7548658651e-03 -1.0500000000e+01 -9.5000000000e+00 8.5000000000e+00
1.1661145780e-03 -1.0500000000e+01 -1.0000000000e+01 8.5000000000e+00
5.8864719791e-04 -1.0500000000e+01 -1.0500000000e+01 8.5000000000e+00
2.2920535349e-04 -1.0500000000e+01 -1.1000000000e+01 8.5000000000e+00
7.5283332324e-03 -1.1500000000e+01 -9.0000000000e+00 1.0000000000e+01
6.8525512073e-03 -1.1000000000e+01 -9.0000000000e+00 1.0000000000e+01
6.3191134972e-03 -1.2000000000e+01 -9.0000000000e+00 1.0000000000e+01
4.7767088754e-03 -1.0500000000e+01 -9.0000000000e+00 1.0000000000e+01
4.3711596331e-03 -1.0500000000e+01 -9.5000000000e+00 1.0000000000e+01
2.9468960428e-03 -1.0500000000e+01 -1.0000000000e+01 1.0000000000e+01
1.5362791835e-03 -1.0500000000e+01 -1.0500000000e+01 1.0000000000e+01
6.2392045473e-04 -1.0500000000e+01 -1.1000000000e+01 1.0000000000e+01
4.9193030318e-03 -1.1500000000e+01 -9.0000000000e+00 9.0000000000e+00
4.6455276447e-03 -1.1000000000e+01 -9.0000000000e+00 9.0000000000e+00
3.9547097340e-03 -1.2000000000e+01 -9.0000000000e+00 9.0000000000e+00
4.0630545633e-03 -1.2500000000e+01 -9.0000000000e+00 1.0000000000e+01
3.3717700343e-03 -1.0500000000e+01 -9.0000000000e+00 9.0000000000e+00
3.0782288978e-03 -1.0500000000e+01 -9.5000000000e+00 9.0000000000e+00
2.0607864525e-03 -1.0500000000e+01 -1.0000000000e+01 9.0000000000e+00
1.0539855123e-03 -1.0500000000e+01 -1.0500000000e+01 9.0000000000e+00
4.1751065737e-04 -1.0500000000e+01 -1.1000000000e+01 9.0000000000e+00
7.1677481127e-03 -1.1500000000e+01 -9.0000000000e+00 9.5000000000e+00
6.6243202650e-03 -1.1000000000e+01 -9.0000000000e+00 9.5000000000e+00
5.9015420128e-03 -1.2000000000e+01 -9.0000000000e+00 9.5000000000e+00
4.6887451156e-03 -1.0500000000e+01 -9.0000000000e+00 9.5000000000e+00
4.3177638763e-03 -1.0500000000e+01 -9.5000000000e+00 9.5000000000e+00
2.9257185691e-03 -1.0500000000e+01 -1.0000000000e+01 9.5000000000e+00
1.5254656156e-03 -1.0500000000e+01 -1.0500000000e+01 9.5000000000e+00
6.1989326017e-04 -1.0500000000e+01 -1.1000000000e+01 9.5000000000e+00
6.3236605735e-04 -1.1500000000e+01 -1.0000000000e+01 8.0000000000e+00
2.9760465999e-04 -1.1500000000e+01 -1.0500000000e+01 8.0000000000e+00
1.0101824722e-03 -1.1500000000e+01 -9.5000000000e+00 8.0000000000e+00
1.0053628072e-03 -1.1000000000e+01 -9.5000000000e+00 8.0000000000e+00
6.4557233151e-04 -1.1000000000e+01 -1.0000000000e+01 8.0000000000e+00
3.1259943529e-04 -1.1000000000e+01 -1.0500000000e+01 8.0000000000e+00
1.0412317012e-04 -1.1500000000e+01 -1.1000000000e+01 8.0000000000e+00
7.6340025949e-04 -1.2000000000e+01 -9.5000000000e+00 8.0000000000e+00
4.6527336614e-04 -1.2000000000e+01 -1.0000000000e+01 8.0000000000e+00
2.1270207706e-04 -1.2000000000e+01 -1.0500000000e+01 8.0000000000e+00
1.1487977972e-04 -1.1000000000e+01 -1.1000000000e+01 8.0000000000e+00
7.0446556046e-05 -1.2000000000e+01 -1.1000000000e+01 8.0000000000e+00
3.7210047459e-03 -1.2500000000e+01 -9.0000000000e+00 9.5000000000e+00
2.4342751847e-03 -1.2500000000e+01 -9.0000000000e+00 9.0000000000e+00
1.2847594047e-03 -1.2500000000e+01 -9.0000000000e+00 8.5000000000e+00
2.1044100933e-03 -1.2500000000e+01 -1.0000000000e+01 1.0500000000e+01
1.0483870401e-03 -1.2500000000e+01 -1.0500000000e+01 1.0500000000e+01
3.9759030790e-04 -1.2500000000e+01 -1.1000000000e+01 1.0500000000e+01
3.7951579262e-04 -1.2500000000e+01 -1.1000000000e+01 9.5000000000e+00
2.1814342650e-04 -1.2500000000e+01 -1.1000000000e+01 9.0000000000e+00
1.0506665800e-04 -1.2500000000e+01 -1.1000000000e+01 8.5000000000e+00
4.3895687389e-04 -1.2500000000e+01 -9.5000000000e+00 8.0000000000e+00
1.1489853719e-03 -1.1500000000e+01 -9.0000000000e+00 8.0000000000e+00
1.1280119767e-03 -1.1000000000e+01 -9.0000000000e+00 8.0000000000e+00
8.8284292052e-04 -1.2000000000e+01 -9.0000000000e+00 8.0000000000e+00
8.5666325853e-04 -1.0500000000e+01 -9.0000000000e+00 8.0000000000e+00
7.7133869930e-04 -1.0500000000e+01 -9.5000000000e+00 8.0000000000e+00
5.0630384224e-04 -1.0500000000e+01 -1.0000000000e+01 8.0000000000e+00
2.5083434249e-04 -1.0500000000e+01 -1.0500000000e+01 8.0000000000e+00
9.5107344370e-05 -1.0500000000e+01 -1.1000000000e+01 8.0000000000e+00
5.1954847021e-04 -1.2500000000e+01 -9.0000000000e+00 8.0000000000e+00
2.5998460440e-04 -1.2500000000e+01 -1.0000000000e+01 8.0000000000e+00
1.1425666452e-04 -1.2500000000e+01 -1.0500000000e+01 8.0000000000e+00
2.3223753414e-04 -1.3000000000e+01 -9.0000000000e+00 8.0000000000e+00
1.9091022972e-04 -1.3000000000e+01 -9.5000000000e+00 8.0000000000e+00
2.1905140051e-04 -1.1500000000e+01 -1.1500000000e+01 1.0500000000e+01
2.1592473425e-04 -1.1000000000e+01 -1.1500000000e+01 1.0500000000e+01
1.6789152105e-04 -1.2000000000e+01 -1.1500000000e+01 1.0500000000e+01
1.5940223974e-04 -1.0500000000e+01 -1.1500000000e+01 1.0500000000e+01
9.6568136385e-05 -1.2500000000e+01 -1.1500000000e+01 1.0500000000e+01
1.0911412825e-04 -1.3000000000e+01 -1.0000000000e+01 8.0000000000e+00
4.5641175971e-05 -1.3000000000e+01 -1.0500000000e+01 8.0000000000e+00
1.8937909768e-03 -1.3000000000e+01 -9.0000000000e+00 1.0500000000e+01
1.6253512372e-03 -1.3000000000e+01 -9.5000000000e+00 1.0500000000e+01
6.2550872715e-05 -1.1500000000e+01 -1.1500000000e+01 8.5000000000e+00
7.0951809924e-05 -1.1000000000e+01 -1.1500000000e+01 8.5000000000e+00
4.1949816193e-05 -1.2000000000e+01 -1.1500000000e+01 8.5000000000e+00
5.9455727783e-05 -1.0500000000e+01 -1.1500000000e+01 8.5000000000e+00
1.0100510290e-03 -1.3000000000e+01 -1.0000000000e+01 1.0500000000e+01
4.9356652348e-04 -1.3000000000e+01 -1.0500000000e+01 1.0500000000e+01
1.8199729763e-04 -1.3000000000e+01 -1.1000000000e+01 1.0500000000e+01
4.1656407729e-05 -1.3000000000e+01 -1.1500000000e+01 1.0500000000e+01
5.9049691833e-04 -1.3000000000e+01 -9.0000000000e+00 8.5000000000e+00
4.9796685584e-04 -1.3000000000e+01 -9.5000000000e+00 8.5000000000e+00
2.2958240396e-04 -1.1500000000e+01 -1.1500000000e+01 1.0000000000e+01
2.3031234656e-04 -1.1000000000e+01 -1.1500000000e+01 1.0000000000e+01
1.7463789592e-04 -1.2000000000e+01 -1.1500000000e+01 1.0000000000e+01
1.7456652989e-04 -1.0500000000e+01 -1.1500000000e+01 1.0000000000e+01
1.0014147512e-04 -1.2500000000e+01 -1.1500000000e+01 1.0000000000e+01
2.9476673292e-04 -1.3000000000e+01 -1.0000000000e+01 8.5000000000e+00
1.3168999913e-04 -1.3000000000e+01 -1.0500000000e+01 8.5000000000e+00
4.1983207489e-05 -1.3000000000e+01 -1.1000000000e+01 8.5000000000e+00
2.0005112228e-03 -1.3000000000e+01 -9.0000000000e+00 1.0000000000e+01
1.7170316389e-03 -1.3000000000e+01 -9.5000000000e+00 1.0000000000e+01
1.2685928792e-04 -1.1500000000e+01 -1.1500000000e+01 9.0000000000e+00
1.3791671323e-04 -1.1000000000e+01 -1.1500000000e+01 9.0000000000e+00
8.7949706820e-05 -1.2000000000e+01 -1.1500000000e+01 9.0000000000e+00
1.1152096248e-04 -1.0500000000e+01 -1.1500000000e+01 9.0000000000e+00
4.5843104730e-05 -1.2500000000e+01 -1.1500000000e+01 9.0000000000e+00
1.0602833562e-03 -1.3000000000e+01 -1.0000000000e+01 1.0000000000e+01
5.1505889004e-04 -1.3000000000e+01 -1.0500000000e+01 1.0000000000e+01
1.8898203808e-04 -1.3000000000e+01 -1.1000000000e+01 1.0000000000e+01
4.3276094547e-05 -1.3000000000e+01 -1.1500000000e+01 1.0000000000e+01
1.1440306106e-03 -1.3000000000e+01 -9.0000000000e+00 9.0000000000e+00
9.7641837376e-04 -1.3000000000e+01 -9.5000000000e+00 9.0000000000e+00
2.1871038292e-04 -1.1500000000e+01 -1.1500000000e+01 9.5000000000e+00
2.2478561298e-04 -1.1000000000e+01 -1.1500000000e+01 9.5000000000e+00
1.6045956789e-04 -1.2000000000e+01 -1.1500000000e+01 9.5000000000e+00
1.7327794856e-04 -1.0500000000e+01 -1.1500000000e+01 9.5000000000e+00
8.8211493439e-05 -1.2500000000e+01 -1.1500000000e+01 9.5000000000e+00
5.8801816266e-04 -1.3000000000e+01 -1.0000000000e+01 9.0000000000e+00
2.7099634335e-04 -1.3000000000e+01 -1.0500000000e+01 9.0000000000e+00
9.1130458957e-05 -1.3000000000e+01 -1.1000000000e+01 9.0000000000e+00
1.7878411523e-03 -1.3000000000e+01 -9.0000000000e+00 9.5000000000e+00
1.5541705964e-03 -1.3000000000e+01 -9.5000000000e+00 9.5000000000e+00
2.7630025019e-03 -1.1500000000e+01 -1.0000000000e+01 1.1000000000e+01
1.4436737820e-03 -1.1500000000e+01 -1.0500000000e+01 1.1000000000e+01
4.1727100664e-03 -1.1500000000e+01 -9.5000000000e+00 1.1000000000e+01
3.6815711200e-03 -1.1000000000e+01 -9.5000000000e+00 1.1000000000e+01
2.4687731023e-03 -1.1000000000e+01 -1.0000000000e+01 1.1000000000e+01
1.3018293646e-03 -1.1000000000e+01 -1.0500000000e+01 1.1000000000e+01
5.8486330954e-04 -1.1500000000e+01 -1.1000000000e+01 1.1000000000e+01
3.6081247845e-03 -1.2000000000e+01 -9.5000000000e+00 1.1000000000e+01
2.3536892306e-03 -1.2000000000e+01 -1.0000000000e+01 1.1000000000e+01
1.2168389096e-03 -1.2000000000e+01 -1.0500000000e+01 1.1000000000e+01
5.3508059272e-04 -1.1000000000e+01 -1.1000000000e+01 1.1000000000e+01
4.8654760755e-04 -1.2000000000e+01 -1.1000000000e+01 1.1000000000e+01
2.3827423291e-03 -1.2500000000e+01 -9.5000000000e+00 1.1000000000e+01
4.6423135853e-03 -1.1500000000e+01 -9.0000000000e+00 1.1000000000e+01
4.0496254555e-03 -1.1000000000e+01 -9.0000000000e+00 1.1000000000e+01
4.0708940700e-03 -1.2000000000e+01 -9.0000000000e+00 1.1000000000e+01
2.6903332688e-03 -1.0500000000e+01 -9.0000000000e+00 1.1000000000e+01
2.4710424390e-03 -1.0500000000e+01 -9.5000000000e+00 1.1000000000e+01
1.6780237850e-03 -1.0500000000e+01 -1.0000000000e+01 1.1000000000e+01
8.9384948734e-04 -1.0500000000e+01 -1.0500000000e+01 1.1000000000e+01
3.7245235669e-04 -1.0500000000e+01 -1.1000000000e+01 1.1000000000e+01
1.6524192707e-04 -1.1500000000e+01 -1.1500000000e+01 1.1000000000e+01
1.5407439906e-04 -1.1000000000e+01 -1.1500000000e+01 1.1000000000e+01
1.3385422007e-04 -1.2000000000e+01 -1.1500000000e+01 1.1000000000e+01
2.7304840978e-03 -1.2500000000e+01 -9.0000000000e+00 1.1000000000e+01
1.5312644086e-03 -1.2500000000e+01 -1.0000000000e+01 1.1000000000e+01
7.8170475637e-04 -1.2500000000e+01 -1.0500000000e+01 1.1000000000e+01
3.0683453911e-04 -1.2500000000e+01 -1.1000000000e+01 1.1000000000e+01
1.0941942368e-04 -1.0500000000e+01 -1.1500000000e+01 1.1000000000e+01
8.1791516342e-05 -1.2500000000e+01 -1.1500000000e+01 1.1000000000e+01
9.6402849589e-04 -1.3000000000e+01 -1.0000000000e+01 9.5000000000e+00
4.6311546593e-04 -1.3000000000e+01 -1.0500000000e+01 9.5000000000e+00
1.6685753758e-04 -1.3000000000e+01 -1.1000000000e+01 9.5000000000e+00
1.4023496490e-03 -1.3000000000e+01 -9.0000000000e+00 1.1000000000e+01
1.2031782380e-03 -1.3000000000e+01 -9.5000000000e+00 1.1000000000e+01
4.4245607410e-03 -1.1500000000e+01 -8.5000000000e+00 1.1000000000e+01
3.8364788887e-03 -1.1000000000e+01 -8.5000000000e+00 1.1000000000e+01
3.9118732870e-03 -1.2000000000e+01 -8.5000000000e+00 1.1000000000e+01
2.5328659686e-03 -1.0500000000e+01 -8.5000000000e+00 1.1000000000e+01
2.6452836412e-03 -1.2500000000e+01 -8.5000000000e+00 1.1000000000e+01
1.2716478894e-03 -1.0000000000e+01 -8.5000000000e+00 1.1000000000e+01
1.3583566782e-03 -1.0000000000e+01 -9.0000000000e+00 1.1000000000e+01
1.2607714211e-03 -1.0000000000e+01 -9.5000000000e+00 1.1000000000e+01
8.6959662155e-04 -1.0000000000e+01 -1.0000000000e+01 1.1000000000e+01
4.6793292213e-04 -1.0000000000e+01 -1.0500000000e+01 1.1000000000e+01
1.9705271981e-04 -1.0000000000e+01 -1.1000000000e+01 1.1000000000e+01
5.8893660407e-05 -1.0000000000e+01 -1.1500000000e+01 1.1000000000e+01
1.1267852615e-03 -1.1500000000e+01 -8.5000000000e+00 8.0000000000e+00
1.0963874007e-03 -1.1000000000e+01 -8.5000000000e+00 8.0000000000e+00
8.7392940040e-04 -1.2000000000e+01 -8.5000000000e+00 8.0000000000e+00
8.2293715659e-04 -1.0500000000e+01 -8.5000000000e+00 8.0000000000e+00
5.1885744449e-04 -1.2500000000e+01 -8.5000000000e+00 8.0000000000e+00
1.3674019631e-03 -1.3000000000e+01 -8.5000000000e+00 1.1000000000e+01
4.6591960014e-04 -1.0000000000e+01 -8.5000000000e+00 8.0000000000e+00
4.9012353050e-04 -1.0000000000e+01 -9.0000000000e+00 8.0000000000e+00
4.4646354567e-04 -1.0000000000e+01 -9.5000000000e+00 8.0000000000e+00
3.0061889954e-04 -1.0000000000e+01 -1.0000000000e+01 8.0000000000e+00
1.5227974354e-04 -1.0000000000e+01 -1.0500000000e+01 8.0000000000e+00
5.9238480772e-05 -1.0000000000e+01 -1.1000000000e+01 8.0000000000e+00
6.4957570495e-03 -1.1500000000e+01 -8.5000000000e+00 1.0500000000e+01
5.7598944354e-03 -1.1000000000e+01 -8.5000000000e+00 1.0500000000e+01
5.6025627526e-03 -1.2000000000e+01 -8.5000000000e+00 1.0500000000e+01
3.8945003335e-03 -1.0500000000e+01 -8.5000000000e+00 1.0500000000e+01
3.6937108096e-03 -1.2500000000e+01 -8.5000000000e+00 1.0500000000e+01
2.0005226318e-03 -1.0000000000e+01 -8.5000000000e+00 1.0500000000e+01
2.1328122163e-03 -1.0000000000e+01 -9.0000000000e+00 1.0500000000e+01
1.9815367193e-03 -1.0000000000e+01 -9.5000000000e+00 1.0500000000e+01
1.3660259063e-03 -1.0000000000e+01 -1.0000000000e+01 1.0500000000e+01
7.2908371111e-04 -1.0000000000e+01 -1.0500000000e+01 1.0500000000e+01
3.0379838497e-04 -1.0000000000e+01 -1.1000000000e+01 1.0500000000e+01
8.8893022671e-05 -1.0000000000e+01 -1.1500000000e+01 1.0500000000e+01
2.6375893366e-03 -1.1500000000e+01 -8.5000000000e+00 8.5000000000e+00
2.5154170018e-03 -1.1000000000e+01 -8.5000000000e+00 8.5000000000e+00
2.0932181369e-03 -1.2000000000e+01 -8.5000000000e+00 8.5000000000e+00
1.8462927102e-03 -1.0500000000e+01 -8.5000000000e+00 8.5000000000e+00
1.2722442053e-03 -1.2500000000e+01 -8.5000000000e+00 8.5000000000e+00
1.8590839576e-03 -1.3000000000e+01 -8.5000000000e+00 1.0500000000e+01
1.0257471694e-03 -1.0000000000e+01 -8.5000000000e+00 8.5000000000e+00
1.0833328378e-03 -1.0000000000e+01 -9.0000000000e+00 8.5000000000e+00
9.9416448493e-04 -1.0000000000e+01 -9.5000000000e+00 8.5000000000e+00
6.7578721048e-04 -1.0000000000e+01 -1.0000000000e+01 8.5000000000e+00
3.4751299438e-04 -1.0000000000e+01 -1.0500000000e+01 8.5000000000e+00
1.3809933658e-04 -1.0000000000e+01 -1.1000000000e+01 8.5000000000e+00
7.2484682102e-03 -1.1500000000e+01 -8.5000000000e+00 1.0000000000e+01
6.5500017021e-03 -1.1000000000e+01 -8.5000000000e+00 1.0000000000e+01
6.1285851672e-03 -1.2000000000e+01 -8.5000000000e+00 1.0000000000e+01
4.5339275117e-03 -1.0500000000e+01 -8.5000000000e+00 1.0000000000e+01
3.9668584850e-03 -1.2500000000e+01 -8.5000000000e+00 1.0000000000e+01
2.3873518253e-03 -1.0000000000e+01 -8.5000000000e+00 1.0000000000e+01
2.5341438443e-03 -1.0000000000e+01 -9.0000000000e+00 1.0000000000e+01
2.3438806725e-03 -1.0000000000e+01 -9.5000000000e+00 1.0000000000e+01
1.6093869042e-03 -1.0000000000e+01 -1.0000000000e+01 1.0000000000e+01
8.4986979979e-04 -1.0000000000e+01 -1.0500000000e+01 1.0000000000e+01
3.4986531743e-04 -1.0000000000e+01 -1.1000000000e+01 1.0000000000e+01
1.0049263900e-04 -1.0000000000e+01 -1.1500000000e+01 1.0000000000e+01
4.7678617029e-03 -1.1500000000e+01 -8.5000000000e+00 9.0000000000e+00
4.4640189797e-03 -1.1000000000e+01 -8.5000000000e+00 9.0000000000e+00
3.8635276557e-03 -1.2000000000e+01 -8.5000000000e+00 9.0000000000e+00
3.2101082957e-03 -1.0500000000e+01 -8.5000000000e+00 9.0000000000e+00
2.3973746212e-03 -1.2500000000e+01 -8.5000000000e+00 9.0000000000e+00
1.9662690039e-03 -1.3000000000e+01 -8.5000000000e+00 1.0000000000e+01
1.7513791981e-03 -1.0000000000e+01 -8.5000000000e+00 9.0000000000e+00
1.8545046141e-03 -1.0000000000e+01 -9.0000000000e+00 9.0000000000e+00
1.7100981133e-03 -1.0000000000e+01 -9.5000000000e+00 9.0000000000e+00
1.1690712326e-03 -1.0000000000e+01 -1.0000000000e+01 9.0000000000e+00
6.0776850010e-04 -1.0000000000e+01 -1.0500000000e+01 9.0000000000e+00
2.4505926931e-04 -1.0000000000e+01 -1.1000000000e+01 9.0000000000e+00
6.7932257057e-05 -1.0000000000e+01 -1.1500000000e+01 9.0000000000e+00
6.8789313306e-03 -1.1500000000e+01 -8.5000000000e+00 9.5000000000e+00
6.3126515208e-03 -1.1000000000e+01 -8.5000000000e+00 9.5000000000e+00
5.7137626939e-03 -1.2000000000e+01 -8.5000000000e+00 9.5000000000e+00
4.4340246947e-03 -1.0500000000e+01 -8.5000000000e+00 9.5000000000e+00
3.6280302387e-03 -1.2500000000e+01 -8.5000000000e+00 9.5000000000e+00
2.3665753434e-03 -1.0000000000e+01 -8.5000000000e+00 9.5000000000e+00
2.5190743428e-03 -1.0000000000e+01 -9.0000000000e+00 9.5000000000e+00
2.3403330271e-03 -1.0000000000e+01 -9.5000000000e+00 9.5000000000e+00
1.6149992904e-03 -1.0000000000e+01 -1.0000000000e+01 9.5000000000e+00
8.5314367159e-04 -1.0000000000e+01 -1.0500000000e+01 9.5000000000e+00
3.5140139043e-04 -1.0000000000e+01 -1.1000000000e+01 9.5000000000e+00
1.0094551722e-04 -1.0000000000e+01 -1.1500000000e+01 9.5000000000e+00
1.8711920440e-04 -1.1500000000e+01 -1.0000000000e+01 7.5000000000e+00
8.2278844313e-05 -1.1500000000e+01 -1.0500000000e+01 7.5000000000e+00
3.1206654287e-04 -1.1500000000e+01 -9.5000000000e+00 7.5000000000e+00
3.2165664419e-04 -1.1000000000e+01 -9.5000000000e+00 7.5000000000e+00
1.9957494330e-04 -1.1000000000e+01 -1.0000000000e+01 7.5000000000e+00
9.1890199492e-05 -1.1000000000e+01 -1.0500000000e+01 7.5000000000e+00
2.2567379335e-04 -1.2000000000e+01 -9.5000000000e+00 7.5000000000e+00
1.3054628298e-04 -1.2000000000e+01 -1.0000000000e+01 7.5000000000e+00
5.4524668665e-05 -1.2000000000e+01 -1.0500000000e+01 7.5000000000e+00
1.2371598871e-04 -1.2500000000e+01 -9.5000000000e+00 7.5000000000e+00
3.6624244442e-04 -1.1500000000e+01 -9.0000000000e+00 7.5000000000e+00
3.6884237991e-04 -1.1000000000e+01 -9.0000000000e+00 7.5000000000e+00
2.7230311056e-04 -1.2000000000e+01 -9.0000000000e+00 7.5000000000e+00
2.8886153248e-04 -1.0500000000e+01 -9.0000000000e+00 7.5000000000e+00
2.5556654276e-04 -1.0500000000e+01 -9.5000000000e+00 7.5000000000e+00
1.6312723340e-04 -1.0500000000e+01 -1.0000000000e+01 7.5000000000e+00
7.7676076954e-05 -1.0500000000e+01 -1.0500000000e+01 7.5000000000e+00
1.5443159086e-04 -1.2500000000e+01 -9.0000000000e+00 7.5000000000e+00
6.8372957049e-05 -1.2500000000e+01 -1.0000000000e+01 7.5000000000e+00
1.7566853433e-03 -1.3000000000e+01 -8.5000000000e+00 9.5000000000e+00
1.1352526651e-03 -1.3000000000e+01 -8.5000000000e+00 9.0000000000e+00
5.8934157581e-04 -1.3000000000e+01 -8.5000000000e+00 8.5000000000e+00
2.3412266952e-04 -1.3000000000e+01 -8.5000000000e+00 8.0000000000e+00
7.5966654315e-04 -1.3000000000e+01 -1.0000000000e+01 1.1000000000e+01
3.8180873135e-04 -1.3000000000e+01 -1.0500000000e+01 1.1000000000e+01
1.4662769881e-04 -1.3000000000e+01 -1.1000000000e+01 1.1000000000e+01
6.6166054778e-05 -1.3000000000e+01 -9.0000000000e+00 7.5000000000e+00
5.0790987131e-05 -1.3000000000e+01 -9.5000000000e+00 7.5000000000e+00
3.6400537745e-04 -1.1500000000e+01 -8.5000000000e+00 7.5000000000e+00
3.6285002246e-04 -1.1000000000e+01 -8.5000000000e+00 7.5000000000e+00
2.7374977055e-04 -1.2000000000e+01 -8.5000000000e+00 7.5000000000e+00
2.8061610109e-04 -1.0500000000e+01 -8.5000000000e+00 7.5000000000e+00
1.5713887819e-04 -1.2500000000e+01 -8.5000000000e+00 7.5000000000e+00
1.6249169574e-04 -1.0000000000e+01 -8.5000000000e+00 7.5000000000e+00
1.6948776864e-04 -1.0000000000e+01 -9.0000000000e+00 7.5000000000e+00
1.5222388811e-04 -1.0000000000e+01 -9.5000000000e+00 7.5000000000e+00
1.0033448519e-04 -1.0000000000e+01 -1.0000000000e+01 7.5000000000e+00
4.9307558903e-05 -1.0000000000e+01 -1.0500000000e+01 7.5000000000e+00
6.8155687826e-05 -1.3000000000e+01 -8.5000000000e+00 7.5000000000e+00
5.4062413924e-04 -1.3500000000e+01 -8.5000000000e+00 1.1000000000e+01
5.5010269836e-04 -1.3500000000e+01 -9.0000000000e+00 1.1000000000e+01
4.6037731234e-04 -1.3500000000e+01 -9.5000000000e+00 1.1000000000e+01
2.8584661646e-04 -1.3500000000e+01 -1.0000000000e+01 1.1000000000e+01
1.4102646930e-04 -1.3500000000e+01 -1.0500000000e+01 1.1000000000e+01
5.2655043647e-05 -1.3500000000e+01 -1.1000000000e+01 1.1000000000e+01
7.9537550084e-05 -1.3500000000e+01 -8.5000000000e+00 8.0000000000e+00
7.8094947109e-05 -1.3500000000e+01 -9.0000000000e+00 8.0000000000e+00
6.1968393226e-05 -1.3500000000e+01 -9.5000000000e+00 8.0000000000e+00
4.0985756524e-05 -1.1000000000e+01 -1.2000000000e+01 1.0500000000e+01
7.1311272019e-04 -1.3500000000e+01 -8.5000000000e+00 1.0500000000e+01
7.2106619657e-04 -1.3500000000e+01 -9.0000000000e+00 1.0500000000e+01
6.0375730817e-04 -1.3500000000e+01 -9.5000000000e+00 1.0500000000e+01
3.6717948907e-04 -1.3500000000e+01 -1.0000000000e+01 1.0500000000e+01
1.7545729721e-04 -1.3500000000e+01 -1.0500000000e+01 1.0500000000e+01
6.2633345115e-05 -1.3500000000e+01 -1.1000000000e+01 1.0500000000e+01
2.0645882151e-04 -1.3500000000e+01 -8.5000000000e+00 8.5000000000e+00
2.0510992736e-04 -1.3500000000e+01 -9.0000000000e+00 8.5000000000e+00
1.6824486327e-04 -1.3500000000e+01 -9.5000000000e+00 8.5000000000e+00
4.1920299416e-05 -1.1500000000e+01 -1.2000000000e+01 1.0000000000e+01
4.3442455668e-05 -1.1000000000e+01 -1.2000000000e+01 1.0000000000e+01
9.6417346099e-05 -1.3500000000e+01 -1.0000000000e+01 8.5000000000e+00
4.1388929232e-05 -1.3500000000e+01 -1.0500000000e+01 8.5000000000e+00
7.4419583002e-04 -1.3500000000e+01 -8.5000000000e+00 1.0000000000e+01
7.5266778943e-04 -1.3500000000e+01 -9.0000000000e+00 1.0000000000e+01
6.3097214421e-04 -1.3500000000e+01 -9.5000000000e+00 1.0000000000e+01
3.8188196006e-04 -1.3500000000e+01 -1.0000000000e+01 1.0000000000e+01
1.8198307537e-04 -1.3500000000e+01 -1.0500000000e+01 1.0000000000e+01
6.4694165880e-05 -1.3500000000e+01 -1.1000000000e+01 1.0000000000e+01
4.0786864079e-04 -1.3500000000e+01 -8.5000000000e+00 9.0000000000e+00
4.0785353687e-04 -1.3500000000e+01 -9.0000000000e+00 9.0000000000e+00
3.3925013401e-04 -1.3500000000e+01 -9.5000000000e+00 9.0000000000e+00
4.1839549796e-05 -1.1000000000e+01 -1.2000000000e+01 9.5000000000e+00
1.9868329686e-04 -1.3500000000e+01 -1.0000000000e+01 9.0000000000e+00
8.8645938562e-05 -1.3500000000e+01 -1.0500000000e+01 9.0000000000e+00
6.4633718089e-04 -1.3500000000e+01 -8.5000000000e+00 9.5000000000e+00
6.5242507199e-04 -1.3500000000e+01 -9.0000000000e+00 9.5000000000e+00
5.5539171348e-04 -1.3500000000e+01 -9.5000000000e+00 9.5000000000e+00
1.4260397221e-03 -1.1500000000e+01 -1.0000000000e+01 1.1500000000e+01
7.4765102430e-04 -1.1500000000e+01 -1.0500000000e+01 1.1500000000e+01
2.1663819680e-03 -1.1500000000e+01 -9.5000000000e+00 1.1500000000e+01
1.8748910454e-03 -1.1000000000e+01 -9.5000000000e+00 1.1500000000e+01
1.2481301856e-03 -1.1000000000e+01 -1.0000000000e+01 1.1500000000e+01
6.5939384810e-04 -1.1000000000e+01 -1.0500000000e+01 1.1500000000e+01
3.0454970321e-04 -1.1500000000e+01 -1.1000000000e+01 1.1500000000e+01
1.9121837532e-03 -1.2000000000e+01 -9.5000000000e+00 1.1500000000e+01
1.2414681288e-03 -1.2000000000e+01 -1.0000000000e+01 1.1500000000e+01
6.4415104787e-04 -1.2000000000e+01 -1.0500000000e+01 1.1500000000e+01
2.7151858242e-04 -1.1000000000e+01 -1.1000000000e+01 1.1500000000e+01
2.5912571738e-04 -1.2000000000e+01 -1.1000000000e+01 1.1500000000e+01
1.2887979478e-03 -1.2500000000e+01 -9.5000000000e+00 1.1500000000e+01
2.4378333028e-03 -1.1500000000e+01 -9.0000000000e+00 1.1500000000e+01
2.0847419141e-03 -1.1000000000e+01 -9.0000000000e+00 1.1500000000e+01
2.1844576536e-03 -1.2000000000e+01 -9.0000000000e+00 1.1500000000e+01
1.3549777634e-03 -1.0500000000e+01 -9.0000000000e+00 1.1500000000e+01
1.2324747242e-03 -1.0500000000e+01 -9.5000000000e+00 1.1500000000e+01
8.2992504139e-04 -1.0500000000e+01 -1.0000000000e+01 1.1500000000e+01
4.4212047148e-04 -1.0500000000e+01 -1.0500000000e+01 1.1500000000e+01
1.8413611603e-04 -1.0500000000e+01 -1.1000000000e+01 1.1500000000e+01
8.7429312545e-05 -1.1500000000e+01 -1.1500000000e+01 1.1500000000e+01
7.9285767322e-05 -1.1000000000e+01 -1.1500000000e+01 1.1500000000e+01
7.3055404713e-05 -1.2000000000e+01 -1.1500000000e+01 1.1500000000e+01
1.4972541337e-03 -1.2500000000e+01 -9.0000000000e+00 1.1500000000e+01
8.2415315670e-04 -1.2500000000e+01 -1.0000000000e+01 1.1500000000e+01
4.2243437807e-04 -1.2500000000e+01 -1.0500000000e+01 1.1500000000e+01
1.6735072359e-04 -1.2500000000e+01 -1.1000000000e+01 1.1500000000e+01
5.4554500740e-05 -1.0500000000e+01 -1.1500000000e+01 1.1500000000e+01
4.6180398147e-05 -1.2500000000e+01 -1.1500000000e+01 1.1500000000e+01
7.8671919636e-04 -1.3000000000e+01 -9.0000000000e+00 1.1500000000e+01
6.6184267288e-04 -1.3000000000e+01 -9.5000000000e+00 1.1500000000e+01
2.3284668823e-03 -1.1500000000e+01 -8.5000000000e+00 1.1500000000e+01
1.9791025762e-03 -1.1000000000e+01 -8.5000000000e+00 1.1500000000e+01
2.1039910654e-03 -1.2000000000e+01 -8.5000000000e+00 1.1500000000e+01
1.2783585216e-03 -1.0500000000e+01 -8.5000000000e+00 1.1500000000e+01
1.4522450830e-03 -1.2500000000e+01 -8.5000000000e+00 1.1500000000e+01
6.2779479026e-04 -1.0000000000e+01 -8.5000000000e+00 1.1500000000e+01
6.6902488564e-04 -1.0000000000e+01 -9.0000000000e+00 1.1500000000e+01
6.1553476691e-04 -1.0000000000e+01 -9.5000000000e+00 1.1500000000e+01
4.2055956576e-04 -1.0000000000e+01 -1.0000000000e+01 1.1500000000e+01
2.2608237583e-04 -1.0000000000e+01 -1.0500000000e+01 1.1500000000e+01
9.5042796717e-05 -1.0000000000e+01 -1.1000000000e+01 1.1500000000e+01
7.6845165033e-04 -1.3000000000e+01 -8.5000000000e+00 1.1500000000e+01
4.1713264142e-04 -1.3000000000e+01 -1.0000000000e+01 1.1500000000e+01
2.1088206202e-04 -1.3000000000e+01 -1.0500000000e+01 1.1500000000e+01
8.2145156674e-05 -1.3000000000e+01 -1.1000000000e+01 1.1500000000e+01
3.3664772485e-04 -1.3500000000e+01 -1.0000000000e+01 9.5000000000e+00
1.5757384339e-04 -1.3500000000e+01 -1.0500000000e+01 9.5000000000e+00
5.4306566243e-05 -1.3500000000e+01 -1.1000000000e+01 9.5000000000e+00
3.1079799748e-04 -1.3500000000e+01 -8.5000000000e+00 1.1500000000e+01
3.1567276040e-04 -1.3500000000e+01 -9.0000000000e+00 1.1500000000e+01
2.5852350404e-04 -1.3500000000e+01 -9.5000000000e+00 1.1500000000e+01
1.7753730487e-03 -1.1500000000e+01 -8.0000000000e+00 1.1500000000e+01
1.4883078039e-03 -1.1000000000e+01 -8.0000000000e+00 1.1500000000e+01
1.6344207482e-03 -1.2000000000e+01 -8.0000000000e+00 1.1500000000e+01
9.4775567976e-04 -1.0500000000e+01 -8.0000000000e+00 1.1500000000e+01
1.1530233005e-03 -1.2500000000e+01 -8.0000000000e+00 1.1500000000e+01
4.5965082028e-04 -1.0000000000e+01 -8.0000000000e+00 1.1500000000e+01
6.2318237971e-04 -1.3000000000e+01 -8.0000000000e+00 1.1500000000e+01
1.6839610809e-04 -9.5000000000e+00 -8.0000000000e+00 1.1500000000e+01
2.3343563126e-04 -9.5000000000e+00 -8.5000000000e+00 1.1500000000e+01
2.5070285281e-04 -9.5000000000e+00 -9.0000000000e+00 1.1500000000e+01
2.3469105382e-04 -9.5000000000e+00 -9.5000000000e+00 1.1500000000e+01
1.6297177121e-04 -9.5000000000e+00 -1.0000000000e+01 1.1500000000e+01
8.8029493507e-05 -9.5000000000e+00 -1.0500000000e+01 1.1500000000e+01
2.8027267773e-04 -1.1500000000e+01 -8.0000000000e+00 7.5000000000e+00
2.7219736484e-04 -1.1000000000e+01 -8.0000000000e+00 7.5000000000e+00
2.1764554997e-04 -1.2000000000e+01 -8.0000000000e+00 7.5000000000e+00
2.0491846572e-04 -1.0500000000e+01 -8.0000000000e+00 7.5000000000e+00
1.2957118012e-04 -1.2500000000e+01 -8.0000000000e+00 7.5000000000e+00
1.1666254421e-04 -1.0000000000e+01 -8.0000000000e+00 7.5000000000e+00
5.8716771260e-05 -1.3000000000e+01 -8.0000000000e+00 7.5000000000e+00
2.5762328791e-04 -1.3500000000e+01 -8.0000000000e+00 1.1500000000e+01
5.0327147822e-05 -9.5000000000e+00 -8.0000000000e+00 7.5000000000e+00
7.1406731613e-05 -9.5000000000e+00 -8.5000000000e+00 7.5000000000e+00
7.5704843091e-05 -9.5000000000e+00 -9.0000000000e+00 7.5000000000e+00
6.9320675999e-05 -9.5000000000e+00 -9.5000000000e+00 7.5000000000e+00
4.6985157193e-05 -9.5000000000e+00 -1.0000000000e+01 7.5000000000e+00
3.3350594978e-03 -1.1500000000e+01 -8.0000000000e+00 1.1000000000e+01
2.8528249839e-03 -1.1000000000e+01 -8.0000000000e+00 1.1000000000e+01
2.9992941684e-03 -1.2000000000e+01 -8.0000000000e+00 1.1000000000e+01
1.8583526842e-03 -1.0500000000e+01 -8.0000000000e+00 1.1000000000e+01
2.0684368005e-03 -1.2500000000e+01 -8.0000000000e+00 1.1000000000e+01
9.2192883463e-04 -1.0000000000e+01 -8.0000000000e+00 1.1000000000e+01
1.0953801946e-03 -1.3000000000e+01 -8.0000000000e+00 1.1000000000e+01
3.4577062338e-04 -9.5000000000e+00 -8.0000000000e+00 1.1000000000e+01
4.8378973984e-04 -9.5000000000e+00 -8.5000000000e+00 1.1000000000e+01
5.2100289937e-04 -9.5000000000e+00 -9.0000000000e+00 1.1000000000e+01
4.9149848097e-04 -9.5000000000e+00 -9.5000000000e+00 1.1000000000e+01
3.4458465261e-04 -9.5000000000e+00 -1.0000000000e+01 1.1000000000e+01
1.8637086760e-04 -9.5000000000e+00 -1.0500000000e+01 1.1000000000e+01
7.9227008790e-05 -9.5000000000e+00 -1.1000000000e+01 1.1000000000e+01
8.5216423471e-04 -1.1500000000e+01 -8.0000000000e+00 8.0000000000e+00
8.1033791577e-04 -1.1000000000e+01 -8.0000000000e+00 8.0000000000e+00
6.7913409557e-04 -1.2000000000e+01 -8.0000000000e+00 8.0000000000e+00
5.9721722560e-04 -1.0500000000e+01 -8.0000000000e+00 8.0000000000e+00
4.1495360590e-04 -1.2500000000e+01 -8.0000000000e+00 8.0000000000e+00
3.3327633003e-04 -1.0000000000e+01 -8.0000000000e+00 8.0000000000e+00
1.9344265728e-04 -1.3000000000e+01 -8.0000000000e+00 8.0000000000e+00
4.4305218166e-04 -1.3500000000e+01 -8.0000000000e+00 1.1000000000e+01
1.4091010456e-04 -9.5000000000e+00 -8.0000000000e+00 8.0000000000e+00
2.0027969137e-04 -9.5000000000e+00 -8.5000000000e+00 8.0000000000e+00
2.1360086596e-04 -9.5000000000e+00 -9.0000000000e+00 8.0000000000e+00
1.9786395326e-04 -9.5000000000e+00 -9.5000000000e+00 8.0000000000e+00
1.3630570622e-04 -9.5000000000e+00 -1.0000000000e+01 8.0000000000e+00
6.9993143912e-05 -9.5000000000e+00 -1.0500000000e+01 8.0000000000e+00
4.8793022401e-03 -1.1500000000e+01 -8.0000000000e+00 1.0500000000e+01
4.2662036675e-03 -1.1000000000e+01 -8.0000000000e+00 1.0500000000e+01
4.2826382591e-03 -1.2000000000e+01 -8.0000000000e+00 1.0500000000e+01
2.8451159311e-03 -1.0500000000e+01 -8.0000000000e+00 1.0500000000e+01
2.8858843566e-03 -1.2500000000e+01 -8.0000000000e+00 1.0500000000e+01
1.4439448255e-03 -1.0000000000e+01 -8.0000000000e+00 1.0500000000e+01
1.4913227905e-03 -1.3000000000e+01 -8.0000000000e+00 1.0500000000e+01
5.5382727313e-04 -9.5000000000e+00 -8.0000000000e+00 1.0500000000e+01
7.7832828662e-04 -9.5000000000e+00 -8.5000000000e+00 1.0500000000e+01
8.3737108879e-04 -9.5000000000e+00 -9.0000000000e+00 1.0500000000e+01
7.9058626201e-04 -9.5000000000e+00 -9.5000000000e+00 1.0500000000e+01
5.5459443703e-04 -9.5000000000e+00 -1.0000000000e+01 1.0500000000e+01
2.9791657249e-04 -9.5000000000e+00 -1.0500000000e+01 1.0500000000e+01
1.2563551110e-04 -9.5000000000e+00 -1.1000000000e+01 1.0500000000e+01
1.9800274469e-03 -1.1500000000e+01 -8.0000000000e+00 8.5000000000e+00
1.8539889643e-03 -1.1000000000e+01 -8.0000000000e+00 8.5000000000e+00
1.6112630236e-03 -1.2000000000e+01 -8.0000000000e+00 8.5000000000e+00
1.3388340952e-03 -1.0500000000e+01 -8.0000000000e+00 8.5000000000e+00
1.0060208558e-03 -1.2500000000e+01 -8.0000000000e+00 8.5000000000e+00
7.3397126469e-04 -1.0000000000e+01 -8.0000000000e+00 8.5000000000e+00
4.7947480295e-04 -1.3000000000e+01 -8.0000000000e+00 8.5000000000e+00
5.8703989852e-04 -1.3500000000e+01 -8.0000000000e+00 1.0500000000e+01
3.0473832671e-04 -9.5000000000e+00 -8.0000000000e+00 8.5000000000e+00
4.3257937545e-04 -9.5000000000e+00 -8.5000000000e+00 8.5000000000e+00
4.6254396816e-04 -9.5000000000e+00 -9.0000000000e+00 8.5000000000e+00
4.3127808968e-04 -9.5000000000e+00 -9.5000000000e+00 8.5000000000e+00
2.9931158230e-04 -9.5000000000e+00 -1.0000000000e+01 8.5000000000e+00
1.5561017743e-04 -9.5000000000e+00 -1.0500000000e+01 8.5000000000e+00
6.3034796087e-05 -9.5000000000e+00 -1.1000000000e+01 8.5000000000e+00
5.4647032320e-03 -1.1500000000e+01 -8.0000000000e+00 1.0000000000e+01
4.8676064416e-03 -1.1000000000e+01 -8.0000000000e+00 1.0000000000e+01
4.7059629905e-03 -1.2000000000e+01 -8.0000000000e+00 1.0000000000e+01
3.3210395833e-03 -1.0500000000e+01 -8.0000000000e+00 1.0000000000e+01
3.1184069176e-03 -1.2500000000e+01 -8.0000000000e+00 1.0000000000e+01
1.7260608585e-03 -1.0000000000e+01 -8.0000000000e+00 1.0000000000e+01
1.5851957854e-03 -1.3000000000e+01 -8.0000000000e+00 1.0000000000e+01
6.7936123699e-04 -9.5000000000e+00 -8.0000000000e+00 1.0000000000e+01
9.5411640254e-04 -9.5000000000e+00 -8.5000000000e+00 1.0000000000e+01
1.0227524629e-03 -9.5000000000e+00 -9.0000000000e+00 1.0000000000e+01
9.6111844134e-04 -9.5000000000e+00 -9.5000000000e+00 1.0000000000e+01
6.7183210329e-04 -9.5000000000e+00 -1.0000000000e+01 1.0000000000e+01
3.5731941077e-04 -9.5000000000e+00 -1.0500000000e+01 1.0000000000e+01
1.4904577835e-04 -9.5000000000e+00 -1.1000000000e+01 1.0000000000e+01
4.3709734081e-05 -9.5000000000e+00 -1.1500000000e+01 1.0000000000e+01
3.5687023188e-03 -1.1500000000e+01 -8.0000000000e+00 9.0000000000e+00
3.2913037614e-03 -1.1000000000e+01 -8.0000000000e+00 9.0000000000e+00
2.9595244892e-03 -1.2000000000e+01 -8.0000000000e+00 9.0000000000e+00
2.3309861131e-03 -1.0500000000e+01 -8.0000000000e+00 9.0000000000e+00
1.8843941479e-03 -1.2500000000e+01 -8.0000000000e+00 9.0000000000e+00
1.2556268008e-03 -1.0000000000e+01 -8.0000000000e+00 9.0000000000e+00
9.1696360482e-04 -1.3000000000e+01 -8.0000000000e+00 9.0000000000e+00
6.1432304988e-04 -1.3500000000e+01 -8.0000000000e+00 1.0000000000e+01
5.1200234166e-04 -9.5000000000e+00 -8.0000000000e+00 9.0000000000e+00
7.2501375009e-04 -9.5000000000e+00 -8.5000000000e+00 9.0000000000e+00
7.7644330744e-04 -9.5000000000e+00 -9.0000000000e+00 9.0000000000e+00
7.2722679642e-04 -9.5000000000e+00 -9.5000000000e+00 9.0000000000e+00
5.0694707413e-04 -9.5000000000e+00 -1.0000000000e+01 9.0000000000e+00
2.6602502797e-04 -9.5000000000e+00 -1.0500000000e+01 9.0000000000e+00
1.0908571508e-04 -9.5000000000e+00 -1.1000000000e+01 9.0000000000e+00
5.1179228705e-03 -1.1500000000e+01 -8.0000000000e+00 9.5000000000e+00
4.6326665474e-03 -1.1000000000e+01 -8.0000000000e+00 9.5000000000e+00
4.3233955739e-03 -1.2000000000e+01 -8.0000000000e+00 9.5000000000e+00
3.2120482183e-03 -1.0500000000e+01 -8.0000000000e+00 9.5000000000e+00
2.8072372055e-03 -1.2500000000e+01 -8.0000000000e+00 9.5000000000e+00
1.6944807202e-03 -1.0000000000e+01 -8.0000000000e+00 9.5000000000e+00
1.3949179601e-03 -1.3000000000e+01 -8.0000000000e+00 9.5000000000e+00
6.7637660328e-04 -9.5000000000e+00 -8.0000000000e+00 9.5000000000e+00
9.5789774663e-04 -9.5000000000e+00 -8.5000000000e+00 9.5000000000e+00
1.0297758029e-03 -9.5000000000e+00 -9.0000000000e+00 9.5000000000e+00
9.7096105118e-04 -9.5000000000e+00 -9.5000000000e+00 9.5000000000e+00
6.8191280824e-04 -9.5000000000e+00 -1.0000000000e+01 9.5000000000e+00
3.6271772152e-04 -9.5000000000e+00 -1.0500000000e+01 9.5000000000e+00
1.5137351990e-04 -9.5000000000e+00 -1.1000000000e+01 9.5000000000e+00
4.4422748841e-05 -9.5000000000e+00 -1.1500000000e+01 9.5000000000e+00
6.6289052890e-05 -1.1500000000e+01 -9.5000000000e+00 7.0000000000e+00
7.1688908831e-05 -1.1000000000e+01 -9.5000000000e+00 7.0000000000e+00
4.1866319785e-05 -1.1000000000e+01 -1.0000000000e+01 7.0000000000e+00
4.5494945977e-05 -1.2000000000e+01 -9.5000000000e+00 7.0000000000e+00
8.3828201726e-05 -1.1500000000e+01 -9.0000000000e+00 7.0000000000e+00
8.7343604655e-05 -1.1000000000e+01 -9.0000000000e+00 7.0000000000e+00
5.9744049928e-05 -1.2000000000e+01 -9.0000000000e+00 7.0000000000e+00
7.0989412972e-05 -1.0500000000e+01 -9.0000000000e+00 7.0000000000e+00
5.9790857821e-05 -1.0500000000e+01 -9.5000000000e+00 7.0000000000e+00
8.5231462689e-05 -1.1500000000e+01 -8.5000000000e+00 7.0000000000e+00
8.7705493841e-05 -1.1000000000e+01 -8.5000000000e+00 7.0000000000e+00
6.1555981185e-05 -1.2000000000e+01 -8.5000000000e+00 7.0000000000e+00
7.0435061434e-05 -1.0500000000e+01 -8.5000000000e+00 7.0000000000e+00
4.2119560495e-05 -1.0000000000e+01 -8.5000000000e+00 7.0000000000e+00
4.2974663105e-05 -1.0000000000e+01 -9.0000000000e+00 7.0000000000e+00
5.2786294276e-04 -1.3500000000e+01 -8.0000000000e+00 9.5000000000e+00
3.3943611897e-04 -1.3500000000e+01 -8.0000000000e+00 9.0000000000e+00
1.7362705470e-04 -1.3500000000e+01 -8.0000000000e+00 8.5000000000e+00
6.8308216013e-05 -1.3500000000e+01 -8.0000000000e+00 8.0000000000e+00
1.6052800821e-04 -1.3500000000e+01 -1.0000000000e+01 1.1500000000e+01
7.9977824473e-05 -1.3500000000e+01 -1.0500000000e+01 1.1500000000e+01
6.9023038145e-05 -1.1500000000e+01 -8.0000000000e+00 7.0000000000e+00
6.8671426141e-05 -1.1000000000e+01 -8.0000000000e+00 7.0000000000e+00
5.2003119239e-05 -1.2000000000e+01 -8.0000000000e+00 7.0000000000e+00
5.3276171031e-05 -1.0500000000e+01 -8.0000000000e+00 7.0000000000e+00
8.0444123901e-05 -1.4000000000e+01 -8.0000000000e+00 1.1500000000e+01
9.4659302901e-05 -1.4000000000e+01 -8.5000000000e+00 1.1500000000e+01
9.5242737721e-05 -1.4000000000e+01 -9.0000000000e+00 1.1500000000e+01
7.5665103996e-05 -1.4000000000e+01 -9.5000000000e+00 1.1500000000e+01
4.6217612047e-05 -1.4000000000e+01 -1.0000000000e+01 1.1500000000e+01
1.3491073490e-04 -1.4000000000e+01 -8.0000000000e+00 1.1000000000e+01
1.6035566299e-04 -1.4000000000e+01 -8.5000000000e+00 1.1000000000e+01
1.6170856732e-04 -1.4000000000e+01 -9.0000000000e+00 1.1000000000e+01
1.3129512365e-04 -1.4000000000e+01 -9.5000000000e+00 1.1000000000e+01
7.9893085505e-05 -1.4000000000e+01 -1.0000000000e+01 1.1000000000e+01
1.7317561543e-04 -1.4000000000e+01 -8.0000000000e+00 1.0500000000e+01
2.0402459968e-04 -1.4000000000e+01 -8.5000000000e+00 1.0500000000e+01
2.0456412826e-04 -1.4000000000e+01 -9.0000000000e+00 1.0500000000e+01
1.6602715052e-04 -1.4000000000e+01 -9.5000000000e+00 1.0500000000e+01
9.8676345382e-05 -1.4000000000e+01 -1.0000000000e+01 1.0500000000e+01
4.6088478200e-05 -1.4000000000e+01 -1.0500000000e+01 1.0500000000e+01
4.6519305190e-05 -1.4000000000e+01 -8.0000000000e+00 8.5000000000e+00
5.3165219380e-05 -1.4000000000e+01 -8.5000000000e+00 8.5000000000e+00
5.2424048371e-05 -1.4000000000e+01 -9.0000000000e+00 8.5000000000e+00
4.1609261439e-05 -1.4000000000e+01 -9.5000000000e+00 8.5000000000e+00
1.7801321135e-04 -1.4000000000e+01 -8.0000000000e+00 1.0000000000e+01
2.0973747340e-04 -1.4000000000e+01 -8.5000000000e+00 1.0000000000e+01
2.1087176530e-04 -1.4000000000e+01 -9.0000000000e+00 1.0000000000e+01
1.7209206945e-04 -1.4000000000e+01 -9.5000000000e+00 1.0000000000e+01
1.0196565209e-04 -1.4000000000e+01 -1.0000000000e+01 1.0000000000e+01
4.7613891439e-05 -1.4000000000e+01 -1.0500000000e+01 1.0000000000e+01
9.3249002267e-05 -1.4000000000e+01 -8.0000000000e+00 9.0000000000e+00
1.0812319619e-04 -1.4000000000e+01 -8.5000000000e+00 9.0000000000e+00
1.0734141008e-04 -1.4000000000e+01 -9.0000000000e+00 9.0000000000e+00
8.6618203852e-05 -1.4000000000e+01 -9.5000000000e+00 9.0000000000e+00
4.9128074590e-05 -1.4000000000e+01 -1.0000000000e+01 9.0000000000e+00
1.4879401840e-04 -1.4000000000e+01 -8.0000000000e+00 9.5000000000e+00
1.7611143713e-04 -1.4000000000e+01 -8.5000000000e+00 9.5000000000e+00
1.7631780344e-04 -1.4000000000e+01 -9.0000000000e+00 9.5000000000e+00
1.4602290950e-04 -1.4000000000e+01 -9.5000000000e+00 9.5000000000e+00
5.4315837013e-04 -1.1500000000e+01 -1.0000000000e+01 1.2000000000e+01
2.8070548198e-04 -1.1500000000e+01 -1.0500000000e+01 1.2000000000e+01
8.4268226504e-04 -1.1500000000e+01 -9.5000000000e+00 1.2000000000e+01
7.1603257205e-04 -1.1000000000e+01 -9.5000000000e+00 1.2000000000e+01
4.6630950938e-04 -1.1000000000e+01 -1.0000000000e+01 1.2000000000e+01
2.4270073481e-04 -1.1000000000e+01 -1.0500000000e+01 1.2000000000e+01
1.1223433296e-04 -1.1500000000e+01 -1.1000000000e+01 1.2000000000e+01
7.5655976883e-04 -1.2000000000e+01 -9.5000000000e+00 1.2000000000e+01
4.8159012488e-04 -1.2000000000e+01 -1.0000000000e+01 1.2000000000e+01
2.4626492743e-04 -1.2000000000e+01 -1.0500000000e+01 1.2000000000e+01
9.7880266447e-05 -1.1000000000e+01 -1.1000000000e+01 1.2000000000e+01
9.7306247005e-05 -1.2000000000e+01 -1.1000000000e+01 1.2000000000e+01
5.1765646540e-04 -1.2500000000e+01 -9.5000000000e+00 1.2000000000e+01
9.7232360651e-04 -1.1500000000e+01 -9.0000000000e+00 1.2000000000e+01
8.1521904857e-04 -1.1000000000e+01 -9.0000000000e+00 1.2000000000e+01
8.9122599044e-04 -1.2000000000e+01 -9.0000000000e+00 1.2000000000e+01
5.1822982574e-04 -1.0500000000e+01 -9.0000000000e+00 1.2000000000e+01
4.6104417138e-04 -1.0500000000e+01 -9.5000000000e+00 1.2000000000e+01
3.0331092345e-04 -1.0500000000e+01 -1.0000000000e+01 1.2000000000e+01
1.5893486129e-04 -1.0500000000e+01 -1.0500000000e+01 1.2000000000e+01
6.4739184156e-05 -1.0500000000e+01 -1.1000000000e+01 1.2000000000e+01
6.2436619915e-04 -1.2500000000e+01 -9.0000000000e+00 1.2000000000e+01
3.2500168863e-04 -1.2500000000e+01 -1.0000000000e+01 1.2000000000e+01
1.6382570594e-04 -1.2500000000e+01 -1.0500000000e+01 1.2000000000e+01
6.3629703427e-05 -1.2500000000e+01 -1.1000000000e+01 1.2000000000e+01
3.3474794535e-04 -1.3000000000e+01 -9.0000000000e+00 1.2000000000e+01
2.6978467545e-04 -1.3000000000e+01 -9.5000000000e+00 1.2000000000e+01
9.3688314958e-04 -1.1500000000e+01 -8.5000000000e+00 1.2000000000e+01
7.8103154136e-04 -1.1000000000e+01 -8.5000000000e+00 1.2000000000e+01
8.6524231355e-04 -1.2000000000e+01 -8.5000000000e+00 1.2000000000e+01
4.9324383929e-04 -1.0500000000e+01 -8.5000000000e+00 1.2000000000e+01
6.1030920859e-04 -1.2500000000e+01 -8.5000000000e+00 1.2000000000e+01
2.3676526205e-04 -1.0000000000e+01 -8.5000000000e+00 1.2000000000e+01
2.5015767938e-04 -1.0000000000e+01 -9.0000000000e+00 1.2000000000e+01
2.2527726006e-04 -1.0000000000e+01 -9.5000000000e+00 1.2000000000e+01
1.5011921987e-04 -1.0000000000e+01 -1.0000000000e+01 1.2000000000e+01
7.9406735300e-05 -1.0000000000e+01 -1.0500000000e+01 1.2000000000e+01
3.2980163159e-04 -1.3000000000e+01 -8.5000000000e+00 1.2000000000e+01
1.6691849651e-04 -1.3000000000e+01 -1.0000000000e+01 1.2000000000e+01
8.2806122773e-05 -1.3000000000e+01 -1.0500000000e+01 1.2000000000e+01
1.3614530510e-04 -1.3500000000e+01 -8.5000000000e+00 1.2000000000e+01
1.3651186879e-04 -1.3500000000e+01 -9.0000000000e+00 1.2000000000e+01
1.0714670576e-04 -1.3500000000e+01 -9.5000000000e+00 1.2000000000e+01
7.3122439051e-04 -1.1500000000e+01 -8.0000000000e+00 1.2000000000e+01
6.0020867226e-04 -1.1000000000e+01 -8.0000000000e+00 1.2000000000e+01
6.9046183610e-04 -1.2000000000e+01 -8.0000000000e+00 1.2000000000e+01
3.7326498735e-04 -1.0500000000e+01 -8.0000000000e+00 1.2000000000e+01
4.9649714274e-04 -1.2500000000e+01 -8.0000000000e+00 1.2000000000e+01
1.7675132133e-04 -1.0000000000e+01 -8.0000000000e+00 1.2000000000e+01
2.7407588011e-04 -1.3000000000e+01 -8.0000000000e+00 1.2000000000e+01
6.3193352538e-05 -9.5000000000e+00 -8.0000000000e+00 1.2000000000e+01
8.5979546095e-05 -9.5000000000e+00 -8.5000000000e+00 1.2000000000e+01
9.1526954715e-05 -9.5000000000e+00 -9.0000000000e+00 1.2000000000e+01
8.3961699481e-05 -9.5000000000e+00 -9.5000000000e+00 1.2000000000e+01
5.6864649110e-05 -9.5000000000e+00 -1.0000000000e+01 1.2000000000e+01
1.1572057492e-04 -1.3500000000e+01 -8.0000000000e+00 1.2000000000e+01
6.5145990092e-05 -1.3500000000e+01 -1.0000000000e+01 1.2000000000e+01
8.6256339899e-05 -1.4000000000e+01 -1.0000000000e+01 9.5000000000e+00
4.2505319407e-05 -1.4000000000e+01 -8.5000000000e+00 1.2000000000e+01
4.2009053156e-05 -1.4000000000e+01 -9.0000000000e+00 1.2000000000e+01
4.3654129140e-04 -1.1500000000e+01 -7.5000000000e+00 1.2000000000e+01
3.5311426281e-04 -1.1000000000e+01 -7.5000000000e+00 1.2000000000e+01
4.2060043152e-04 -1.2000000000e+01 -7.5000000000e+00 1.2000000000e+01
2.1585908289e-04 -1.0500000000e+01 -7.5000000000e+00 1.2000000000e+01
3.0812915785e-04 -1.2500000000e+01 -7.5000000000e+00 1.2000000000e+01
1.0052689669e-04 -1.0000000000e+01 -7.5000000000e+00 1.2000000000e+01
1.7360283232e-04 -1.3000000000e+01 -7.5000000000e+00 1.2000000000e+01
7.4712424579e-05 -1.3500000000e+01 -7.5000000000e+00 1.2000000000e+01
1.0383720851e-03 -1.1500000000e+01 -7.5000000000e+00 1.1500000000e+01
8.5873302147e-04 -1.1000000000e+01 -7.5000000000e+00 1.1500000000e+01
9.7393900706e-04 -1.2000000000e+01 -7.5000000000e+00 1.1500000000e+01
5.3888267407e-04 -1.0500000000e+01 -7.5000000000e+00 1.1500000000e+01
6.9793188537e-04 -1.2500000000e+01 -7.5000000000e+00 1.1500000000e+01
2.5776919311e-04 -1.0000000000e+01 -7.5000000000e+00 1.1500000000e+01
3.8482221443e-04 -1.3000000000e+01 -7.5000000000e+00 1.1500000000e+01
9.3104930018e-05 -9.5000000000e+00 -7.5000000000e+00 1.1500000000e+01
1.6209487959e-04 -1.3500000000e+01 -7.5000000000e+00 1.1500000000e+01
4.6431305284e-05 -9.0000000000e+00 -8.0000000000e+00 1.1500000000e+01
6.5944765859e-05 -9.0000000000e+00 -8.5000000000e+00 1.1500000000e+01
7.1942137136e-05 -9.0000000000e+00 -9.0000000000e+00 1.1500000000e+01
6.8423320518e-05 -9.0000000000e+00 -9.5000000000e+00 1.1500000000e+01
4.7898085197e-05 -9.0000000000e+00 -1.0000000000e+01 1.1500000000e+01
1.5440076528e-04 -1.1500000000e+01 -7.5000000000e+00 7.5000000000e+00
1.4849177933e-04 -1.1000000000e+01 -7.5000000000e+00 7.5000000000e+00
1.2152535122e-04 -1.2000000000e+01 -7.5000000000e+00 7.5000000000e+00
1.1089083378e-04 -1.0500000000e+01 -7.5000000000e+00 7.5000000000e+00
7.3267294236e-05 -1.2500000000e+01 -7.5000000000e+00 7.5000000000e+00
6.2486144280e-05 -1.0000000000e+01 -7.5000000000e+00 7.5000000000e+00
5.1699101855e-05 -1.4000000000e+01 -7.5000000000e+00 1.1500000000e+01
1.9240651681e-03 -1.1500000000e+01 -7.5000000000e+00 1.1000000000e+01
1.6249640543e-03 -1.1000000000e+01 -7.5000000000e+00 1.1000000000e+01
1.7593269515e-03 -1.2000000000e+01 -7.5000000000e+00 1.1000000000e+01
1.0450524879e-03 -1.0500000000e+01 -7.5000000000e+00 1.1000000000e+01
1.2330129928e-03 -1.2500000000e+01 -7.5000000000e+00 1.1000000000e+01
5.1250488767e-04 -1.0000000000e+01 -7.5000000000e+00 1.1000000000e+01
6.6393394142e-04 -1.3000000000e+01 -7.5000000000e+00 1.1000000000e+01
1.8999839481e-04 -9.5000000000e+00 -7.5000000000e+00 1.1000000000e+01
2.7391788809e-04 -1.3500000000e+01 -7.5000000000e+00 1.1000000000e+01
5.2602506302e-05 -9.0000000000e+00 -7.5000000000e+00 1.1000000000e+01
9.7716828849e-05 -9.0000000000e+00 -8.0000000000e+00 1.1000000000e+01
1.3994410846e-04 -9.0000000000e+00 -8.5000000000e+00 1.1000000000e+01
1.5313825319e-04 -9.0000000000e+00 -9.0000000000e+00 1.1000000000e+01
1.4651499679e-04 -9.0000000000e+00 -9.5000000000e+00 1.1000000000e+01
1.0349519323e-04 -9.0000000000e+00 -1.0000000000e+01 1.1000000000e+01
5.6184309798e-05 -9.0000000000e+00 -1.0500000000e+01 1.1000000000e+01
4.7179418483e-04 -1.1500000000e+01 -7.5000000000e+00 8.0000000000e+00
4.4512921399e-04 -1.1000000000e+01 -7.5000000000e+00 8.0000000000e+00
3.7985709319e-04 -1.2000000000e+01 -7.5000000000e+00 8.0000000000e+00
3.2443561818e-04 -1.0500000000e+01 -7.5000000000e+00 8.0000000000e+00
2.3503071299e-04 -1.2500000000e+01 -7.5000000000e+00 8.0000000000e+00
1.7935950297e-04 -1.0000000000e+01 -7.5000000000e+00 8.0000000000e+00
1.1108347220e-04 -1.3000000000e+01 -7.5000000000e+00 8.0000000000e+00
7.5151972385e-05 -9.5000000000e+00 -7.5000000000e+00 8.0000000000e+00
8.4810139233e-05 -1.4000000000e+01 -7.5000000000e+00 1.1000000000e+01
4.5008621639e-05 -9.0000000000e+00 -8.0000000000e+00 8.0000000000e+00
6.5542000879e-05 -9.0000000000e+00 -8.5000000000e+00 8.0000000000e+00
7.1426715373e-05 -9.0000000000e+00 -9.0000000000e+00 8.0000000000e+00
6.7075316877e-05 -9.0000000000e+00 -9.5000000000e+00 8.0000000000e+00
4.6725472395e-05 -9.0000000000e+00 -1.0000000000e+01 8.0000000000e+00
2.7908533846e-03 -1.1500000000e+01 -7.5000000000e+00 1.0500000000e+01
2.4095990730e-03 -1.1000000000e+01 -7.5000000000e+00 1.0500000000e+01
2.4882996943e-03 -1.2000000000e+01 -7.5000000000e+00 1.0500000000e+01
1.5881554779e-03 -1.0500000000e+01 -7.5000000000e+00 1.0500000000e+01
1.7025981013e-03 -1.2500000000e+01 -7.5000000000e+00 1.0500000000e+01
7.9769207026e-04 -1.0000000000e+01 -7.5000000000e+00 1.0500000000e+01
8.9390202840e-04 -1.3000000000e+01 -7.5000000000e+00 1.0500000000e+01
3.0299741788e-04 -9.5000000000e+00 -7.5000000000e+00 1.0500000000e+01
3.5840889129e-04 -1.3500000000e+01 -7.5000000000e+00 1.0500000000e+01
8.6052093434e-05 -9.0000000000e+00 -7.5000000000e+00 1.0500000000e+01
1.6016287938e-04 -9.0000000000e+00 -8.0000000000e+00 1.0500000000e+01
2.3033063918e-04 -9.0000000000e+00 -8.5000000000e+00 1.0500000000e+01
2.5201117601e-04 -9.0000000000e+00 -9.0000000000e+00 1.0500000000e+01
2.4114024309e-04 -9.0000000000e+00 -9.5000000000e+00 1.0500000000e+01
1.7050652348e-04 -9.0000000000e+00 -1.0000000000e+01 1.0500000000e+01
9.2103760137e-05 -9.0000000000e+00 -1.0500000000e+01 1.0500000000e+01
1.1027889682e-03 -1.1500000000e+01 -7.5000000000e+00 8.5000000000e+00
1.0230107498e-03 -1.1000000000e+01 -7.5000000000e+00 8.5000000000e+00
9.0680714069e-04 -1.2000000000e+01 -7.5000000000e+00 8.5000000000e+00
7.3104432047e-04 -1.0500000000e+01 -7.5000000000e+00 8.5000000000e+00
5.7326116418e-04 -1.2500000000e+01 -7.5000000000e+00 8.5000000000e+00
3.9741458550e-04 -1.0000000000e+01 -7.5000000000e+00 8.5000000000e+00
2.7747668890e-04 -1.3000000000e+01 -7.5000000000e+00 8.5000000000e+00
1.6348398765e-04 -9.5000000000e+00 -7.5000000000e+00 8.5000000000e+00
1.0135175474e-04 -1.3500000000e+01 -7.5000000000e+00 8.5000000000e+00
1.0747777804e-04 -1.4000000000e+01 -7.5000000000e+00 1.0500000000e+01
5.0477987687e-05 -9.0000000000e+00 -7.5000000000e+00 8.5000000000e+00
9.5586171958e-05 -9.0000000000e+00 -8.0000000000e+00 8.5000000000e+00
1.3891958562e-04 -9.0000000000e+00 -8.5000000000e+00 8.5000000000e+00
1.5157919131e-04 -9.0000000000e+00 -9.0000000000e+00 8.5000000000e+00
1.4316193328e-04 -9.0000000000e+00 -9.5000000000e+00 8.5000000000e+00
1.0031615602e-04 -9.0000000000e+00 -1.0000000000e+01 8.5000000000e+00
5.2751664207e-05 -9.0000000000e+00 -1.0500000000e+01 8.5000000000e+00
3.1178056895e-03 -1.1500000000e+01 -7.5000000000e+00 1.0000000000e+01
2.7453626879e-03 -1.1000000000e+01 -7.5000000000e+00 1.0000000000e+01
2.7229099194e-03 -1.2000000000e+01 -7.5000000000e+00 1.0000000000e+01
1.8511901089e-03 -1.0500000000e+01 -7.5000000000e+00 1.0000000000e+01
1.8298048153e-03 -1.2500000000e+01 -7.5000000000e+00 1.0000000000e+01
9.5284812559e-04 -1.0000000000e+01 -7.5000000000e+00 1.0000000000e+01
9.4405334425e-04 -1.3000000000e+01 -7.5000000000e+00 1.0000000000e+01
3.7142865626e-04 -9.5000000000e+00 -7.5000000000e+00 1.0000000000e+01
3.7190643814e-04 -1.3500000000e+01 -7.5000000000e+00 1.0000000000e+01
1.0859457698e-04 -9.0000000000e+00 -7.5000000000e+00 1.0000000000e+01
2.0185369205e-04 -9.0000000000e+00 -8.0000000000e+00 1.0000000000e+01
2.9017088756e-04 -9.0000000000e+00 -8.5000000000e+00 1.0000000000e+01
3.1657360754e-04 -9.0000000000e+00 -9.0000000000e+00 1.0000000000e+01
3.0141931507e-04 -9.0000000000e+00 -9.5000000000e+00 1.0000000000e+01
2.1240713230e-04 -9.0000000000e+00 -1.0000000000e+01 1.0000000000e+01
1.1375968190e-04 -9.0000000000e+00 -1.0500000000e+01 1.0000000000e+01
4.7743031177e-05 -9.0000000000e+00 -1.1000000000e+01 1.0000000000e+01
2.0012765869e-03 -1.1500000000e+01 -7.5000000000e+00 9.0000000000e+00
1.8256812556e-03 -1.1000000000e+01 -7.5000000000e+00 9.0000000000e+00
1.6782660228e-03 -1.2000000000e+01 -7.5000000000e+00 9.0000000000e+00
1.2799288873e-03 -1.0500000000e+01 -7.5000000000e+00 9.0000000000e+00
1.0820389269e-03 -1.2500000000e+01 -7.5000000000e+00 9.0000000000e+00
6.8363074885e-04 -1.0000000000e+01 -7.5000000000e+00 9.0000000000e+00
5.3469345463e-04 -1.3000000000e+01 -7.5000000000e+00 9.0000000000e+00
2.7636826006e-04 -9.5000000000e+00 -7.5000000000e+00 9.0000000000e+00
2.0122354111e-04 -1.3500000000e+01 -7.5000000000e+00 9.0000000000e+00
1.0939568911e-04 -1.4000000000e+01 -7.5000000000e+00 1.0000000000e+01
8.3804722760e-05 -9.0000000000e+00 -7.5000000000e+00 9.0000000000e+00
1.5771171282e-04 -9.0000000000e+00 -8.0000000000e+00 9.0000000000e+00
2.2855077546e-04 -9.0000000000e+00 -8.5000000000e+00 9.0000000000e+00
2.4950028960e-04 -9.0000000000e+00 -9.0000000000e+00 9.0000000000e+00
2.3663210457e-04 -9.0000000000e+00 -9.5000000000e+00 9.0000000000e+00
1.6640792874e-04 -9.0000000000e+00 -1.0000000000e+01 9.0000000000e+00
8.8171564409e-05 -9.0000000000e+00 -1.0500000000e+01 9.0000000000e+00
2.8753374253e-03 -1.1500000000e+01 -7.5000000000e+00 9.5000000000e+00
2.5746809645e-03 -1.1000000000e+01 -7.5000000000e+00 9.5000000000e+00
2.4617442849e-03 -1.2000000000e+01 -7.5000000000e+00 9.5000000000e+00
1.7678784985e-03 -1.0500000000e+01 -7.5000000000e+00 9.5000000000e+00
1.6184021737e-03 -1.2500000000e+01 -7.5000000000e+00 9.5000000000e+00
9.2490639413e-04 -1.0000000000e+01 -7.5000000000e+00 9.5000000000e+00
8.1590862212e-04 -1.3000000000e+01 -7.5000000000e+00 9.5000000000e+00
3.6638013160e-04 -9.5000000000e+00 -7.5000000000e+00 9.5000000000e+00
3.1392510749e-04 -1.3500000000e+01 -7.5000000000e+00 9.5000000000e+00
1.0885351908e-04 -9.0000000000e+00 -7.5000000000e+00 9.5000000000e+00
2.0392325887e-04 -9.0000000000e+00 -8.0000000000e+00 9.5000000000e+00
2.9532040163e-04 -9.0000000000e+00 -8.5000000000e+00 9.5000000000e+00
3.2317825213e-04 -9.0000000000e+00 -9.0000000000e+00 9.5000000000e+00
3.0836540492e-04 -9.0000000000e+00 -9.5000000000e+00 9.5000000000e+00
2.1816617084e-04 -9.0000000000e+00 -1.0000000000e+01 9.5000000000e+00
1.1686460802e-04 -9.0000000000e+00 -1.0500000000e+01 9.5000000000e+00
4.9061892898e-05 -9.0000000000e+00 -1.1000000000e+01 9.5000000000e+00
8.9772117959e-05 -1.4000000000e+01 -7.5000000000e+00 9.5000000000e+00
5.6144746554e-05 -1.4000000000e+01 -7.5000000000e+00 9.0000000000e+00
1.4030480475e-04 -1.1500000000e+01 -1.0000000000e+01 1.2500000000e+01
6.9873496909e-05 -1.1500000000e+01 -1.0500000000e+01 1.2500000000e+01
2.2820316076e-04 -1.1500000000e+01 -9.5000000000e+00 1.2500000000e+01
1.9125311471e-04 -1.1000000000e+01 -9.5000000000e+00 1.2500000000e+01
1.1840853537e-04 -1.1000000000e+01 -1.0000000000e+01 1.2500000000e+01
5.9181295811e-05 -1.1000000000e+01 -1.0500000000e+01 1.2500000000e+01
2.0836351044e-04 -1.2000000000e+01 -9.5000000000e+00 1.2500000000e+01
1.2650639693e-04 -1.2000000000e+01 -1.0000000000e+01 1.2500000000e+01
6.2497093374e-05 -1.2000000000e+01 -1.0500000000e+01 1.2500000000e+01
1.4576179230e-04 -1.2500000000e+01 -9.5000000000e+00 1.2500000000e+01
2.8257515698e-04 -1.1500000000e+01 -9.0000000000e+00 1.2500000000e+01
2.3223736788e-04 -1.1000000000e+01 -9.0000000000e+00 1.2500000000e+01
2.6419166188e-04 -1.2000000000e+01 -9.0000000000e+00 1.2500000000e+01
1.4440475194e-04 -1.0500000000e+01 -9.0000000000e+00 1.2500000000e+01
1.2144436091e-04 -1.0500000000e+01 -9.5000000000e+00 1.2500000000e+01
7.6527105129e-05 -1.0500000000e+01 -1.0000000000e+01 1.2500000000e+01
1.8850377722e-04 -1.2500000000e+01 -9.0000000000e+00 1.2500000000e+01
8.8627270657e-05 -1.2500000000e+01 -1.0000000000e+01 1.2500000000e+01
4.5134081061e-05 -1.2500000000e+01 -1.0500000000e+01 1.2500000000e+01
1.0462194533e-04 -1.3000000000e+01 -9.0000000000e+00 1.2500000000e+01
7.9429454032e-05 -1.3000000000e+01 -9.5000000000e+00 1.2500000000e+01
2.7742180672e-04 -1.1500000000e+01 -8.5000000000e+00 1.2500000000e+01
2.2690124772e-04 -1.1000000000e+01 -8.5000000000e+00 1.2500000000e+01
2.6205484525e-04 -1.2000000000e+01 -8.5000000000e+00 1.2500000000e+01
1.4034592786e-04 -1.0500000000e+01 -8.5000000000e+00 1.2500000000e+01
1.8893449429e-04 -1.2500000000e+01 -8.5000000000e+00 1.2500000000e+01
6.6052423828e-05 -1.0000000000e+01 -8.5000000000e+00 1.2500000000e+01
6.8289434129e-05 -1.0000000000e+01 -9.0000000000e+00 1.2500000000e+01
5.8906434628e-05 -1.0000000000e+01 -9.5000000000e+00 1.2500000000e+01
1.0633039001e-04 -1.3000000000e+01 -8.5000000000e+00 1.2500000000e+01
4.9277499890e-05 -1.3000000000e+01 -1.0000000000e+01 1.2500000000e+01
4.8819657762e-05 -1.3500000000e+01 -8.5000000000e+00 1.2500000000e+01
4.7700400169e-05 -1.3500000000e+01 -9.0000000000e+00 1.2500000000e+01
2.2713479370e-04 -1.1500000000e+01 -8.0000000000e+00 1.2500000000e+01
1.8290941210e-04 -1.1000000000e+01 -8.0000000000e+00 1.2500000000e+01
2.1938706323e-04 -1.2000000000e+01 -8.0000000000e+00 1.2500000000e+01
1.1125737102e-04 -1.0500000000e+01 -8.0000000000e+00 1.2500000000e+01
1.6136406568e-04 -1.2500000000e+01 -8.0000000000e+00 1.2500000000e+01
5.1744973822e-05 -1.0000000000e+01 -8.0000000000e+00 1.2500000000e+01
9.2552923023e-05 -1.3000000000e+01 -8.0000000000e+00 1.2500000000e+01
4.2713117503e-05 -1.3500000000e+01 -8.0000000000e+00 1.2500000000e+01
1.4036507247e-04 -1.1500000000e+01 -7.5000000000e+00 1.2500000000e+01
1.1109160583e-04 -1.1000000000e+01 -7.5000000000e+00 1.2500000000e+01
1.3904921307e-04 -1.2000000000e+01 -7.5000000000e+00 1.2500000000e+01
6.6257363729e-05 -1.0500000000e+01 -7.5000000000e+00 1.2500000000e+01
1.0476370185e-04 -1.2500000000e+01 -7.5000000000e+00 1.2500000000e+01
6.1228310084e-05 -1.3000000000e+01 -7.5000000000e+00 1.2500000000e+01
6.8992080076e-05 -1.1500000000e+01 -7.0000000000e+00 1.2500000000e+01
5.3747862450e-05 -1.1000000000e+01 -7.0000000000e+00 1.2500000000e+01
7.0058232833e-05 -1.2000000000e+01 -7.0000000000e+00 1.2500000000e+01
5.4852167595e-05 -1.2500000000e+01 -7.0000000000e+00 1.2500000000e+01
2.0046222254e-04 -1.1500000000e+01 -7.0000000000e+00 1.2000000000e+01
1.5955357268e-04 -1.1000000000e+01 -7.0000000000e+00 1.2000000000e+01
1.9723554471e-04 -1.2000000000e+01 -7.0000000000e+00 1.2000000000e+01
9.6850497914e-05 -1.0500000000e+01 -7.0000000000e+00 1.2000000000e+01
1.4838563368e-04 -1.2500000000e+01 -7.0000000000e+00 1.2000000000e+01
4.5988083038e-05 -1.0000000000e+01 -7.0000000000e+00 1.2000000000e+01
8.7790060728e-05 -1.3000000000e+01 -7.0000000000e+00 1.2000000000e+01
4.2965110326e-05 -1.3500000000e+01 -7.0000000000e+00 1.2000000000e+01
4.6729493573e-04 -1.1500000000e+01 -7.0000000000e+00 1.1500000000e+01
3.8108087895e-04 -1.1000000000e+01 -7.0000000000e+00 1.1500000000e+01
4.4649151402e-04 -1.2000000000e+01 -7.0000000000e+00 1.1500000000e+01
2.3642650484e-04 -1.0500000000e+01 -7.0000000000e+00 1.1500000000e+01
3.2603234146e-04 -1.2500000000e+01 -7.0000000000e+00 1.1500000000e+01
1.1300352398e-04 -1.0000000000e+01 -7.0000000000e+00 1.1500000000e+01
1.8356741423e-04 -1.3000000000e+01 -7.0000000000e+00 1.1500000000e+01
4.1852837411e-05 -9.5000000000e+00 -7.0000000000e+00 1.1500000000e+01
8.2188782198e-05 -1.3500000000e+01 -7.0000000000e+00 1.1500000000e+01
7.0377624077e-05 -1.1500000000e+01 -7.0000000000e+00 7.5000000000e+00
6.6929074073e-05 -1.1000000000e+01 -7.0000000000e+00 7.5000000000e+00
5.6462617818e-05 -1.2000000000e+01 -7.0000000000e+00 7.5000000000e+00
4.9194477988e-05 -1.0500000000e+01 -7.0000000000e+00 7.5000000000e+00
4.5287112046e-05 -1.2500000000e+01 -7.0000000000e+00 7.5000000000e+00
8.5346094956e-04 -1.1500000000e+01 -7.0000000000e+00 1.1000000000e+01
7.1228620089e-04 -1.1000000000e+01 -7.0000000000e+00 1.1000000000e+01
7.9353252601e-04 -1.2000000000e+01 -7.0000000000e+00 1.1000000000e+01
4.5259698140e-04 -1.0500000000e+01 -7.0000000000e+00 1.1000000000e+01
5.6566295421e-04 -1.2500000000e+01 -7.0000000000e+00 1.1000000000e+01
2.2059634435e-04 -1.0000000000e+01 -7.0000000000e+00 1.1000000000e+01
3.1091549114e-04 -1.3000000000e+01 -7.0000000000e+00 1.1000000000e+01
8.2173756583e-05 -9.5000000000e+00 -7.0000000000e+00 1.1000000000e+01
1.3284850890e-04 -1.3500000000e+01 -7.0000000000e+00 1.1000000000e+01
4.9572699314e-05 -1.4000000000e+01 -7.0000000000e+00 1.1000000000e+01
2.0001447926e-04 -1.1500000000e+01 -7.0000000000e+00 8.0000000000e+00
1.8700284335e-04 -1.1000000000e+01 -7.0000000000e+00 8.0000000000e+00
1.6454045585e-04 -1.2000000000e+01 -7.0000000000e+00 8.0000000000e+00
1.3590948360e-04 -1.0500000000e+01 -7.0000000000e+00 8.0000000000e+00
1.0576177999e-04 -1.2500000000e+01 -7.0000000000e+00 8.0000000000e+00
7.6135396568e-05 -1.0000000000e+01 -7.0000000000e+00 8.0000000000e+00
5.3468706662e-05 -1.3000000000e+01 -7.0000000000e+00 8.0000000000e+00
1.2258321613e-03 -1.1500000000e+01 -7.0000000000e+00 1.0500000000e+01
1.0463609321e-03 -1.1000000000e+01 -7.0000000000e+00 1.0500000000e+01
1.1088029715e-03 -1.2000000000e+01 -7.0000000000e+00 1.0500000000e+01
6.8210711684e-04 -1.0500000000e+01 -7.0000000000e+00 1.0500000000e+01
7.7091903106e-04 -1.2500000000e+01 -7.0000000000e+00 1.0500000000e+01
3.3973697646e-04 -1.0000000000e+01 -7.0000000000e+00 1.0500000000e+01
4.1257410798e-04 -1.3000000000e+01 -7.0000000000e+00 1.0500000000e+01
1.2865775978e-04 -9.5000000000e+00 -7.0000000000e+00 1.0500000000e+01
1.7238221790e-04 -1.3500000000e+01 -7.0000000000e+00 1.0500000000e+01
6.2683290361e-05 -1.4000000000e+01 -7.0000000000e+00 1.0500000000e+01
5.1720362377e-05 -8.5000000000e+00 -8.5000000000e+00 1.0500000000e+01
5.6428106305e-05 -8.5000000000e+00 -9.0000000000e+00 1.0500000000e+01
5.2925049962e-05 -8.5000000000e+00 -9.5000000000e+00 1.0500000000e+01
4.6679664525e-04 -1.1500000000e+01 -7.0000000000e+00 8.5000000000e+00
4.2951141121e-04 -1.1000000000e+01 -7.0000000000e+00 8.5000000000e+00
3.8894368823e-04 -1.2000000000e+01 -7.0000000000e+00 8.5000000000e+00
3.0473142896e-04 -1.0500000000e+01 -7.0000000000e+00 8.5000000000e+00
2.4981184117e-04 -1.2500000000e+01 -7.0000000000e+00 8.5000000000e+00
1.6518558362e-04 -1.0000000000e+01 -7.0000000000e+00 8.5000000000e+00
1.2530390933e-04 -1.3000000000e+01 -7.0000000000e+00 8.5000000000e+00
6.9223081524e-05 -9.5000000000e+00 -7.0000000000e+00 8.5000000000e+00
5.6520654480e-05 -1.3500000000e+01 -7.0000000000e+00 8.5000000000e+00
1.3626477651e-03 -1.1500000000e+01 -7.0000000000e+00 1.0000000000e+01
1.1876878216e-03 -1.1000000000e+01 -7.0000000000e+00 1.0000000000e+01
1.2063779698e-03 -1.2000000000e+01 -7.0000000000e+00 1.0000000000e+01
7.9315271227e-04 -1.0500000000e+01 -7.0000000000e+00 1.0000000000e+01
8.2228671607e-04 -1.2500000000e+01 -7.0000000000e+00 1.0000000000e+01
4.0489360900e-04 -1.0000000000e+01 -7.0000000000e+00 1.0000000000e+01
4.3159110820e-04 -1.3000000000e+01 -7.0000000000e+00 1.0000000000e+01
1.5688700996e-04 -9.5000000000e+00 -7.0000000000e+00 1.0000000000e+01
1.7723692111e-04 -1.3500000000e+01 -7.0000000000e+00 1.0000000000e+01
4.6469293902e-05 -9.0000000000e+00 -7.0000000000e+00 1.0000000000e+01
6.3665163212e-05 -1.4000000000e+01 -7.0000000000e+00 1.0000000000e+01
4.5776215335e-05 -8.5000000000e+00 -8.0000000000e+00 1.0000000000e+01
6.6924760568e-05 -8.5000000000e+00 -8.5000000000e+00 1.0000000000e+01
7.2780634061e-05 -8.5000000000e+00 -9.0000000000e+00 1.0000000000e+01
6.7828652161e-05 -8.5000000000e+00 -9.5000000000e+00 1.0000000000e+01
4.6802218444e-05 -8.5000000000e+00 -1.0000000000e+01 1.0000000000e+01
8.5500790207e-04 -1.1500000000e+01 -7.0000000000e+00 9.0000000000e+00
7.7323089287e-04 -1.1000000000e+01 -7.0000000000e+00 9.0000000000e+00
7.2531052461e-04 -1.2000000000e+01 -7.0000000000e+00 9.0000000000e+00
5.3774320543e-04 -1.0500000000e+01 -7.0000000000e+00 9.0000000000e+00
4.7368263440e-04 -1.2500000000e+01 -7.0000000000e+00 9.0000000000e+00
2.8531430111e-04 -1.0000000000e+01 -7.0000000000e+00 9.0000000000e+00
2.3847247941e-04 -1.3000000000e+01 -7.0000000000e+00 9.0000000000e+00
1.1578915260e-04 -9.5000000000e+00 -7.0000000000e+00 9.0000000000e+00
9.5336375905e-05 -1.3500000000e+01 -7.0000000000e+00 9.0000000000e+00
4.1603827418e-05 -1.4000000000e+01 -7.0000000000e+00 9.0000000000e+00
5.4678592476e-05 -8.5000000000e+00 -8.5000000000e+00 9.0000000000e+00
5.9445538851e-05 -8.5000000000e+00 -9.0000000000e+00 9.0000000000e+00
5.5065766228e-05 -8.5000000000e+00 -9.5000000000e+00 9.0000000000e+00
1.2354317251e-03 -1.1500000000e+01 -7.0000000000e+00 9.5000000000e+00
1.0964065512e-03 -1.1000000000e+01 -7.0000000000e+00 9.5000000000e+00
1.0698706548e-03 -1.2000000000e+01 -7.0000000000e+00 9.5000000000e+00
7.4659047521e-04 -1.0500000000e+01 -7.0000000000e+00 9.5000000000e+00
7.1311833009e-04 -1.2500000000e+01 -7.0000000000e+00 9.5000000000e+00
3.8790286839e-04 -1.0000000000e+01 -7.0000000000e+00 9.5000000000e+00
3.6614807049e-04 -1.3000000000e+01 -7.0000000000e+00 9.5000000000e+00
1.5312504440e-04 -9.5000000000e+00 -7.0000000000e+00 9.5000000000e+00
1.4682313960e-04 -1.3500000000e+01 -7.0000000000e+00 9.5000000000e+00
4.6246635968e-05 -9.0000000000e+00 -7.0000000000e+00 9.5000000000e+00
5.1600740122e-05 -1.4000000000e+01 -7.0000000000e+00 9.5000000000e+00
4.6976314810e-05 -8.5000000000e+00 -8.0000000000e+00 9.5000000000e+00
6.9125469385e-05 -8.5000000000e+00 -8.5000000000e+00 9.5000000000e+00
7.5333489846e-05 -8.5000000000e+00 -9.0000000000e+00 9.5000000000e+00
7.0239326438e-05 -8.5000000000e+00 -9.5000000000e+00 9.5000000000e+00
7.1184697638e-05 -1.2000000000e+01 -6.5000000000e+00 1.2000000000e+01
5.6352443405e-05 -1.2500000000e+01 -6.5000000000e+00 1.2000000000e+01
5.6460355640e-05 -1.1000000000e+01 -6.5000000000e+00 1.2000000000e+01
7.0081610909e-05 -1.1500000000e+01 -6.5000000000e+00 1.2000000000e+01
1.5599053119e-04 -1.2000000000e+01 -6.5000000000e+00 1.1500000000e+01
1.1707009239e-04 -1.2500000000e+01 -6.5000000000e+00 1.1500000000e+01
7.0740413358e-05 -1.3000000000e+01 -6.5000000000e+00 1.1500000000e+01
7.7398074035e-05 -1.0500000000e+01 -6.5000000000e+00 1.1500000000e+01
1.2708611154e-04 -1.1000000000e+01 -6.5000000000e+00 1.1500000000e+01
1.5722110217e-04 -1.1500000000e+01 -6.5000000000e+00 1.1500000000e+01
2.6726441633e-04 -1.2000000000e+01 -6.5000000000e+00 1.1000000000e+01
1.9519831357e-04 -1.2500000000e+01 -6.5000000000e+00 1.1000000000e+01
1.1221068703e-04 -1.3000000000e+01 -6.5000000000e+00 1.1000000000e+01
5.8590721215e-05 -1.3500000000e+01 -6.5000000000e+00 1.1000000000e+01
6.9407152909e-05 -1.0000000000e+01 -6.5000000000e+00 1.1000000000e+01
4.9566831627e-05 -1.2000000000e+01 -6.5000000000e+00 8.0000000000e+00
5.9118823142e-05 -1.1500000000e+01 -6.5000000000e+00 8.0000000000e+00
5.4247549185e-05 -1.1000000000e+01 -6.5000000000e+00 8.0000000000e+00
1.4558822752e-04 -1.0500000000e+01 -6.5000000000e+00 1.1000000000e+01
2.3001680623e-04 -1.1000000000e+01 -6.5000000000e+00 1.1000000000e+01
2.8050735739e-04 -1.1500000000e+01 -6.5000000000e+00 1.1000000000e+01
3.6474703232e-04 -1.2000000000e+01 -6.5000000000e+00 1.0500000000e+01
3.9395529520e-04 -1.1500000000e+01 -6.5000000000e+00 1.0500000000e+01
2.5957716935e-04 -1.2500000000e+01 -6.5000000000e+00 1.0500000000e+01
1.4515179836e-04 -1.3000000000e+01 -6.5000000000e+00 1.0500000000e+01
7.2868995747e-05 -1.3500000000e+01 -6.5000000000e+00 1.0500000000e+01
1.0532759886e-04 -1.0000000000e+01 -6.5000000000e+00 1.0500000000e+01
1.1538388681e-04 -1.2000000000e+01 -6.5000000000e+00 8.5000000000e+00
1.3575885020e-04 -1.1500000000e+01 -6.5000000000e+00 8.5000000000e+00
7.8477932737e-05 -1.2500000000e+01 -6.5000000000e+00 8.5000000000e+00
4.0738317885e-05 -1.3000000000e+01 -6.5000000000e+00 8.5000000000e+00
4.6904235054e-05 -1.0000000000e+01 -6.5000000000e+00 8.5000000000e+00
3.8968864325e-04 -1.2000000000e+01 -6.5000000000e+00 1.0000000000e+01
4.3032510203e-04 -1.1500000000e+01 -6.5000000000e+00 1.0000000000e+01
2.7165407775e-04 -1.2500000000e+01 -6.5000000000e+00 1.0000000000e+01
1.4918384853e-04 -1.3000000000e+01 -6.5000000000e+00 1.0000000000e+01
7.2383892988e-05 -1.3500000000e+01 -6.5000000000e+00 1.0000000000e+01
4.8485683067e-05 -9.5000000000e+00 -6.5000000000e+00 1.0000000000e+01
1.2132363080e-04 -1.0000000000e+01 -6.5000000000e+00 1.0000000000e+01
2.4152028789e-04 -1.0500000000e+01 -6.5000000000e+00 1.0000000000e+01
3.6832780916e-04 -1.1000000000e+01 -6.5000000000e+00 1.0000000000e+01
8.5764501459e-05 -1.0500000000e+01 -6.5000000000e+00 8.5000000000e+00
2.1874028561e-04 -1.2000000000e+01 -6.5000000000e+00 9.0000000000e+00
1.5030328618e-04 -1.2500000000e+01 -6.5000000000e+00 9.0000000000e+00
7.9923955939e-05 -1.3000000000e+01 -6.5000000000e+00 9.0000000000e+00
8.2393369383e-05 -1.0000000000e+01 -6.5000000000e+00 9.0000000000e+00
1.5354453013e-04 -1.0500000000e+01 -6.5000000000e+00 9.0000000000e+00
3.3128632396e-04 -1.2000000000e+01 -6.5000000000e+00 9.5000000000e+00
2.2728266171e-04 -1.2500000000e+01 -6.5000000000e+00 9.5000000000e+00
1.2244470313e-04 -1.3000000000e+01 -6.5000000000e+00 9.5000000000e+00
5.7089721015e-05 -1.3500000000e+01 -6.5000000000e+00 9.5000000000e+00
5.7308502138e-05 -1.2000000000e+01 -6.0000000000e+00 1.1000000000e+01
5.6470466632e-05 -1.1500000000e+01 -6.0000000000e+00 1.1000000000e+01
4.2960085506e-05 -1.2500000000e+01 -6.0000000000e+00 1.1000000000e+01
5.7730429739e-05 -1.1500000000e+01 -6.0000000000e+00 9.5000000000e+00
4.8913145356e-05 -1.1000000000e+01 -6.0000000000e+00 9.5000000000e+00
5.3018357418e-05 -1.2000000000e+01 -6.0000000000e+00 9.5000000000e+00
5.0056348853e-05 -1.2500000000e+01 -6.0000000000e+00 1.0000000000e+01
6.0235992252e-05 -1.1000000000e+01 -6.0000000000e+00 1.0000000000e+01
6.9361649523e-05 -1.2000000000e+01 -6.0000000000e+00 1.0000000000e+01
7.2898998207e-05 -1.1500000000e+01 -6.0000000000e+00 1.0000000000e+01
5.2746583451e-05 -1.2500000000e+01 -6.0000000000e+00 1.0500000000e+01
5.8167874209e-05 -1.1000000000e+01 -6.0000000000e+00 1.0500000000e+01
7.1281102759e-05 -1.2000000000e+01 -6.0000000000e+00 1.0500000000e+01
7.2179654768e-05 -1.1500000000e+01 -6.0000000000e+00 1.0500000000e+01
4.3987150364e-05 -1.1000000000e+01 -6.0000000000e+00 1.1000000000e+01
4.6013939721e-05 -9.5000000000e+00 -6.5000000000e+00 9.5000000000e+00
1.1524530620e-04 -1.0000000000e+01 -6.5000000000e+00 9.5000000000e+00
2.1904761804e-04 -1.0500000000e+01 -6.5000000000e+00 9.5000000000e+00
3.2683191244e-04 -1.1000000000e+01 -6.5000000000e+00 9.5000000000e+00
3.7426212088e-04 -1.1500000000e+01 -6.5000000000e+00 9.5000000000e+00
2.2421259464e-04 -1.1000000000e+01 -6.5000000000e+00 9.0000000000e+00
2.5178955087e-04 -1.1500000000e+01 -6.5000000000e+00 9.0000000000e+00
1.2302396061e-04 -1.1000000000e+01 -6.5000000000e+00 8.5000000000e+00
2.1114977192e-04 -1.0500000000e+01 -6.5000000000e+00 1.0500000000e+01
3.3029335072e-04 -1.1000000000e+01 -6.5000000000e+00 1.0500000000e+01
4.8586909778e-05 -8.5000000000e+00 -1.0000000000e+01 9.5000000000e+00
