inf
8.8384072045e-05 -1.1500000000e+01 -1.0000000000e+01 1.0000000000e+01
4.7297668481e-04 -1.1500000000e+01 -9.5000000000e+00 1.0000000000e+01
6.2461164927e-04 -1.1000000000e+01 -9.5000000000e+00 1.0000000000e+01
1.3201090339e-04 -1.1000000000e+01 -1.0000000000e+01 1.0000000000e+01
9.3137056939e-05 -1.1500000000e+01 -9.5000000000e+00 9.0000000000e+00
2.3894362923e-04 -1.2000000000e+01 -9.5000000000e+00 1.0000000000e+01
1.7465386651e-04 -1.1000000000e+01 -9.5000000000e+00 9.0000000000e+00
2.3750426354e-04 -1.1500000000e+01 -9.5000000000e+00 9.5000000000e+00
3.8554589027e-04 -1.1000000000e+01 -9.5000000000e+00 9.5000000000e+00
6.9976808125e-05 -1.1000000000e+01 -1.0000000000e+01 9.5000000000e+00
9.3450782465e-05 -1.2000000000e+01 -9.5000000000e+00 9.5000000000e+00
5.9506106378e-05 -1.1000000000e+01 -9.5000000000e+00 8.5000000000e+00
7.3669441874e-05 -1.2500000000e+01 -9.5000000000e+00 1.0000000000e+01
9.7178411877e-05 -1.1500000000e+01 -1.0000000000e+01 1.0500000000e+01
4.8482377248e-04 -1.1500000000e+01 -9.5000000000e+00 1.0500000000e+01
6.1620370694e-04 -1.1000000000e+01 -9.5000000000e+00 1.0500000000e+01
1.3348150514e-04 -1.1000000000e+01 -1.0000000000e+01 1.0500000000e+01
2.6728912939e-04 -1.2000000000e+01 -9.5000000000e+00 1.0500000000e+01
5.1590064896e-05 -1.2000000000e+01 -1.0000000000e+01 1.0500000000e+01
1.0322493683e-04 -1.2500000000e+01 -9.5000000000e+00 1.0500000000e+01
1.6264139759e-03 -1.1500000000e+01 -9.0000000000e+00 1.0500000000e+01
1.8387317492e-03 -1.1000000000e+01 -9.0000000000e+00 1.0500000000e+01
9.9720843231e-04 -1.2000000000e+01 -9.0000000000e+00 1.0500000000e+01
1.5734990662e-03 -1.0500000000e+01 -9.0000000000e+00 1.0500000000e+01
5.6034893308e-04 -1.0500000000e+01 -9.5000000000e+00 1.0500000000e+01
1.3029987679e-04 -1.0500000000e+01 -1.0000000000e+01 1.0500000000e+01
1.6039525966e-04 -1.1500000000e+01 -9.0000000000e+00 8.5000000000e+00
2.6939723650e-04 -1.1000000000e+01 -9.0000000000e+00 8.5000000000e+00
5.6406693781e-05 -1.2000000000e+01 -9.0000000000e+00 8.5000000000e+00
4.4435854058e-04 -1.2500000000e+01 -9.0000000000e+00 1.0500000000e+01
2.9324407092e-04 -1.0500000000e+01 -9.0000000000e+00 8.5000000000e+00
8.3200932401e-05 -1.0500000000e+01 -9.5000000000e+00 8.5000000000e+00
1.6164352943e-03 -1.1500000000e+01 -9.0000000000e+00 1.0000000000e+01
1.8755108148e-03 -1.1000000000e+01 -9.0000000000e+00 1.0000000000e+01
9.5278726562e-04 -1.2000000000e+01 -9.0000000000e+00 1.0000000000e+01
1.6362386899e-03 -1.0500000000e+01 -9.0000000000e+00 1.0000000000e+01
5.8403995365e-04 -1.0500000000e+01 -9.5000000000e+00 1.0000000000e+01
1.3411271602e-04 -1.0500000000e+01 -1.0000000000e+01 1.0000000000e+01
4.6105961382e-04 -1.1500000000e+01 -9.0000000000e+00 9.0000000000e+00
6.5941689633e-04 -1.1000000000e+01 -9.0000000000e+00 9.0000000000e+00
2.1127511592e-04 -1.2000000000e+01 -9.0000000000e+00 9.0000000000e+00
3.8967361083e-04 -1.2500000000e+01 -9.0000000000e+00 1.0000000000e+01
6.6255846053e-04 -1.0500000000e+01 -9.0000000000e+00 9.0000000000e+00
2.0329229625e-04 -1.0500000000e+01 -9.5000000000e+00 9.0000000000e+00
9.8807328269e-04 -1.1500000000e+01 -9.0000000000e+00 9.5000000000e+00
1.2993317689e-03 -1.1000000000e+01 -9.0000000000e+00 9.5000000000e+00
5.0644592594e-04 -1.2000000000e+01 -9.0000000000e+00 9.5000000000e+00
1.2407687884e-03 -1.0500000000e+01 -9.0000000000e+00 9.5000000000e+00
4.1249209048e-04 -1.0500000000e+01 -9.5000000000e+00 9.5000000000e+00
8.5443720512e-05 -1.0500000000e+01 -1.0000000000e+01 9.5000000000e+00
1.6699938653e-04 -1.2500000000e+01 -9.0000000000e+00 9.5000000000e+00
5.5027144459e-05 -1.2500000000e+01 -9.0000000000e+00 9.0000000000e+00
6.3610888893e-05 -1.1000000000e+01 -9.0000000000e+00 8.0000000000e+00
8.2594547658e-05 -1.0500000000e+01 -9.0000000000e+00 8.0000000000e+00
1.3385224961e-04 -1.3000000000e+01 -9.0000000000e+00 1.0500000000e+01
9.5769303529e-05 -1.3000000000e+01 -9.0000000000e+00 1.0000000000e+01
9.0873028161e-05 -1.1500000000e+01 -1.0000000000e+01 1.1000000000e+01
4.4930422046e-04 -1.1500000000e+01 -9.5000000000e+00 1.1000000000e+01
5.4003610331e-04 -1.1000000000e+01 -9.5000000000e+00 1.1000000000e+01
1.1899786440e-04 -1.1000000000e+01 -1.0000000000e+01 1.1000000000e+01
2.5302489018e-04 -1.2000000000e+01 -9.5000000000e+00 1.1000000000e+01
4.8546911654e-05 -1.2000000000e+01 -1.0000000000e+01 1.1000000000e+01
9.7187865026e-05 -1.2500000000e+01 -9.5000000000e+00 1.1000000000e+01
1.4850761769e-03 -1.1500000000e+01 -9.0000000000e+00 1.1000000000e+01
1.6051945763e-03 -1.1000000000e+01 -9.0000000000e+00 1.1000000000e+01
9.3864617377e-04 -1.2000000000e+01 -9.0000000000e+00 1.1000000000e+01
1.3205905241e-03 -1.0500000000e+01 -9.0000000000e+00 1.1000000000e+01
4.7393107116e-04 -1.0500000000e+01 -9.5000000000e+00 1.1000000000e+01
1.0983258679e-04 -1.0500000000e+01 -1.0000000000e+01 1.1000000000e+01
4.2254030806e-04 -1.2500000000e+01 -9.0000000000e+00 1.1000000000e+01
1.2664274677e-04 -1.3000000000e+01 -9.0000000000e+00 1.1000000000e+01
3.3094469551e-03 -1.1500000000e+01 -8.5000000000e+00 1.1000000000e+01
3.3826379560e-03 -1.1000000000e+01 -8.5000000000e+00 1.1000000000e+01
2.2360453136e-03 -1.2000000000e+01 -8.5000000000e+00 1.1000000000e+01
2.6501208891e-03 -1.0500000000e+01 -8.5000000000e+00 1.1000000000e+01
1.0979880974e-03 -1.2500000000e+01 -8.5000000000e+00 1.1000000000e+01
1.4542865824e-03 -1.0000000000e+01 -8.5000000000e+00 1.1000000000e+01
7.5865432372e-04 -1.0000000000e+01 -9.0000000000e+00 1.1000000000e+01
2.9253412832e-04 -1.0000000000e+01 -9.5000000000e+00 1.1000000000e+01
7.3118810833e-05 -1.0000000000e+01 -1.0000000000e+01 1.1000000000e+01
1.1570925437e-04 -1.1500000000e+01 -8.5000000000e+00 8.0000000000e+00
1.8489653777e-04 -1.1000000000e+01 -8.5000000000e+00 8.0000000000e+00
4.8453196658e-05 -1.2000000000e+01 -8.5000000000e+00 8.0000000000e+00
2.0329436940e-04 -1.0500000000e+01 -8.5000000000e+00 8.0000000000e+00
3.7849282260e-04 -1.3000000000e+01 -8.5000000000e+00 1.1000000000e+01
1.6086064795e-04 -1.0000000000e+01 -8.5000000000e+00 8.0000000000e+00
7.3605653783e-05 -1.0000000000e+01 -9.0000000000e+00 8.0000000000e+00
3.6457358157e-03 -1.1500000000e+01 -8.5000000000e+00 1.0500000000e+01
3.8641939654e-03 -1.1000000000e+01 -8.5000000000e+00 1.0500000000e+01
2.3835217528e-03 -1.2000000000e+01 -8.5000000000e+00 1.0500000000e+01
3.1777184685e-03 -1.0500000000e+01 -8.5000000000e+00 1.0500000000e+01
1.1541102078e-03 -1.2500000000e+01 -8.5000000000e+00 1.0500000000e+01
1.8323850928e-03 -1.0000000000e+01 -8.5000000000e+00 1.0500000000e+01
9.4756798337e-04 -1.0000000000e+01 -9.0000000000e+00 1.0500000000e+01
3.6024069504e-04 -1.0000000000e+01 -9.5000000000e+00 1.0500000000e+01
8.9486536118e-05 -1.0000000000e+01 -1.0000000000e+01 1.0500000000e+01
4.7340282485e-04 -1.1500000000e+01 -8.5000000000e+00 8.5000000000e+00
6.5356678468e-04 -1.1000000000e+01 -8.5000000000e+00 8.5000000000e+00
2.2981664197e-04 -1.2000000000e+01 -8.5000000000e+00 8.5000000000e+00
6.4876542341e-04 -1.0500000000e+01 -8.5000000000e+00 8.5000000000e+00
7.0793817878e-05 -1.2500000000e+01 -8.5000000000e+00 8.5000000000e+00
3.9625153000e-04 -1.3000000000e+01 -8.5000000000e+00 1.0500000000e+01
4.6117397325e-04 -1.0000000000e+01 -8.5000000000e+00 8.5000000000e+00
2.2709528774e-04 -1.0000000000e+01 -9.0000000000e+00 8.5000000000e+00
7.5586136653e-05 -1.0000000000e+01 -9.5000000000e+00 8.5000000000e+00
3.6336271253e-03 -1.1500000000e+01 -8.5000000000e+00 1.0000000000e+01
3.9253658263e-03 -1.1000000000e+01 -8.5000000000e+00 1.0000000000e+01
2.3080180531e-03 -1.2000000000e+01 -8.5000000000e+00 1.0000000000e+01
3.2864158224e-03 -1.0500000000e+01 -8.5000000000e+00 1.0000000000e+01
1.0599489640e-03 -1.2500000000e+01 -8.5000000000e+00 1.0000000000e+01
1.9279320809e-03 -1.0000000000e+01 -8.5000000000e+00 1.0000000000e+01
1.0030231525e-03 -1.0000000000e+01 -9.0000000000e+00 1.0000000000e+01
3.8376268559e-04 -1.0000000000e+01 -9.5000000000e+00 1.0000000000e+01
9.5785373994e-05 -1.0000000000e+01 -1.0000000000e+01 1.0000000000e+01
1.2001870985e-03 -1.1500000000e+01 -8.5000000000e+00 9.0000000000e+00
1.5137808174e-03 -1.1000000000e+01 -8.5000000000e+00 9.0000000000e+00
6.5347386819e-04 -1.2000000000e+01 -8.5000000000e+00 9.0000000000e+00
1.4232324544e-03 -1.0500000000e+01 -8.5000000000e+00 9.0000000000e+00
2.4674820324e-04 -1.2500000000e+01 -8.5000000000e+00 9.0000000000e+00
3.2812242696e-04 -1.3000000000e+01 -8.5000000000e+00 1.0000000000e+01
9.5051287342e-04 -1.0000000000e+01 -8.5000000000e+00 9.0000000000e+00
4.7557481454e-04 -1.0000000000e+01 -9.0000000000e+00 9.0000000000e+00
1.6508883739e-04 -1.0000000000e+01 -9.5000000000e+00 9.0000000000e+00
2.3930908123e-03 -1.1500000000e+01 -8.5000000000e+00 9.5000000000e+00
2.8312233239e-03 -1.1000000000e+01 -8.5000000000e+00 9.5000000000e+00
1.3849929938e-03 -1.2000000000e+01 -8.5000000000e+00 9.5000000000e+00
2.5521076391e-03 -1.0500000000e+01 -8.5000000000e+00 9.5000000000e+00
5.7062106811e-04 -1.2500000000e+01 -8.5000000000e+00 9.5000000000e+00
1.6201741855e-03 -1.0000000000e+01 -8.5000000000e+00 9.5000000000e+00
8.4068486291e-04 -1.0000000000e+01 -9.0000000000e+00 9.5000000000e+00
3.1232483785e-04 -1.0000000000e+01 -9.5000000000e+00 9.5000000000e+00
7.2658068444e-05 -1.0000000000e+01 -1.0000000000e+01 9.5000000000e+00
1.5222500745e-04 -1.3000000000e+01 -8.5000000000e+00 9.5000000000e+00
5.4863763961e-05 -1.3000000000e+01 -8.5000000000e+00 9.0000000000e+00
4.5988043081e-05 -1.0500000000e+01 -8.5000000000e+00 7.5000000000e+00
8.7045428527e-05 -1.3500000000e+01 -8.5000000000e+00 1.1000000000e+01
9.0742175087e-05 -1.3500000000e+01 -8.5000000000e+00 1.0500000000e+01
6.3912180016e-05 -1.3500000000e+01 -8.5000000000e+00 1.0000000000e+01
7.1053854911e-05 -1.1500000000e+01 -1.0000000000e+01 1.1500000000e+01
3.4668567284e-04 -1.1500000000e+01 -9.5000000000e+00 1.1500000000e+01
3.9021001338e-04 -1.1000000000e+01 -9.5000000000e+00 1.1500000000e+01
8.7725518712e-05 -1.1000000000e+01 -1.0000000000e+01 1.1500000000e+01
2.0833313620e-04 -1.2000000000e+01 -9.5000000000e+00 1.1500000000e+01
4.0081614491e-05 -1.2000000000e+01 -1.0000000000e+01 1.1500000000e+01
8.5094893069e-05 -1.2500000000e+01 -9.5000000000e+00 1.1500000000e+01
1.0869878281e-03 -1.1500000000e+01 -9.0000000000e+00 1.1500000000e+01
1.1144850679e-03 -1.1000000000e+01 -9.0000000000e+00 1.1500000000e+01
7.3256060456e-04 -1.2000000000e+01 -9.0000000000e+00 1.1500000000e+01
8.5466916421e-04 -1.0500000000e+01 -9.0000000000e+00 1.1500000000e+01
3.2158494089e-04 -1.0500000000e+01 -9.5000000000e+00 1.1500000000e+01
7.7242503525e-05 -1.0500000000e+01 -1.0000000000e+01 1.1500000000e+01
3.5288089078e-04 -1.2500000000e+01 -9.0000000000e+00 1.1500000000e+01
1.1278631704e-04 -1.3000000000e+01 -9.0000000000e+00 1.1500000000e+01
2.3448327905e-03 -1.1500000000e+01 -8.5000000000e+00 1.1500000000e+01
2.2946537782e-03 -1.1000000000e+01 -8.5000000000e+00 1.1500000000e+01
1.6905772897e-03 -1.2000000000e+01 -8.5000000000e+00 1.1500000000e+01
1.6744250847e-03 -1.0500000000e+01 -8.5000000000e+00 1.1500000000e+01
8.8344765610e-04 -1.2500000000e+01 -8.5000000000e+00 1.1500000000e+01
8.6573948655e-04 -1.0000000000e+01 -8.5000000000e+00 1.1500000000e+01
4.5827504487e-04 -1.0000000000e+01 -9.0000000000e+00 1.1500000000e+01
1.8248980766e-04 -1.0000000000e+01 -9.5000000000e+00 1.1500000000e+01
4.8178121284e-05 -1.0000000000e+01 -1.0000000000e+01 1.1500000000e+01
3.2349480571e-04 -1.3000000000e+01 -8.5000000000e+00 1.1500000000e+01
7.7143660459e-05 -1.3500000000e+01 -8.5000000000e+00 1.1500000000e+01
3.8298953834e-03 -1.1500000000e+01 -8.0000000000e+00 1.1500000000e+01
3.6173306334e-03 -1.1000000000e+01 -8.0000000000e+00 1.1500000000e+01
2.9080198134e-03 -1.2000000000e+01 -8.0000000000e+00 1.1500000000e+01
2.5169577659e-03 -1.0500000000e+01 -8.0000000000e+00 1.1500000000e+01
1.6187768957e-03 -1.2500000000e+01 -8.0000000000e+00 1.1500000000e+01
1.2533926012e-03 -1.0000000000e+01 -8.0000000000e+00 1.1500000000e+01
6.4028888146e-04 -1.3000000000e+01 -8.0000000000e+00 1.1500000000e+01
4.4744160734e-04 -9.5000000000e+00 -8.0000000000e+00 1.1500000000e+01
3.2277879436e-04 -9.5000000000e+00 -8.5000000000e+00 1.1500000000e+01
1.7762890327e-04 -9.5000000000e+00 -9.0000000000e+00 1.1500000000e+01
7.4074706184e-05 -9.5000000000e+00 -9.5000000000e+00 1.1500000000e+01
5.1357419495e-05 -1.1500000000e+01 -8.0000000000e+00 7.5000000000e+00
7.7283153379e-05 -1.1000000000e+01 -8.0000000000e+00 7.5000000000e+00
8.2912899041e-05 -1.0500000000e+01 -8.0000000000e+00 7.5000000000e+00
6.5832677599e-05 -1.0000000000e+01 -8.0000000000e+00 7.5000000000e+00
1.6966018436e-04 -1.3500000000e+01 -8.0000000000e+00 1.1500000000e+01
5.4771091575e-03 -1.1500000000e+01 -8.0000000000e+00 1.1000000000e+01
5.3944488632e-03 -1.1000000000e+01 -8.0000000000e+00 1.1000000000e+01
3.9073934878e-03 -1.2000000000e+01 -8.0000000000e+00 1.1000000000e+01
4.0143552779e-03 -1.0500000000e+01 -8.0000000000e+00 1.1000000000e+01
2.0490278379e-03 -1.2500000000e+01 -8.0000000000e+00 1.1000000000e+01
2.1124322421e-03 -1.0000000000e+01 -8.0000000000e+00 1.1000000000e+01
7.6682865128e-04 -1.3000000000e+01 -8.0000000000e+00 1.1000000000e+01
7.9906142031e-04 -9.5000000000e+00 -8.0000000000e+00 1.1000000000e+01
5.7721112995e-04 -9.5000000000e+00 -8.5000000000e+00 1.1000000000e+01
3.1581551549e-04 -9.5000000000e+00 -9.0000000000e+00 1.1000000000e+01
1.2900731580e-04 -9.5000000000e+00 -9.5000000000e+00 1.1000000000e+01
2.4082107684e-04 -1.1500000000e+01 -8.0000000000e+00 8.0000000000e+00
3.3962564450e-04 -1.1000000000e+01 -8.0000000000e+00 8.0000000000e+00
1.1793434830e-04 -1.2000000000e+01 -8.0000000000e+00 8.0000000000e+00
3.4469114480e-04 -1.0500000000e+01 -8.0000000000e+00 8.0000000000e+00
2.5239869347e-04 -1.0000000000e+01 -8.0000000000e+00 8.0000000000e+00
1.9398188116e-04 -1.3500000000e+01 -8.0000000000e+00 1.1000000000e+01
1.2961749931e-04 -9.5000000000e+00 -8.0000000000e+00 8.0000000000e+00
8.7943338985e-05 -9.5000000000e+00 -8.5000000000e+00 8.0000000000e+00
4.4351928076e-05 -9.5000000000e+00 -9.0000000000e+00 8.0000000000e+00
6.0204409123e-03 -1.1500000000e+01 -8.0000000000e+00 1.0500000000e+01
6.1109422945e-03 -1.1000000000e+01 -8.0000000000e+00 1.0500000000e+01
4.1680230543e-03 -1.2000000000e+01 -8.0000000000e+00 1.0500000000e+01
4.8241071788e-03 -1.0500000000e+01 -8.0000000000e+00 1.0500000000e+01
2.1542844952e-03 -1.2500000000e+01 -8.0000000000e+00 1.0500000000e+01
2.6812399708e-03 -1.0000000000e+01 -8.0000000000e+00 1.0500000000e+01
8.0160254985e-04 -1.3000000000e+01 -8.0000000000e+00 1.0500000000e+01
1.0776916430e-03 -9.5000000000e+00 -8.0000000000e+00 1.0500000000e+01
7.7081108101e-04 -9.5000000000e+00 -8.5000000000e+00 1.0500000000e+01
4.1763985757e-04 -9.5000000000e+00 -9.0000000000e+00 1.0500000000e+01
1.6749244424e-04 -9.5000000000e+00 -9.5000000000e+00 1.0500000000e+01
4.4183745425e-05 -9.5000000000e+00 -1.0000000000e+01 1.0500000000e+01
8.7216962181e-04 -1.1500000000e+01 -8.0000000000e+00 8.5000000000e+00
1.0917673299e-03 -1.1000000000e+01 -8.0000000000e+00 8.5000000000e+00
4.7658846848e-04 -1.2000000000e+01 -8.0000000000e+00 8.5000000000e+00
1.0315974817e-03 -1.0500000000e+01 -8.0000000000e+00 8.5000000000e+00
1.8309009381e-04 -1.2500000000e+01 -8.0000000000e+00 8.5000000000e+00
6.9349027665e-04 -1.0000000000e+01 -8.0000000000e+00 8.5000000000e+00
4.3948916189e-05 -1.3000000000e+01 -8.0000000000e+00 8.5000000000e+00
2.0082394298e-04 -1.3500000000e+01 -8.0000000000e+00 1.0500000000e+01
3.3435459442e-04 -9.5000000000e+00 -8.0000000000e+00 8.5000000000e+00
2.3361102487e-04 -9.5000000000e+00 -8.5000000000e+00 8.5000000000e+00
1.2309266631e-04 -9.5000000000e+00 -9.0000000000e+00 8.5000000000e+00
4.5786297675e-05 -9.5000000000e+00 -9.5000000000e+00 8.5000000000e+00
5.9464020570e-03 -1.1500000000e+01 -8.0000000000e+00 1.0000000000e+01
6.1325349133e-03 -1.1000000000e+01 -8.0000000000e+00 1.0000000000e+01
3.9722023068e-03 -1.2000000000e+01 -8.0000000000e+00 1.0000000000e+01
4.9415403051e-03 -1.0500000000e+01 -8.0000000000e+00 1.0000000000e+01
1.9528013546e-03 -1.2500000000e+01 -8.0000000000e+00 1.0000000000e+01
2.7986439193e-03 -1.0000000000e+01 -8.0000000000e+00 1.0000000000e+01
6.6957187455e-04 -1.3000000000e+01 -8.0000000000e+00 1.0000000000e+01
1.1491257582e-03 -9.5000000000e+00 -8.0000000000e+00 1.0000000000e+01
8.2324208676e-04 -9.5000000000e+00 -8.5000000000e+00 1.0000000000e+01
4.4703430772e-04 -9.5000000000e+00 -9.0000000000e+00 1.0000000000e+01
1.7953068440e-04 -9.5000000000e+00 -9.5000000000e+00 1.0000000000e+01
4.7607464392e-05 -9.5000000000e+00 -1.0000000000e+01 1.0000000000e+01
2.1135180033e-03 -1.1500000000e+01 -8.0000000000e+00 9.0000000000e+00
2.4673309091e-03 -1.1000000000e+01 -8.0000000000e+00 9.0000000000e+00
1.2467117701e-03 -1.2000000000e+01 -8.0000000000e+00 9.0000000000e+00
2.2238066349e-03 -1.0500000000e+01 -8.0000000000e+00 9.0000000000e+00
5.3276516621e-04 -1.2500000000e+01 -8.0000000000e+00 9.0000000000e+00
1.4158558544e-03 -1.0000000000e+01 -8.0000000000e+00 9.0000000000e+00
1.5293548526e-04 -1.3000000000e+01 -8.0000000000e+00 9.0000000000e+00
1.5191863802e-04 -1.3500000000e+01 -8.0000000000e+00 1.0000000000e+01
6.5067492862e-04 -9.5000000000e+00 -8.0000000000e+00 9.0000000000e+00
4.5864382182e-04 -9.5000000000e+00 -8.5000000000e+00 9.0000000000e+00
2.4396445646e-04 -9.5000000000e+00 -9.0000000000e+00 9.0000000000e+00
9.2795514753e-05 -9.5000000000e+00 -9.5000000000e+00 9.0000000000e+00
4.0628426211e-03 -1.1500000000e+01 -8.0000000000e+00 9.5000000000e+00
4.4791941309e-03 -1.1000000000e+01 -8.0000000000e+00 9.5000000000e+00
2.5172281877e-03 -1.2000000000e+01 -8.0000000000e+00 9.5000000000e+00
3.8755782130e-03 -1.0500000000e+01 -8.0000000000e+00 9.5000000000e+00
1.1475548626e-03 -1.2500000000e+01 -8.0000000000e+00 9.5000000000e+00
2.3479138130e-03 -1.0000000000e+01 -8.0000000000e+00 9.5000000000e+00
3.5897673993e-04 -1.3000000000e+01 -8.0000000000e+00 9.5000000000e+00
1.0289082371e-03 -9.5000000000e+00 -8.0000000000e+00 9.5000000000e+00
7.4551966313e-04 -9.5000000000e+00 -8.5000000000e+00 9.5000000000e+00
4.1030494766e-04 -9.5000000000e+00 -9.0000000000e+00 9.5000000000e+00
1.6500702527e-04 -9.5000000000e+00 -9.5000000000e+00 9.5000000000e+00
4.2666126582e-05 -9.5000000000e+00 -1.0000000000e+01 9.5000000000e+00
7.4333944946e-05 -1.3500000000e+01 -8.0000000000e+00 9.5000000000e+00
4.4719929704e-05 -1.1500000000e+01 -1.0000000000e+01 1.2000000000e+01
2.0272181646e-04 -1.1500000000e+01 -9.5000000000e+00 1.2000000000e+01
2.0820250241e-04 -1.1000000000e+01 -9.5000000000e+00 1.2000000000e+01
5.0170922783e-05 -1.1000000000e+01 -1.0000000000e+01 1.2000000000e+01
1.3401206405e-04 -1.2000000000e+01 -9.5000000000e+00 1.2000000000e+01
6.1101505187e-05 -1.2500000000e+01 -9.5000000000e+00 1.2000000000e+01
5.8536087119e-04 -1.1500000000e+01 -9.0000000000e+00 1.2000000000e+01
5.6374612632e-04 -1.1000000000e+01 -9.0000000000e+00 1.2000000000e+01
4.2773585146e-04 -1.2000000000e+01 -9.0000000000e+00 1.2000000000e+01
3.9550207773e-04 -1.0500000000e+01 -9.0000000000e+00 1.2000000000e+01
1.5423356332e-04 -1.0500000000e+01 -9.5000000000e+00 1.2000000000e+01
4.0138990589e-05 -1.0500000000e+01 -1.0000000000e+01 1.2000000000e+01
2.2285674507e-04 -1.2500000000e+01 -9.0000000000e+00 1.2000000000e+01
7.9670235003e-05 -1.3000000000e+01 -9.0000000000e+00 1.2000000000e+01
1.2201167823e-03 -1.1500000000e+01 -8.5000000000e+00 1.2000000000e+01
1.1350584740e-03 -1.1000000000e+01 -8.5000000000e+00 1.2000000000e+01
9.3943935491e-04 -1.2000000000e+01 -8.5000000000e+00 1.2000000000e+01
7.6936644604e-04 -1.0500000000e+01 -8.5000000000e+00 1.2000000000e+01
5.2449832531e-04 -1.2500000000e+01 -8.5000000000e+00 1.2000000000e+01
3.7419757516e-04 -1.0000000000e+01 -8.5000000000e+00 1.2000000000e+01
1.9742542755e-04 -1.0000000000e+01 -9.0000000000e+00 1.2000000000e+01
7.9750699907e-05 -1.0000000000e+01 -9.5000000000e+00 1.2000000000e+01
2.0782653055e-04 -1.3000000000e+01 -8.5000000000e+00 1.2000000000e+01
5.3579247184e-05 -1.3500000000e+01 -8.5000000000e+00 1.2000000000e+01
1.9785612431e-03 -1.1500000000e+01 -8.0000000000e+00 1.2000000000e+01
1.7892065898e-03 -1.1000000000e+01 -8.0000000000e+00 1.2000000000e+01
1.5929974272e-03 -1.2000000000e+01 -8.0000000000e+00 1.2000000000e+01
1.1738228870e-03 -1.0500000000e+01 -8.0000000000e+00 1.2000000000e+01
9.3762813490e-04 -1.2500000000e+01 -8.0000000000e+00 1.2000000000e+01
5.5303119492e-04 -1.0000000000e+01 -8.0000000000e+00 1.2000000000e+01
3.9505294268e-04 -1.3000000000e+01 -8.0000000000e+00 1.2000000000e+01
1.8632365768e-04 -9.5000000000e+00 -8.0000000000e+00 1.2000000000e+01
1.3116060230e-04 -9.5000000000e+00 -8.5000000000e+00 1.2000000000e+01
7.1209495952e-05 -9.5000000000e+00 -9.0000000000e+00 1.2000000000e+01
1.1281847284e-04 -1.3500000000e+01 -8.0000000000e+00 1.2000000000e+01
2.3835548227e-03 -1.1500000000e+01 -7.5000000000e+00 1.2000000000e+01
2.0783356758e-03 -1.1000000000e+01 -7.5000000000e+00 1.2000000000e+01
2.0310630373e-03 -1.2000000000e+01 -7.5000000000e+00 1.2000000000e+01
1.3200273464e-03 -1.0500000000e+01 -7.5000000000e+00 1.2000000000e+01
1.2642397753e-03 -1.2500000000e+01 -7.5000000000e+00 1.2000000000e+01
6.0754711797e-04 -1.0000000000e+01 -7.5000000000e+00 1.2000000000e+01
5.7315585853e-04 -1.3000000000e+01 -7.5000000000e+00 1.2000000000e+01
1.9919163597e-04 -9.5000000000e+00 -7.5000000000e+00 1.2000000000e+01
1.7926549703e-04 -1.3500000000e+01 -7.5000000000e+00 1.2000000000e+01
4.5588184833e-05 -9.0000000000e+00 -7.5000000000e+00 1.2000000000e+01
4.4502601651e-05 -9.0000000000e+00 -8.0000000000e+00 1.2000000000e+01
4.5621003408e-03 -1.1500000000e+01 -7.5000000000e+00 1.1500000000e+01
4.1547334450e-03 -1.1000000000e+01 -7.5000000000e+00 1.1500000000e+01
3.6775355257e-03 -1.2000000000e+01 -7.5000000000e+00 1.1500000000e+01
2.7930582584e-03 -1.0500000000e+01 -7.5000000000e+00 1.1500000000e+01
2.1757612687e-03 -1.2500000000e+01 -7.5000000000e+00 1.1500000000e+01
1.3594840367e-03 -1.0000000000e+01 -7.5000000000e+00 1.1500000000e+01
9.3151853973e-04 -1.3000000000e+01 -7.5000000000e+00 1.1500000000e+01
4.7302894936e-04 -9.5000000000e+00 -7.5000000000e+00 1.1500000000e+01
2.7309911997e-04 -1.3500000000e+01 -7.5000000000e+00 1.1500000000e+01
1.1610626652e-04 -9.0000000000e+00 -7.5000000000e+00 1.1500000000e+01
1.1361727851e-04 -9.0000000000e+00 -8.0000000000e+00 1.1500000000e+01
8.7199984984e-05 -9.0000000000e+00 -8.5000000000e+00 1.1500000000e+01
4.9610813577e-05 -9.0000000000e+00 -9.0000000000e+00 1.1500000000e+01
7.7123059291e-05 -1.1500000000e+01 -7.5000000000e+00 7.5000000000e+00
1.0751418827e-04 -1.1000000000e+01 -7.5000000000e+00 7.5000000000e+00
1.0899886912e-04 -1.0500000000e+01 -7.5000000000e+00 7.5000000000e+00
8.1501429147e-05 -1.0000000000e+01 -7.5000000000e+00 7.5000000000e+00
4.2698516314e-05 -9.5000000000e+00 -7.5000000000e+00 7.5000000000e+00
5.2898906959e-05 -1.4000000000e+01 -7.5000000000e+00 1.1500000000e+01
6.5787180150e-03 -1.1500000000e+01 -7.5000000000e+00 1.1000000000e+01
6.2519994497e-03 -1.1000000000e+01 -7.5000000000e+00 1.1000000000e+01
4.9754771443e-03 -1.2000000000e+01 -7.5000000000e+00 1.1000000000e+01
4.4699759290e-03 -1.0500000000e+01 -7.5000000000e+00 1.1000000000e+01
2.7740799198e-03 -1.2500000000e+01 -7.5000000000e+00 1.1000000000e+01
2.2993895161e-03 -1.0000000000e+01 -7.5000000000e+00 1.1000000000e+01
1.1197254215e-03 -1.3000000000e+01 -7.5000000000e+00 1.1000000000e+01
8.4815520503e-04 -9.5000000000e+00 -7.5000000000e+00 1.1000000000e+01
3.1010956275e-04 -1.3500000000e+01 -7.5000000000e+00 1.1000000000e+01
2.2160872779e-04 -9.0000000000e+00 -7.5000000000e+00 1.1000000000e+01
2.1596770634e-04 -9.0000000000e+00 -8.0000000000e+00 1.1000000000e+01
1.6599662392e-04 -9.0000000000e+00 -8.5000000000e+00 1.1000000000e+01
9.4416858430e-05 -9.0000000000e+00 -9.0000000000e+00 1.1000000000e+01
3.4741375111e-04 -1.1500000000e+01 -7.5000000000e+00 8.0000000000e+00
4.4638119296e-04 -1.1000000000e+01 -7.5000000000e+00 8.0000000000e+00
1.8650528741e-04 -1.2000000000e+01 -7.5000000000e+00 8.0000000000e+00
4.2971676360e-04 -1.0500000000e+01 -7.5000000000e+00 8.0000000000e+00
7.0611767451e-05 -1.2500000000e+01 -7.5000000000e+00 8.0000000000e+00
2.9838197283e-04 -1.0000000000e+01 -7.5000000000e+00 8.0000000000e+00
1.4698816687e-04 -9.5000000000e+00 -7.5000000000e+00 8.0000000000e+00
5.7927009661e-05 -1.4000000000e+01 -7.5000000000e+00 1.1000000000e+01
5.1951628176e-05 -9.0000000000e+00 -7.5000000000e+00 8.0000000000e+00
4.7965236245e-05 -9.0000000000e+00 -8.0000000000e+00 8.0000000000e+00
7.2574182046e-03 -1.1500000000e+01 -7.5000000000e+00 1.0500000000e+01
7.1184174480e-03 -1.1000000000e+01 -7.5000000000e+00 1.0500000000e+01
5.2943938654e-03 -1.2000000000e+01 -7.5000000000e+00 1.0500000000e+01
5.4257656759e-03 -1.0500000000e+01 -7.5000000000e+00 1.0500000000e+01
2.8959093205e-03 -1.2500000000e+01 -7.5000000000e+00 1.0500000000e+01
2.9500063097e-03 -1.0000000000e+01 -7.5000000000e+00 1.0500000000e+01
1.1538120011e-03 -1.3000000000e+01 -7.5000000000e+00 1.0500000000e+01
1.1587798232e-03 -9.5000000000e+00 -7.5000000000e+00 1.0500000000e+01
3.1535772212e-04 -1.3500000000e+01 -7.5000000000e+00 1.0500000000e+01
3.2347079184e-04 -9.0000000000e+00 -7.5000000000e+00 1.0500000000e+01
3.1165041346e-04 -9.0000000000e+00 -8.0000000000e+00 1.0500000000e+01
2.3666249589e-04 -9.0000000000e+00 -8.5000000000e+00 1.0500000000e+01
1.3371053771e-04 -9.0000000000e+00 -9.0000000000e+00 1.0500000000e+01
5.4731083963e-05 -9.0000000000e+00 -9.5000000000e+00 1.0500000000e+01
1.1477452918e-03 -1.1500000000e+01 -7.5000000000e+00 8.5000000000e+00
1.3448949980e-03 -1.1000000000e+01 -7.5000000000e+00 8.5000000000e+00
6.7455043567e-04 -1.2000000000e+01 -7.5000000000e+00 8.5000000000e+00
1.2243815958e-03 -1.0500000000e+01 -7.5000000000e+00 8.5000000000e+00
2.8923140752e-04 -1.2500000000e+01 -7.5000000000e+00 8.5000000000e+00
7.9514364011e-04 -1.0000000000e+01 -7.5000000000e+00 8.5000000000e+00
8.3349849799e-05 -1.3000000000e+01 -7.5000000000e+00 8.5000000000e+00
3.7151249443e-04 -9.5000000000e+00 -7.5000000000e+00 8.5000000000e+00
5.8093696468e-05 -1.4000000000e+01 -7.5000000000e+00 1.0500000000e+01
1.2515556115e-04 -9.0000000000e+00 -7.5000000000e+00 8.5000000000e+00
1.1670411411e-04 -9.0000000000e+00 -8.0000000000e+00 8.5000000000e+00
8.6217655125e-05 -9.0000000000e+00 -8.5000000000e+00 8.5000000000e+00
4.8083078307e-05 -9.0000000000e+00 -9.0000000000e+00 8.5000000000e+00
7.0471182890e-03 -1.1500000000e+01 -7.5000000000e+00 1.0000000000e+01
7.0492617734e-03 -1.1000000000e+01 -7.5000000000e+00 1.0000000000e+01
4.9403102365e-03 -1.2000000000e+01 -7.5000000000e+00 1.0000000000e+01
5.5156901175e-03 -1.0500000000e+01 -7.5000000000e+00 1.0000000000e+01
2.5717221767e-03 -1.2500000000e+01 -7.5000000000e+00 1.0000000000e+01
3.0695875289e-03 -1.0000000000e+01 -7.5000000000e+00 1.0000000000e+01
9.5543540419e-04 -1.3000000000e+01 -7.5000000000e+00 1.0000000000e+01
1.2386676287e-03 -9.5000000000e+00 -7.5000000000e+00 1.0000000000e+01
2.4026328496e-04 -1.3500000000e+01 -7.5000000000e+00 1.0000000000e+01
3.5974274021e-04 -9.0000000000e+00 -7.5000000000e+00 1.0000000000e+01
3.4333149300e-04 -9.0000000000e+00 -8.0000000000e+00 1.0000000000e+01
2.5870640993e-04 -9.0000000000e+00 -8.5000000000e+00 1.0000000000e+01
1.4632774504e-04 -9.0000000000e+00 -9.0000000000e+00 1.0000000000e+01
5.9781600234e-05 -9.0000000000e+00 -9.5000000000e+00 1.0000000000e+01
2.6909512346e-03 -1.1500000000e+01 -7.5000000000e+00 9.0000000000e+00
2.9609960581e-03 -1.1000000000e+01 -7.5000000000e+00 9.0000000000e+00
1.6735878552e-03 -1.2000000000e+01 -7.5000000000e+00 9.0000000000e+00
2.5895422069e-03 -1.0500000000e+01 -7.5000000000e+00 9.0000000000e+00
7.7575197829e-04 -1.2500000000e+01 -7.5000000000e+00 9.0000000000e+00
1.6018639776e-03 -1.0000000000e+01 -7.5000000000e+00 9.0000000000e+00
2.5000792349e-04 -1.3000000000e+01 -7.5000000000e+00 9.0000000000e+00
7.1556447367e-04 -9.5000000000e+00 -7.5000000000e+00 9.0000000000e+00
5.2983436562e-05 -1.3500000000e+01 -7.5000000000e+00 9.0000000000e+00
2.3063323177e-04 -9.0000000000e+00 -7.5000000000e+00 9.0000000000e+00
2.1667074001e-04 -9.0000000000e+00 -8.0000000000e+00 9.0000000000e+00
1.6139663640e-04 -9.0000000000e+00 -8.5000000000e+00 9.0000000000e+00
9.0488154685e-05 -9.0000000000e+00 -9.0000000000e+00 9.0000000000e+00
4.9827964171e-03 -1.1500000000e+01 -7.5000000000e+00 9.5000000000e+00
5.2411056259e-03 -1.1000000000e+01 -7.5000000000e+00 9.5000000000e+00
3.2668505946e-03 -1.2000000000e+01 -7.5000000000e+00 9.5000000000e+00
4.3932530405e-03 -1.0500000000e+01 -7.5000000000e+00 9.5000000000e+00
1.5950856130e-03 -1.2500000000e+01 -7.5000000000e+00 9.5000000000e+00
2.5938333215e-03 -1.0000000000e+01 -7.5000000000e+00 9.5000000000e+00
5.5339003832e-04 -1.3000000000e+01 -7.5000000000e+00 9.5000000000e+00
1.1091455935e-03 -9.5000000000e+00 -7.5000000000e+00 9.5000000000e+00
1.2907599851e-04 -1.3500000000e+01 -7.5000000000e+00 9.5000000000e+00
3.4004401767e-04 -9.0000000000e+00 -7.5000000000e+00 9.5000000000e+00
3.2503952691e-04 -9.0000000000e+00 -8.0000000000e+00 9.5000000000e+00
2.4850813310e-04 -9.0000000000e+00 -8.5000000000e+00 9.5000000000e+00
1.4307480216e-04 -9.0000000000e+00 -9.0000000000e+00 9.5000000000e+00
5.9093893090e-05 -9.0000000000e+00 -9.5000000000e+00 9.5000000000e+00
7.7144387942e-05 -1.1500000000e+01 -9.5000000000e+00 1.2500000000e+01
7.0862864230e-05 -1.1000000000e+01 -9.5000000000e+00 1.2500000000e+01
5.8921430319e-05 -1.2000000000e+01 -9.5000000000e+00 1.2500000000e+01
2.0982638195e-04 -1.1500000000e+01 -9.0000000000e+00 1.2500000000e+01
1.8749585175e-04 -1.1000000000e+01 -9.0000000000e+00 1.2500000000e+01
1.6849126994e-04 -1.2000000000e+01 -9.0000000000e+00 1.2500000000e+01
1.1965406758e-04 -1.0500000000e+01 -9.0000000000e+00 1.2500000000e+01
4.5803809015e-05 -1.0500000000e+01 -9.5000000000e+00 1.2500000000e+01
9.6650979450e-05 -1.2500000000e+01 -9.0000000000e+00 1.2500000000e+01
4.0631867347e-05 -1.3000000000e+01 -9.0000000000e+00 1.2500000000e+01
4.3247730545e-04 -1.1500000000e+01 -8.5000000000e+00 1.2500000000e+01
3.8011845121e-04 -1.1000000000e+01 -8.5000000000e+00 1.2500000000e+01
3.5761642704e-04 -1.2000000000e+01 -8.5000000000e+00 1.2500000000e+01
2.4012733970e-04 -1.0500000000e+01 -8.5000000000e+00 1.2500000000e+01
2.1471898053e-04 -1.2500000000e+01 -8.5000000000e+00 1.2500000000e+01
1.0925982512e-04 -1.0000000000e+01 -8.5000000000e+00 1.2500000000e+01
5.4965628397e-05 -1.0000000000e+01 -9.0000000000e+00 1.2500000000e+01
9.3804150354e-05 -1.3000000000e+01 -8.5000000000e+00 1.2500000000e+01
7.1572658205e-04 -1.1500000000e+01 -8.0000000000e+00 1.2500000000e+01
6.1714761729e-04 -1.1000000000e+01 -8.0000000000e+00 1.2500000000e+01
6.1215109821e-04 -1.2000000000e+01 -8.0000000000e+00 1.2500000000e+01
3.8319073513e-04 -1.0500000000e+01 -8.0000000000e+00 1.2500000000e+01
3.7926859213e-04 -1.2500000000e+01 -8.0000000000e+00 1.2500000000e+01
1.7105593113e-04 -1.0000000000e+01 -8.0000000000e+00 1.2500000000e+01
1.7176341206e-04 -1.3000000000e+01 -8.0000000000e+00 1.2500000000e+01
5.4515805800e-05 -9.5000000000e+00 -8.0000000000e+00 1.2500000000e+01
5.8356735847e-05 -1.3500000000e+01 -8.0000000000e+00 1.2500000000e+01
9.0210878790e-04 -1.1500000000e+01 -7.5000000000e+00 1.2500000000e+01
7.5710588167e-04 -1.1000000000e+01 -7.5000000000e+00 1.2500000000e+01
8.1683725920e-04 -1.2000000000e+01 -7.5000000000e+00 1.2500000000e+01
4.5353082594e-04 -1.0500000000e+01 -7.5000000000e+00 1.2500000000e+01
5.3141917105e-04 -1.2500000000e+01 -7.5000000000e+00 1.2500000000e+01
1.9608868841e-04 -1.0000000000e+01 -7.5000000000e+00 1.2500000000e+01
2.5348715066e-04 -1.3000000000e+01 -7.5000000000e+00 1.2500000000e+01
6.0558079237e-05 -9.5000000000e+00 -7.5000000000e+00 1.2500000000e+01
8.9514657968e-05 -1.3500000000e+01 -7.5000000000e+00 1.2500000000e+01
8.9787934468e-04 -1.1500000000e+01 -7.0000000000e+00 1.2500000000e+01
7.4725283452e-04 -1.1000000000e+01 -7.0000000000e+00 1.2500000000e+01
8.3514783046e-04 -1.2000000000e+01 -7.0000000000e+00 1.2500000000e+01
4.4452891674e-04 -1.0500000000e+01 -7.0000000000e+00 1.2500000000e+01
5.5613877302e-04 -1.2500000000e+01 -7.0000000000e+00 1.2500000000e+01
1.9092877554e-04 -1.0000000000e+01 -7.0000000000e+00 1.2500000000e+01
2.7638737401e-04 -1.3000000000e+01 -7.0000000000e+00 1.2500000000e+01
5.8138257493e-05 -9.5000000000e+00 -7.0000000000e+00 1.2500000000e+01
1.0135367570e-04 -1.3500000000e+01 -7.0000000000e+00 1.2500000000e+01
2.3558316642e-03 -1.1500000000e+01 -7.0000000000e+00 1.2000000000e+01
2.0384226641e-03 -1.1000000000e+01 -7.0000000000e+00 1.2000000000e+01
2.0419557269e-03 -1.2000000000e+01 -7.0000000000e+00 1.2000000000e+01
1.2846036179e-03 -1.0500000000e+01 -7.0000000000e+00 1.2000000000e+01
1.2987673182e-03 -1.2500000000e+01 -7.0000000000e+00 1.2000000000e+01
5.8675692269e-04 -1.0000000000e+01 -7.0000000000e+00 1.2000000000e+01
6.0766251466e-04 -1.3000000000e+01 -7.0000000000e+00 1.2000000000e+01
1.9027487544e-04 -9.5000000000e+00 -7.0000000000e+00 1.2000000000e+01
2.0033309080e-04 -1.3500000000e+01 -7.0000000000e+00 1.2000000000e+01
4.1715945099e-05 -9.0000000000e+00 -7.0000000000e+00 1.2000000000e+01
4.8252661687e-05 -1.4000000000e+01 -7.0000000000e+00 1.2000000000e+01
4.0737282690e-05 -1.0000000000e+01 -7.0000000000e+00 7.0000000000e+00
4.5244571038e-03 -1.1500000000e+01 -7.0000000000e+00 1.1500000000e+01
4.0867332276e-03 -1.1000000000e+01 -7.0000000000e+00 1.1500000000e+01
3.6940457156e-03 -1.2000000000e+01 -7.0000000000e+00 1.1500000000e+01
2.7212494163e-03 -1.0500000000e+01 -7.0000000000e+00 1.1500000000e+01
2.2322451932e-03 -1.2500000000e+01 -7.0000000000e+00 1.1500000000e+01
1.3135084302e-03 -1.0000000000e+01 -7.0000000000e+00 1.1500000000e+01
9.8678885488e-04 -1.3000000000e+01 -7.0000000000e+00 1.1500000000e+01
4.5200144045e-04 -9.5000000000e+00 -7.0000000000e+00 1.1500000000e+01
3.0801821901e-04 -1.3500000000e+01 -7.0000000000e+00 1.1500000000e+01
1.0697050919e-04 -9.0000000000e+00 -7.0000000000e+00 1.1500000000e+01
6.4041033145e-05 -1.4000000000e+01 -7.0000000000e+00 1.1500000000e+01
9.2331859696e-05 -1.1500000000e+01 -7.0000000000e+00 7.5000000000e+00
1.1750198709e-04 -1.1000000000e+01 -7.0000000000e+00 7.5000000000e+00
5.6653336275e-05 -1.2000000000e+01 -7.0000000000e+00 7.5000000000e+00
1.1512831611e-04 -1.0500000000e+01 -7.0000000000e+00 7.5000000000e+00
8.5814033391e-05 -1.0000000000e+01 -7.0000000000e+00 7.5000000000e+00
4.3931609495e-05 -9.5000000000e+00 -7.0000000000e+00 7.5000000000e+00
6.5709049904e-03 -1.1500000000e+01 -7.0000000000e+00 1.1000000000e+01
6.1980439827e-03 -1.1000000000e+01 -7.0000000000e+00 1.1000000000e+01
5.0322322211e-03 -1.2000000000e+01 -7.0000000000e+00 1.1000000000e+01
4.3837113882e-03 -1.0500000000e+01 -7.0000000000e+00 1.1000000000e+01
2.8615915970e-03 -1.2500000000e+01 -7.0000000000e+00 1.1000000000e+01
2.2345725639e-03 -1.0000000000e+01 -7.0000000000e+00 1.1000000000e+01
1.1922667207e-03 -1.3000000000e+01 -7.0000000000e+00 1.1000000000e+01
8.1468430346e-04 -9.5000000000e+00 -7.0000000000e+00 1.1000000000e+01
3.4813105363e-04 -1.3500000000e+01 -7.0000000000e+00 1.1000000000e+01
2.0626279666e-04 -9.0000000000e+00 -7.0000000000e+00 1.1000000000e+01
7.0194830106e-05 -1.4000000000e+01 -7.0000000000e+00 1.1000000000e+01
4.1356711330e-05 -8.5000000000e+00 -7.5000000000e+00 1.1000000000e+01
4.0962394109e-05 -8.5000000000e+00 -8.0000000000e+00 1.1000000000e+01
3.7754975666e-04 -1.1500000000e+01 -7.0000000000e+00 8.0000000000e+00
4.6301416142e-04 -1.1000000000e+01 -7.0000000000e+00 8.0000000000e+00
2.1056608048e-04 -1.2000000000e+01 -7.0000000000e+00 8.0000000000e+00
4.3811441262e-04 -1.0500000000e+01 -7.0000000000e+00 8.0000000000e+00
9.0056855673e-05 -1.2500000000e+01 -7.0000000000e+00 8.0000000000e+00
2.9704475642e-04 -1.0000000000e+01 -7.0000000000e+00 8.0000000000e+00
1.4375016771e-04 -9.5000000000e+00 -7.0000000000e+00 8.0000000000e+00
4.9779695623e-05 -9.0000000000e+00 -7.0000000000e+00 8.0000000000e+00
7.2774704701e-03 -1.1500000000e+01 -7.0000000000e+00 1.0500000000e+01
7.0980686761e-03 -1.1000000000e+01 -7.0000000000e+00 1.0500000000e+01
5.3590297533e-03 -1.2000000000e+01 -7.0000000000e+00 1.0500000000e+01
5.3572984412e-03 -1.0500000000e+01 -7.0000000000e+00 1.0500000000e+01
2.9768407678e-03 -1.2500000000e+01 -7.0000000000e+00 1.0500000000e+01
2.8909462664e-03 -1.0000000000e+01 -7.0000000000e+00 1.0500000000e+01
1.2162577494e-03 -1.3000000000e+01 -7.0000000000e+00 1.0500000000e+01
1.1232329173e-03 -9.5000000000e+00 -7.0000000000e+00 1.0500000000e+01
3.4760704842e-04 -1.3500000000e+01 -7.0000000000e+00 1.0500000000e+01
3.0490288485e-04 -9.0000000000e+00 -7.0000000000e+00 1.0500000000e+01
6.9357570173e-05 -1.4000000000e+01 -7.0000000000e+00 1.0500000000e+01
5.7889319518e-05 -8.5000000000e+00 -7.0000000000e+00 1.0500000000e+01
6.3750683630e-05 -8.5000000000e+00 -7.5000000000e+00 1.0500000000e+01
6.2649734150e-05 -8.5000000000e+00 -8.0000000000e+00 1.0500000000e+01
4.8152944689e-05 -8.5000000000e+00 -8.5000000000e+00 1.0500000000e+01
1.1957235353e-03 -1.1500000000e+01 -7.0000000000e+00 8.5000000000e+00
1.3664333100e-03 -1.1000000000e+01 -7.0000000000e+00 8.5000000000e+00
7.2289604035e-04 -1.2000000000e+01 -7.0000000000e+00 8.5000000000e+00
1.2318761569e-03 -1.0500000000e+01 -7.0000000000e+00 8.5000000000e+00
3.2516944937e-04 -1.2500000000e+01 -7.0000000000e+00 8.5000000000e+00
7.8840873659e-04 -1.0000000000e+01 -7.0000000000e+00 8.5000000000e+00
1.0057244102e-04 -1.3000000000e+01 -7.0000000000e+00 8.5000000000e+00
3.6255235644e-04 -9.5000000000e+00 -7.0000000000e+00 8.5000000000e+00
1.1863654339e-04 -9.0000000000e+00 -7.0000000000e+00 8.5000000000e+00
7.0591144720e-03 -1.1500000000e+01 -7.0000000000e+00 1.0000000000e+01
7.0182818799e-03 -1.1000000000e+01 -7.0000000000e+00 1.0000000000e+01
4.9980274074e-03 -1.2000000000e+01 -7.0000000000e+00 1.0000000000e+01
5.4402870942e-03 -1.0500000000e+01 -7.0000000000e+00 1.0000000000e+01
2.6431744371e-03 -1.2500000000e+01 -7.0000000000e+00 1.0000000000e+01
3.0066096721e-03 -1.0000000000e+01 -7.0000000000e+00 1.0000000000e+01
1.0125512502e-03 -1.3000000000e+01 -7.0000000000e+00 1.0000000000e+01
1.2030706611e-03 -9.5000000000e+00 -7.0000000000e+00 1.0000000000e+01
2.6766122442e-04 -1.3500000000e+01 -7.0000000000e+00 1.0000000000e+01
3.4158977579e-04 -9.0000000000e+00 -7.0000000000e+00 1.0000000000e+01
5.1833974555e-05 -1.4000000000e+01 -7.0000000000e+00 1.0000000000e+01
6.8017093634e-05 -8.5000000000e+00 -7.0000000000e+00 1.0000000000e+01
7.4088316655e-05 -8.5000000000e+00 -7.5000000000e+00 1.0000000000e+01
7.2196507546e-05 -8.5000000000e+00 -8.0000000000e+00 1.0000000000e+01
5.4923751023e-05 -8.5000000000e+00 -8.5000000000e+00 1.0000000000e+01
2.7587369074e-03 -1.1500000000e+01 -7.0000000000e+00 9.0000000000e+00
2.9906682524e-03 -1.1000000000e+01 -7.0000000000e+00 9.0000000000e+00
1.7535247740e-03 -1.2000000000e+01 -7.0000000000e+00 9.0000000000e+00
2.5924438064e-03 -1.0500000000e+01 -7.0000000000e+00 9.0000000000e+00
8.3814955843e-04 -1.2500000000e+01 -7.0000000000e+00 9.0000000000e+00
1.5842847785e-03 -1.0000000000e+01 -7.0000000000e+00 9.0000000000e+00
2.8540623044e-04 -1.3000000000e+01 -7.0000000000e+00 9.0000000000e+00
6.9813576927e-04 -9.5000000000e+00 -7.0000000000e+00 9.0000000000e+00
6.8401801365e-05 -1.3500000000e+01 -7.0000000000e+00 9.0000000000e+00
2.1907845970e-04 -9.0000000000e+00 -7.0000000000e+00 9.0000000000e+00
4.7656959546e-05 -8.5000000000e+00 -7.0000000000e+00 9.0000000000e+00
5.2229963714e-05 -8.5000000000e+00 -7.5000000000e+00 9.0000000000e+00
5.0505741190e-05 -8.5000000000e+00 -8.0000000000e+00 9.0000000000e+00
5.0499254202e-03 -1.1500000000e+01 -7.0000000000e+00 9.5000000000e+00
5.2569977666e-03 -1.1000000000e+01 -7.0000000000e+00 9.5000000000e+00
3.3563965800e-03 -1.2000000000e+01 -7.0000000000e+00 9.5000000000e+00
4.3611250099e-03 -1.0500000000e+01 -7.0000000000e+00 9.5000000000e+00
1.6842626536e-03 -1.2500000000e+01 -7.0000000000e+00 9.5000000000e+00
2.5461608926e-03 -1.0000000000e+01 -7.0000000000e+00 9.5000000000e+00
6.0652981898e-04 -1.3000000000e+01 -7.0000000000e+00 9.5000000000e+00
1.0736603942e-03 -9.5000000000e+00 -7.0000000000e+00 9.5000000000e+00
1.4906448719e-04 -1.3500000000e+01 -7.0000000000e+00 9.5000000000e+00
3.2030554987e-04 -9.0000000000e+00 -7.0000000000e+00 9.5000000000e+00
6.5733283429e-05 -8.5000000000e+00 -7.0000000000e+00 9.5000000000e+00
7.2889677281e-05 -8.5000000000e+00 -7.5000000000e+00 9.5000000000e+00
7.1298870457e-05 -8.5000000000e+00 -8.0000000000e+00 9.5000000000e+00
5.4892456413e-05 -8.5000000000e+00 -8.5000000000e+00 9.5000000000e+00
7.7382659615e-05 -1.2000000000e+01 -8.0000000000e+00 1.3000000000e+01
5.4678304711e-05 -1.2500000000e+01 -8.0000000000e+00 1.3000000000e+01
1.5944173544e-04 -1.2000000000e+01 -7.5000000000e+00 1.3000000000e+01
1.9486055416e-04 -1.2000000000e+01 -7.0000000000e+00 1.3000000000e+01
1.4367022687e-04 -1.2500000000e+01 -7.0000000000e+00 1.3000000000e+01
7.8240062817e-05 -1.3000000000e+01 -7.0000000000e+00 1.3000000000e+01
7.7149383186e-05 -1.3000000000e+01 -6.5000000000e+00 1.3000000000e+01
6.7607740700e-05 -1.0500000000e+01 -6.5000000000e+00 1.3000000000e+01
1.3960379476e-04 -1.2500000000e+01 -6.5000000000e+00 1.3000000000e+01
1.3009176530e-04 -1.1000000000e+01 -6.5000000000e+00 1.3000000000e+01
1.8828980325e-04 -1.2000000000e+01 -6.5000000000e+00 1.3000000000e+01
1.7720288686e-04 -1.1500000000e+01 -6.5000000000e+00 1.3000000000e+01
7.1080251838e-05 -1.0500000000e+01 -7.0000000000e+00 1.3000000000e+01
7.6050278383e-04 -1.2000000000e+01 -6.5000000000e+00 1.2500000000e+01
4.8635908023e-05 -9.5000000000e+00 -6.5000000000e+00 1.2500000000e+01
9.9808210761e-05 -1.3500000000e+01 -6.5000000000e+00 1.2500000000e+01
1.5838194152e-04 -1.0000000000e+01 -6.5000000000e+00 1.2500000000e+01
2.6304072832e-04 -1.3000000000e+01 -6.5000000000e+00 1.2500000000e+01
3.7639709126e-04 -1.0500000000e+01 -6.5000000000e+00 1.2500000000e+01
5.1549084602e-04 -1.2500000000e+01 -6.5000000000e+00 1.2500000000e+01
6.4500753233e-04 -1.1000000000e+01 -6.5000000000e+00 1.2500000000e+01
7.8433739837e-04 -1.1500000000e+01 -6.5000000000e+00 1.2500000000e+01
1.3658862566e-04 -1.1000000000e+01 -7.0000000000e+00 1.3000000000e+01
1.8443951040e-04 -1.1500000000e+01 -7.0000000000e+00 1.3000000000e+01
5.8350675015e-05 -1.3000000000e+01 -7.5000000000e+00 1.3000000000e+01
6.0822390202e-05 -1.0500000000e+01 -7.5000000000e+00 1.3000000000e+01
1.1128508248e-04 -1.2500000000e+01 -7.5000000000e+00 1.3000000000e+01
1.1813238487e-04 -1.1000000000e+01 -7.5000000000e+00 1.3000000000e+01
1.8325734867e-03 -1.2000000000e+01 -6.5000000000e+00 1.2000000000e+01
1.1939419903e-03 -1.2500000000e+01 -6.5000000000e+00 1.2000000000e+01
5.7651035858e-04 -1.3000000000e+01 -6.5000000000e+00 1.2000000000e+01
4.5142034096e-05 -1.4000000000e+01 -6.5000000000e+00 1.2000000000e+01
1.4941930619e-04 -9.5000000000e+00 -6.5000000000e+00 1.2000000000e+01
1.9554452451e-04 -1.3500000000e+01 -6.5000000000e+00 1.2000000000e+01
4.7156338217e-04 -1.0000000000e+01 -6.5000000000e+00 1.2000000000e+01
1.0607207081e-03 -1.0500000000e+01 -6.5000000000e+00 1.2000000000e+01
1.7255970606e-03 -1.1000000000e+01 -6.5000000000e+00 1.2000000000e+01
2.0260497328e-03 -1.1500000000e+01 -6.5000000000e+00 1.2000000000e+01
1.5598862143e-04 -1.1500000000e+01 -7.5000000000e+00 1.3000000000e+01
3.3172392253e-03 -1.2000000000e+01 -6.5000000000e+00 1.1500000000e+01
2.0715076813e-03 -1.2500000000e+01 -6.5000000000e+00 1.1500000000e+01
3.0104744729e-04 -1.3500000000e+01 -6.5000000000e+00 1.1500000000e+01
7.1437063041e-05 -1.4000000000e+01 -6.5000000000e+00 1.1500000000e+01
7.9715427675e-05 -9.0000000000e+00 -6.5000000000e+00 1.1500000000e+01
4.9649287957e-05 -1.2000000000e+01 -6.5000000000e+00 7.5000000000e+00
9.1997138655e-05 -1.1500000000e+01 -6.5000000000e+00 7.5000000000e+00
6.9143995464e-05 -1.0000000000e+01 -6.5000000000e+00 7.5000000000e+00
1.0441012505e-04 -1.0500000000e+01 -6.5000000000e+00 7.5000000000e+00
1.1143510438e-04 -1.1000000000e+01 -6.5000000000e+00 7.5000000000e+00
3.5085008284e-04 -9.5000000000e+00 -6.5000000000e+00 1.1500000000e+01
1.0455910184e-03 -1.0000000000e+01 -6.5000000000e+00 1.1500000000e+01
9.4719785742e-04 -1.3000000000e+01 -6.5000000000e+00 1.1500000000e+01
2.2277996122e-03 -1.0500000000e+01 -6.5000000000e+00 1.1500000000e+01
3.4511834746e-03 -1.1000000000e+01 -6.5000000000e+00 1.1500000000e+01
3.9127968209e-03 -1.1500000000e+01 -6.5000000000e+00 1.1500000000e+01
5.6263687102e-05 -1.1000000000e+01 -8.0000000000e+00 1.3000000000e+01
7.5490692649e-05 -1.1500000000e+01 -8.0000000000e+00 1.3000000000e+01
4.6060956639e-03 -1.2000000000e+01 -6.5000000000e+00 1.1000000000e+01
2.7147671807e-03 -1.2500000000e+01 -6.5000000000e+00 1.1000000000e+01
1.1609445523e-03 -1.3000000000e+01 -6.5000000000e+00 1.1000000000e+01
3.4265334223e-04 -1.3500000000e+01 -6.5000000000e+00 1.1000000000e+01
7.7755198235e-05 -1.4000000000e+01 -6.5000000000e+00 1.1000000000e+01
1.5251157168e-04 -9.0000000000e+00 -6.5000000000e+00 1.1000000000e+01
6.3072799038e-04 -9.5000000000e+00 -6.5000000000e+00 1.1000000000e+01
1.7835722820e-03 -1.0000000000e+01 -6.5000000000e+00 1.1000000000e+01
2.1195344733e-04 -1.2000000000e+01 -6.5000000000e+00 8.0000000000e+00
3.5938667180e-04 -1.1500000000e+01 -6.5000000000e+00 8.0000000000e+00
9.4477972459e-05 -1.2500000000e+01 -6.5000000000e+00 8.0000000000e+00
1.0959478339e-04 -9.5000000000e+00 -6.5000000000e+00 8.0000000000e+00
2.3696787818e-04 -1.0000000000e+01 -6.5000000000e+00 8.0000000000e+00
3.6980521342e-04 -1.0500000000e+01 -6.5000000000e+00 8.0000000000e+00
4.1027057127e-04 -1.1000000000e+01 -6.5000000000e+00 8.0000000000e+00
3.6095903223e-03 -1.0500000000e+01 -6.5000000000e+00 1.1000000000e+01
5.3027107468e-03 -1.1000000000e+01 -6.5000000000e+00 1.1000000000e+01
5.7667248053e-03 -1.1500000000e+01 -6.5000000000e+00 1.1000000000e+01
4.9513419925e-03 -1.2000000000e+01 -6.5000000000e+00 1.0500000000e+01
6.4674341356e-03 -1.1500000000e+01 -6.5000000000e+00 1.0500000000e+01
2.8341010223e-03 -1.2500000000e+01 -6.5000000000e+00 1.0500000000e+01
1.1830175357e-03 -1.3000000000e+01 -6.5000000000e+00 1.0500000000e+01
3.4176850900e-04 -1.3500000000e+01 -6.5000000000e+00 1.0500000000e+01
7.6918542366e-05 -1.4000000000e+01 -6.5000000000e+00 1.0500000000e+01
4.1924361775e-05 -8.5000000000e+00 -6.5000000000e+00 1.0500000000e+01
2.2621329576e-04 -9.0000000000e+00 -6.5000000000e+00 1.0500000000e+01
8.7557496196e-04 -9.5000000000e+00 -6.5000000000e+00 1.0500000000e+01
2.3349824900e-03 -1.0000000000e+01 -6.5000000000e+00 1.0500000000e+01
6.9774683446e-04 -1.2000000000e+01 -6.5000000000e+00 8.5000000000e+00
1.1035568814e-03 -1.1500000000e+01 -6.5000000000e+00 8.5000000000e+00
3.2599088295e-04 -1.2500000000e+01 -6.5000000000e+00 8.5000000000e+00
1.0621422565e-04 -1.3000000000e+01 -6.5000000000e+00 8.5000000000e+00
8.6298143757e-05 -9.0000000000e+00 -6.5000000000e+00 8.5000000000e+00
2.7497312273e-04 -9.5000000000e+00 -6.5000000000e+00 8.5000000000e+00
6.2403664461e-04 -1.0000000000e+01 -6.5000000000e+00 8.5000000000e+00
4.5691236078e-03 -1.2000000000e+01 -6.5000000000e+00 1.0000000000e+01
6.1887184589e-03 -1.1500000000e+01 -6.5000000000e+00 1.0000000000e+01
2.5105132171e-03 -1.2500000000e+01 -6.5000000000e+00 1.0000000000e+01
9.9335963740e-04 -1.3000000000e+01 -6.5000000000e+00 1.0000000000e+01
2.6666404159e-04 -1.3500000000e+01 -6.5000000000e+00 1.0000000000e+01
5.7221397749e-05 -1.4000000000e+01 -6.5000000000e+00 1.0000000000e+01
4.8994027038e-05 -8.5000000000e+00 -6.5000000000e+00 1.0000000000e+01
2.5426647940e-04 -9.0000000000e+00 -6.5000000000e+00 1.0000000000e+01
9.3649557847e-04 -9.5000000000e+00 -6.5000000000e+00 1.0000000000e+01
2.4099097886e-03 -1.0000000000e+01 -6.5000000000e+00 1.0000000000e+01
4.4761930088e-03 -1.0500000000e+01 -6.5000000000e+00 1.0000000000e+01
6.0068992181e-03 -1.1000000000e+01 -6.5000000000e+00 1.0000000000e+01
1.0228295404e-03 -1.0500000000e+01 -6.5000000000e+00 8.5000000000e+00
1.6706573918e-03 -1.2000000000e+01 -6.5000000000e+00 9.0000000000e+00
8.2575940566e-04 -1.2500000000e+01 -6.5000000000e+00 9.0000000000e+00
2.8875853863e-04 -1.3000000000e+01 -6.5000000000e+00 9.0000000000e+00
7.3866190772e-05 -1.3500000000e+01 -6.5000000000e+00 9.0000000000e+00
1.6019811792e-04 -9.0000000000e+00 -6.5000000000e+00 9.0000000000e+00
5.3487303898e-04 -9.5000000000e+00 -6.5000000000e+00 9.0000000000e+00
1.2625543932e-03 -1.0000000000e+01 -6.5000000000e+00 9.0000000000e+00
2.1545010679e-03 -1.0500000000e+01 -6.5000000000e+00 9.0000000000e+00
3.1521931001e-03 -1.2000000000e+01 -6.5000000000e+00 9.5000000000e+00
1.6399871966e-03 -1.2500000000e+01 -6.5000000000e+00 9.5000000000e+00
6.0668061957e-04 -1.3000000000e+01 -6.5000000000e+00 9.5000000000e+00
1.5290746824e-04 -1.3500000000e+01 -6.5000000000e+00 9.5000000000e+00
1.4275655767e-04 -1.1500000000e+01 -6.0000000000e+00 1.3000000000e+01
1.0038404757e-04 -1.1000000000e+01 -6.0000000000e+00 1.3000000000e+01
5.1296372017e-05 -1.0500000000e+01 -6.0000000000e+00 1.3000000000e+01
6.5734228517e-05 -1.3000000000e+01 -6.0000000000e+00 1.3000000000e+01
1.1673588252e-04 -1.2500000000e+01 -6.0000000000e+00 1.3000000000e+01
1.5447351172e-04 -1.2000000000e+01 -6.0000000000e+00 1.3000000000e+01
5.5915454081e-04 -1.1500000000e+01 -6.0000000000e+00 1.2500000000e+01
4.4543807656e-04 -1.1000000000e+01 -6.0000000000e+00 1.2500000000e+01
2.5340524536e-04 -1.0500000000e+01 -6.0000000000e+00 1.2500000000e+01
1.0558276474e-04 -1.0000000000e+01 -6.0000000000e+00 1.2500000000e+01
8.6751171508e-05 -1.3500000000e+01 -6.0000000000e+00 1.2500000000e+01
2.1059961245e-04 -1.3000000000e+01 -6.0000000000e+00 1.2500000000e+01
3.9583929866e-04 -1.2500000000e+01 -6.0000000000e+00 1.2500000000e+01
5.6506948171e-04 -1.2000000000e+01 -6.0000000000e+00 1.2500000000e+01
4.6272656678e-05 -8.5000000000e+00 -6.5000000000e+00 9.5000000000e+00
1.3891308167e-03 -1.1500000000e+01 -6.0000000000e+00 1.2000000000e+01
1.1572422089e-03 -1.1000000000e+01 -6.0000000000e+00 1.2000000000e+01
6.9045946978e-04 -1.0500000000e+01 -6.0000000000e+00 1.2000000000e+01
9.3662320661e-05 -9.5000000000e+00 -6.0000000000e+00 1.2000000000e+01
1.6289424597e-04 -1.3500000000e+01 -6.0000000000e+00 1.2000000000e+01
2.9972952511e-04 -1.0000000000e+01 -6.0000000000e+00 1.2000000000e+01
4.5155073927e-04 -1.3000000000e+01 -6.0000000000e+00 1.2000000000e+01
8.9449204515e-04 -1.2500000000e+01 -6.0000000000e+00 1.2000000000e+01
1.3294239632e-03 -1.2000000000e+01 -6.0000000000e+00 1.2000000000e+01
4.8277542558e-05 -9.0000000000e+00 -6.0000000000e+00 1.1500000000e+01
6.1149409254e-05 -1.0500000000e+01 -6.0000000000e+00 7.5000000000e+00
6.9140807257e-05 -1.1000000000e+01 -6.0000000000e+00 7.5000000000e+00
4.1579862740e-05 -1.2000000000e+01 -6.0000000000e+00 7.5000000000e+00
6.3891788601e-05 -1.1500000000e+01 -6.0000000000e+00 7.5000000000e+00
6.1591929162e-05 -1.4000000000e+01 -6.0000000000e+00 1.1500000000e+01
2.1400609559e-04 -9.5000000000e+00 -6.0000000000e+00 1.1500000000e+01
2.5512363115e-04 -1.3500000000e+01 -6.0000000000e+00 1.1500000000e+01
6.5131611172e-04 -1.0000000000e+01 -6.0000000000e+00 1.1500000000e+01
7.4311734266e-04 -1.3000000000e+01 -6.0000000000e+00 1.1500000000e+01
1.4231936931e-03 -1.0500000000e+01 -6.0000000000e+00 1.1500000000e+01
1.5417288759e-03 -1.2500000000e+01 -6.0000000000e+00 1.1500000000e+01
2.2728157878e-03 -1.1000000000e+01 -6.0000000000e+00 1.1500000000e+01
2.3702552015e-03 -1.2000000000e+01 -6.0000000000e+00 1.1500000000e+01
2.6442529991e-03 -1.1500000000e+01 -6.0000000000e+00 1.1500000000e+01
3.2771456161e-03 -1.2000000000e+01 -6.0000000000e+00 1.1000000000e+01
3.8892330188e-03 -1.1500000000e+01 -6.0000000000e+00 1.1000000000e+01
9.2942594184e-04 -1.3000000000e+01 -6.0000000000e+00 1.1000000000e+01
2.2766274878e-03 -1.0500000000e+01 -6.0000000000e+00 1.1000000000e+01
6.4916286197e-05 -1.4000000000e+01 -6.0000000000e+00 1.1000000000e+01
8.9596225756e-05 -9.0000000000e+00 -6.0000000000e+00 1.1000000000e+01
8.3812820505e-05 -1.2500000000e+01 -6.0000000000e+00 8.0000000000e+00
4.1410356372e-05 -1.3000000000e+01 -6.0000000000e+00 8.0000000000e+00
6.0196821565e-05 -9.5000000000e+00 -6.0000000000e+00 8.0000000000e+00
1.3235023701e-04 -1.0000000000e+01 -6.0000000000e+00 8.0000000000e+00
2.1493300165e-04 -1.0500000000e+01 -6.0000000000e+00 8.0000000000e+00
2.5109588486e-04 -1.1000000000e+01 -6.0000000000e+00 8.0000000000e+00
1.5853665003e-04 -1.2000000000e+01 -6.0000000000e+00 8.0000000000e+00
2.3808635103e-04 -1.1500000000e+01 -6.0000000000e+00 8.0000000000e+00
3.7897314813e-04 -9.5000000000e+00 -6.0000000000e+00 1.1000000000e+01
3.0002224234e-04 -1.3500000000e+01 -6.0000000000e+00 1.1000000000e+01
1.0949559392e-03 -1.0000000000e+01 -6.0000000000e+00 1.1000000000e+01
2.0368724887e-03 -1.2500000000e+01 -6.0000000000e+00 1.1000000000e+01
2.9630182936e-04 -1.3500000000e+01 -6.0000000000e+00 1.0500000000e+01
6.2743846395e-05 -1.4000000000e+01 -6.0000000000e+00 1.0500000000e+01
1.3100317900e-04 -9.0000000000e+00 -6.0000000000e+00 1.0500000000e+01
5.2110477196e-04 -9.5000000000e+00 -6.0000000000e+00 1.0500000000e+01
1.4220854343e-03 -1.0000000000e+01 -6.0000000000e+00 1.0500000000e+01
2.5535686215e-04 -1.2500000000e+01 -6.0000000000e+00 8.5000000000e+00
9.9468431850e-05 -1.3000000000e+01 -6.0000000000e+00 8.5000000000e+00
4.1431541368e-05 -1.3500000000e+01 -6.0000000000e+00 8.5000000000e+00
4.7653775927e-05 -9.0000000000e+00 -6.0000000000e+00 8.5000000000e+00
1.5240652124e-04 -9.5000000000e+00 -6.0000000000e+00 8.5000000000e+00
3.5265396795e-04 -1.0000000000e+01 -6.0000000000e+00 8.5000000000e+00
5.9623106020e-04 -1.0500000000e+01 -6.0000000000e+00 8.5000000000e+00
7.2540361806e-04 -1.1000000000e+01 -6.0000000000e+00 8.5000000000e+00
4.8626213397e-04 -1.2000000000e+01 -6.0000000000e+00 8.5000000000e+00
7.1036898942e-04 -1.1500000000e+01 -6.0000000000e+00 8.5000000000e+00
9.4337141121e-04 -1.3000000000e+01 -6.0000000000e+00 1.0500000000e+01
2.7916708203e-03 -1.0500000000e+01 -6.0000000000e+00 1.0500000000e+01
7.8387413312e-04 -1.3000000000e+01 -6.0000000000e+00 1.0000000000e+01
2.7472086745e-03 -1.0500000000e+01 -6.0000000000e+00 1.0000000000e+01
2.3573561220e-04 -1.3500000000e+01 -6.0000000000e+00 1.0000000000e+01
4.7008563533e-05 -1.4000000000e+01 -6.0000000000e+00 1.0000000000e+01
1.4630797684e-04 -9.0000000000e+00 -6.0000000000e+00 1.0000000000e+01
5.5047022301e-04 -9.5000000000e+00 -6.0000000000e+00 1.0000000000e+01
6.2877815967e-04 -1.2500000000e+01 -6.0000000000e+00 9.0000000000e+00
1.6251652925e-03 -1.1000000000e+01 -6.0000000000e+00 9.0000000000e+00
2.4799218023e-04 -1.3000000000e+01 -6.0000000000e+00 9.0000000000e+00
7.2613644362e-05 -1.3500000000e+01 -6.0000000000e+00 9.0000000000e+00
8.9130605115e-05 -9.0000000000e+00 -6.0000000000e+00 9.0000000000e+00
3.0208671545e-04 -9.5000000000e+00 -6.0000000000e+00 9.0000000000e+00
7.2737813602e-04 -1.0000000000e+01 -6.0000000000e+00 9.0000000000e+00
1.2782745371e-03 -1.0500000000e+01 -6.0000000000e+00 9.0000000000e+00
2.9355721297e-03 -1.1500000000e+01 -6.0000000000e+00 9.5000000000e+00
2.8525613963e-03 -1.1000000000e+01 -6.0000000000e+00 9.5000000000e+00
1.4618766738e-04 -1.3500000000e+01 -6.0000000000e+00 9.5000000000e+00
6.7283184284e-05 -1.1000000000e+01 -5.5000000000e+00 1.3000000000e+01
9.8476945812e-05 -1.2000000000e+01 -5.5000000000e+00 1.3000000000e+01
4.4477593843e-05 -1.3000000000e+01 -5.5000000000e+00 1.3000000000e+01
7.7152942139e-05 -1.2500000000e+01 -5.5000000000e+00 1.3000000000e+01
8.8190605294e-05 -1.1500000000e+01 -5.5000000000e+00 1.3000000000e+01
3.3351451154e-04 -1.2000000000e+01 -5.5000000000e+00 1.2500000000e+01
5.5345638296e-05 -1.0000000000e+01 -5.5000000000e+00 1.2500000000e+01
5.8581488947e-05 -1.3500000000e+01 -5.5000000000e+00 1.2500000000e+01
1.3952876580e-04 -1.3000000000e+01 -5.5000000000e+00 1.2500000000e+01
1.3483314262e-04 -1.0500000000e+01 -5.5000000000e+00 1.2500000000e+01
2.4705597182e-04 -1.2500000000e+01 -5.5000000000e+00 1.2500000000e+01
2.4196433841e-04 -1.1000000000e+01 -5.5000000000e+00 1.2500000000e+01
3.1920834694e-04 -1.1500000000e+01 -5.5000000000e+00 1.2500000000e+01
7.5454466964e-04 -1.1500000000e+01 -5.5000000000e+00 1.2000000000e+01
7.5891524195e-04 -1.2000000000e+01 -5.5000000000e+00 1.2000000000e+01
6.0516452766e-04 -1.1000000000e+01 -5.5000000000e+00 1.2000000000e+01
4.5324153031e-05 -9.5000000000e+00 -5.5000000000e+00 1.2000000000e+01
1.1232618908e-04 -1.3500000000e+01 -5.5000000000e+00 1.2000000000e+01
1.4816386487e-04 -1.0000000000e+01 -5.5000000000e+00 1.2000000000e+01
2.8458728139e-04 -1.3000000000e+01 -5.5000000000e+00 1.2000000000e+01
3.4989845542e-04 -1.0500000000e+01 -5.5000000000e+00 1.2000000000e+01
5.3301925929e-04 -1.2500000000e+01 -5.5000000000e+00 1.2000000000e+01
1.3081864853e-04 -9.0000000000e+00 -6.0000000000e+00 9.5000000000e+00
1.3864506317e-03 -1.1500000000e+01 -5.5000000000e+00 1.1500000000e+01
1.1591574402e-03 -1.1000000000e+01 -5.5000000000e+00 1.1500000000e+01
4.0301521910e-05 -1.4000000000e+01 -5.5000000000e+00 1.1500000000e+01
1.0078529139e-04 -9.5000000000e+00 -5.5000000000e+00 1.1500000000e+01
1.7167690676e-04 -1.3500000000e+01 -5.5000000000e+00 1.1500000000e+01
3.1233711964e-04 -1.0000000000e+01 -5.5000000000e+00 1.1500000000e+01
4.5890400989e-04 -1.3000000000e+01 -5.5000000000e+00 1.1500000000e+01
7.0270493555e-04 -1.0500000000e+01 -5.5000000000e+00 1.1500000000e+01
8.9566800171e-04 -1.2500000000e+01 -5.5000000000e+00 1.1500000000e+01
1.3244339256e-03 -1.2000000000e+01 -5.5000000000e+00 1.1500000000e+01
4.0083979869e-05 -9.0000000000e+00 -5.5000000000e+00 1.1000000000e+01
7.0249005636e-05 -1.2000000000e+01 -5.5000000000e+00 8.0000000000e+00
9.7647403725e-05 -1.1500000000e+01 -5.5000000000e+00 8.0000000000e+00
9.8061817926e-05 -1.1000000000e+01 -5.5000000000e+00 8.0000000000e+00
8.0420191445e-05 -1.0500000000e+01 -5.5000000000e+00 8.0000000000e+00
4.5789188582e-05 -1.0000000000e+01 -5.5000000000e+00 8.0000000000e+00
4.7536415216e-05 -1.4000000000e+01 -5.5000000000e+00 1.1000000000e+01
1.7334702119e-04 -9.5000000000e+00 -5.5000000000e+00 1.1000000000e+01
2.0259484150e-04 -1.3500000000e+01 -5.5000000000e+00 1.1000000000e+01
5.1203654430e-04 -1.0000000000e+01 -5.5000000000e+00 1.1000000000e+01
5.6820018216e-04 -1.3000000000e+01 -5.5000000000e+00 1.1000000000e+01
1.0959448869e-03 -1.0500000000e+01 -5.5000000000e+00 1.1000000000e+01
2.2180083520e-03 -1.1500000000e+01 -5.5000000000e+00 1.0500000000e+01
1.8830030057e-03 -1.2000000000e+01 -5.5000000000e+00 1.0500000000e+01
1.9815421116e-03 -1.1000000000e+01 -5.5000000000e+00 1.0500000000e+01
4.4445375513e-05 -1.4000000000e+01 -5.5000000000e+00 1.0500000000e+01
5.7013089458e-05 -9.0000000000e+00 -5.5000000000e+00 1.0500000000e+01
2.2709469398e-04 -1.2000000000e+01 -5.5000000000e+00 8.5000000000e+00
3.0881805932e-04 -1.1500000000e+01 -5.5000000000e+00 8.5000000000e+00
1.2735148836e-04 -1.2500000000e+01 -5.5000000000e+00 8.5000000000e+00
3.0533404999e-04 -1.1000000000e+01 -5.5000000000e+00 8.5000000000e+00
4.9867271808e-05 -1.3000000000e+01 -5.5000000000e+00 8.5000000000e+00
5.6915440362e-05 -9.5000000000e+00 -5.5000000000e+00 8.5000000000e+00
1.3568183047e-04 -1.0000000000e+01 -5.5000000000e+00 8.5000000000e+00
2.3770104621e-04 -1.0500000000e+01 -5.5000000000e+00 8.5000000000e+00
2.3312795937e-04 -9.5000000000e+00 -5.5000000000e+00 1.0500000000e+01
1.9621526323e-04 -1.3500000000e+01 -5.5000000000e+00 1.0500000000e+01
6.5042635750e-04 -1.0000000000e+01 -5.5000000000e+00 1.0500000000e+01
5.6725888637e-04 -1.3000000000e+01 -5.5000000000e+00 1.0500000000e+01
1.3189378750e-03 -1.0500000000e+01 -5.5000000000e+00 1.0500000000e+01
1.1952463184e-03 -1.2500000000e+01 -5.5000000000e+00 1.0500000000e+01
1.6187387605e-03 -1.2000000000e+01 -5.5000000000e+00 1.0000000000e+01
6.2691731210e-05 -9.0000000000e+00 -5.5000000000e+00 1.0000000000e+01
2.4015483535e-04 -9.5000000000e+00 -5.5000000000e+00 1.0000000000e+01
1.5335107038e-04 -1.3500000000e+01 -5.5000000000e+00 1.0000000000e+01
7.3747834856e-04 -1.1500000000e+01 -5.5000000000e+00 9.0000000000e+00
7.1331459459e-04 -1.1000000000e+01 -5.5000000000e+00 9.0000000000e+00
1.4201187587e-04 -1.3000000000e+01 -5.5000000000e+00 9.0000000000e+00
5.3179608005e-05 -1.3500000000e+01 -5.5000000000e+00 9.0000000000e+00
1.2099550764e-04 -9.5000000000e+00 -5.5000000000e+00 9.0000000000e+00
2.9636545886e-04 -1.0000000000e+01 -5.5000000000e+00 9.0000000000e+00
5.3375952916e-04 -1.0500000000e+01 -5.5000000000e+00 9.0000000000e+00
3.2451332812e-04 -1.2500000000e+01 -5.5000000000e+00 9.0000000000e+00
5.6010585447e-04 -1.2000000000e+01 -5.5000000000e+00 9.0000000000e+00
6.4110403220e-04 -1.0000000000e+01 -5.5000000000e+00 1.0000000000e+01
4.5458578964e-04 -1.3000000000e+01 -5.5000000000e+00 1.0000000000e+01
1.2514130446e-03 -1.0500000000e+01 -5.5000000000e+00 1.0000000000e+01
9.9435613683e-04 -1.2500000000e+01 -5.5000000000e+00 1.0000000000e+01
1.8167813509e-03 -1.1000000000e+01 -5.5000000000e+00 1.0000000000e+01
1.9811993348e-03 -1.1500000000e+01 -5.5000000000e+00 1.0000000000e+01
1.0824581269e-03 -1.2000000000e+01 -5.5000000000e+00 9.5000000000e+00
1.3756193764e-03 -1.1500000000e+01 -5.5000000000e+00 9.5000000000e+00
6.4491491404e-04 -1.2500000000e+01 -5.5000000000e+00 9.5000000000e+00
2.8591719633e-04 -1.3000000000e+01 -5.5000000000e+00 9.5000000000e+00
9.3958861831e-05 -1.3500000000e+01 -5.5000000000e+00 9.5000000000e+00
4.9425104329e-05 -1.1500000000e+01 -5.0000000000e+00 1.3000000000e+01
5.8201547692e-05 -1.2000000000e+01 -5.0000000000e+00 1.3000000000e+01
5.2185213982e-05 -1.0500000000e+01 -5.0000000000e+00 1.2500000000e+01
7.4601629682e-05 -1.3000000000e+01 -5.0000000000e+00 1.2500000000e+01
1.2165526291e-04 -1.2500000000e+01 -5.0000000000e+00 1.2500000000e+01
9.9253153473e-05 -1.1000000000e+01 -5.0000000000e+00 1.2500000000e+01
1.5497668213e-04 -1.2000000000e+01 -5.0000000000e+00 1.2500000000e+01
1.4210380909e-04 -1.1500000000e+01 -5.0000000000e+00 1.2500000000e+01
5.3515108444e-05 -9.0000000000e+00 -5.5000000000e+00 9.5000000000e+00
2.3490130647e-04 -1.1000000000e+01 -5.0000000000e+00 1.2000000000e+01
3.2937228012e-04 -1.2000000000e+01 -5.0000000000e+00 1.2000000000e+01
6.3643930343e-05 -1.3500000000e+01 -5.0000000000e+00 1.2000000000e+01
5.2025730880e-05 -1.0000000000e+01 -5.0000000000e+00 1.2000000000e+01
1.4148461625e-04 -1.3000000000e+01 -5.0000000000e+00 1.2000000000e+01
1.3077929648e-04 -1.0500000000e+01 -5.0000000000e+00 1.2000000000e+01
2.4661622607e-04 -1.2500000000e+01 -5.0000000000e+00 1.2000000000e+01
3.1348788413e-04 -1.1500000000e+01 -5.0000000000e+00 1.2000000000e+01
5.5164853548e-04 -1.2000000000e+01 -5.0000000000e+00 1.1500000000e+01
5.4420292871e-04 -1.1500000000e+01 -5.0000000000e+00 1.1500000000e+01
8.9793299819e-05 -1.3500000000e+01 -5.0000000000e+00 1.1500000000e+01
1.0501786237e-04 -1.0000000000e+01 -5.0000000000e+00 1.1500000000e+01
2.1917889936e-04 -1.3000000000e+01 -5.0000000000e+00 1.1500000000e+01
2.4728505991e-04 -1.0500000000e+01 -5.0000000000e+00 1.1500000000e+01
5.1561735489e-05 -9.5000000000e+00 -5.0000000000e+00 1.1000000000e+01
1.0296000685e-04 -1.3500000000e+01 -5.0000000000e+00 1.1000000000e+01
1.6016222357e-04 -1.0000000000e+01 -5.0000000000e+00 1.1000000000e+01
2.6233358879e-04 -1.3000000000e+01 -5.0000000000e+00 1.1000000000e+01
3.6433505077e-04 -1.0500000000e+01 -5.0000000000e+00 1.1000000000e+01
4.9759625376e-04 -1.2500000000e+01 -5.0000000000e+00 1.1000000000e+01
6.0480514901e-04 -1.1000000000e+01 -5.0000000000e+00 1.1000000000e+01
7.1599081103e-04 -1.2000000000e+01 -5.0000000000e+00 1.1000000000e+01
7.3631671243e-04 -1.1500000000e+01 -5.0000000000e+00 1.1000000000e+01
7.1753951654e-04 -1.2000000000e+01 -5.0000000000e+00 1.0500000000e+01
7.7271885908e-04 -1.1500000000e+01 -5.0000000000e+00 1.0500000000e+01
4.8812045713e-04 -1.2500000000e+01 -5.0000000000e+00 1.0500000000e+01
2.5040645277e-04 -1.3000000000e+01 -5.0000000000e+00 1.0500000000e+01
5.6339483255e-05 -1.1000000000e+01 -5.0000000000e+00 8.5000000000e+00
5.1737899687e-05 -1.2000000000e+01 -5.0000000000e+00 8.5000000000e+00
6.2836881116e-05 -1.1500000000e+01 -5.0000000000e+00 8.5000000000e+00
6.3265451068e-05 -9.5000000000e+00 -5.0000000000e+00 1.0500000000e+01
1.0009534690e-04 -1.3500000000e+01 -5.0000000000e+00 1.0500000000e+01
5.4933503256e-04 -1.1000000000e+01 -5.0000000000e+00 1.0000000000e+01
3.7556991318e-04 -1.2500000000e+01 -5.0000000000e+00 1.0000000000e+01
5.6932605625e-04 -1.2000000000e+01 -5.0000000000e+00 1.0000000000e+01
6.2773532814e-04 -1.1500000000e+01 -5.0000000000e+00 1.0000000000e+01
6.1099820663e-05 -9.5000000000e+00 -5.0000000000e+00 1.0000000000e+01
6.7502808235e-05 -1.3500000000e+01 -5.0000000000e+00 1.0000000000e+01
1.7118093317e-04 -1.0000000000e+01 -5.0000000000e+00 1.0000000000e+01
1.8943664386e-04 -1.3000000000e+01 -5.0000000000e+00 1.0000000000e+01
1.5862205659e-04 -1.2000000000e+01 -5.0000000000e+00 9.0000000000e+00
1.8080973792e-04 -1.1500000000e+01 -5.0000000000e+00 9.0000000000e+00
9.9523138159e-05 -1.2500000000e+01 -5.0000000000e+00 9.0000000000e+00
4.4983752192e-05 -1.3000000000e+01 -5.0000000000e+00 9.0000000000e+00
6.1938617506e-05 -1.0000000000e+01 -5.0000000000e+00 9.0000000000e+00
1.1604700603e-04 -1.0500000000e+01 -5.0000000000e+00 9.0000000000e+00
1.6554319315e-04 -1.1000000000e+01 -5.0000000000e+00 9.0000000000e+00
2.2434172504e-04 -1.2500000000e+01 -5.0000000000e+00 9.5000000000e+00
1.1139593273e-04 -1.3000000000e+01 -5.0000000000e+00 9.5000000000e+00
4.0292802553e-05 -1.1500000000e+01 -4.5000000000e+00 1.2500000000e+01
4.9385848209e-05 -1.2000000000e+01 -4.5000000000e+00 1.2500000000e+01
4.5988011237e-05 -1.2500000000e+01 -4.5000000000e+00 1.2500000000e+01
5.5925065595e-05 -1.1000000000e+01 -4.5000000000e+00 1.2000000000e+01
5.1650175195e-05 -1.3000000000e+01 -4.5000000000e+00 1.2000000000e+01
1.2650298410e-04 -1.1500000000e+01 -4.5000000000e+00 1.1500000000e+01
8.8420891108e-05 -1.2500000000e+01 -4.5000000000e+00 1.2000000000e+01
9.4849721650e-05 -1.2000000000e+01 -4.5000000000e+00 1.2000000000e+01
8.2518047691e-05 -1.1500000000e+01 -4.5000000000e+00 1.2000000000e+01
4.3970651314e-05 -9.5000000000e+00 -5.0000000000e+00 9.5000000000e+00
4.6020977930e-05 -1.0500000000e+01 -4.5000000000e+00 1.1500000000e+01
7.7661155545e-05 -1.3000000000e+01 -4.5000000000e+00 1.1500000000e+01
1.1761826103e-04 -1.2500000000e+01 -4.5000000000e+00 1.1500000000e+01
8.6147383822e-05 -1.1000000000e+01 -4.5000000000e+00 1.1500000000e+01
1.4413643853e-04 -1.2000000000e+01 -4.5000000000e+00 1.1500000000e+01
5.7908711811e-05 -1.0500000000e+01 -4.5000000000e+00 1.1000000000e+01
8.1374611354e-05 -1.3000000000e+01 -4.5000000000e+00 1.1000000000e+01
1.2801046335e-04 -1.2500000000e+01 -4.5000000000e+00 1.1000000000e+01
1.0703182909e-04 -1.2500000000e+01 -4.5000000000e+00 1.0500000000e+01
6.3652754556e-05 -1.3000000000e+01 -4.5000000000e+00 1.0500000000e+01
5.9501118078e-05 -1.0500000000e+01 -4.5000000000e+00 1.0500000000e+01
8.8092703277e-05 -1.2000000000e+01 -4.5000000000e+00 1.0000000000e+01
6.4935385066e-05 -1.2500000000e+01 -4.5000000000e+00 1.0000000000e+01
7.5352738929e-05 -1.1000000000e+01 -4.5000000000e+00 1.0000000000e+01
4.4863195000e-05 -1.2000000000e+01 -4.5000000000e+00 9.5000000000e+00
4.8583125346e-05 -1.1500000000e+01 -4.5000000000e+00 9.5000000000e+00
4.3825298433e-05 -1.1000000000e+01 -4.5000000000e+00 9.5000000000e+00
4.8706772819e-05 -1.0500000000e+01 -4.5000000000e+00 1.0000000000e+01
9.5396374153e-05 -1.1500000000e+01 -4.5000000000e+00 1.0000000000e+01
1.0579904549e-04 -1.1000000000e+01 -4.5000000000e+00 1.0500000000e+01
1.4360040312e-04 -1.2000000000e+01 -4.5000000000e+00 1.0500000000e+01
1.3389509234e-04 -1.1500000000e+01 -4.5000000000e+00 1.0500000000e+01
1.0928962205e-04 -1.1000000000e+01 -4.5000000000e+00 1.1000000000e+01
1.6463709355e-04 -1.2000000000e+01 -4.5000000000e+00 1.1000000000e+01
1.5092367428e-04 -1.1500000000e+01 -4.5000000000e+00 1.1000000000e+01
1.1887606645e-04 -1.0000000000e+01 -5.0000000000e+00 9.5000000000e+00
2.3365353953e-04 -1.0500000000e+01 -5.0000000000e+00 9.5000000000e+00
3.4850025939e-04 -1.1000000000e+01 -5.0000000000e+00 9.5000000000e+00
3.3809317243e-04 -1.2000000000e+01 -5.0000000000e+00 9.5000000000e+00
3.9064530184e-04 -1.1500000000e+01 -5.0000000000e+00 9.5000000000e+00
3.5616508943e-04 -1.0500000000e+01 -5.0000000000e+00 1.0000000000e+01
1.9016650219e-04 -1.0000000000e+01 -5.0000000000e+00 1.0500000000e+01
4.1061456044e-04 -1.0500000000e+01 -5.0000000000e+00 1.0500000000e+01
6.5200707550e-04 -1.1000000000e+01 -5.0000000000e+00 1.0500000000e+01
3.9822343019e-04 -1.2500000000e+01 -5.0000000000e+00 1.1500000000e+01
4.3069774888e-04 -1.1000000000e+01 -5.0000000000e+00 1.1500000000e+01
1.9542906535e-04 -9.5000000000e+00 -5.5000000000e+00 9.5000000000e+00
4.9870457386e-04 -1.0000000000e+01 -5.5000000000e+00 9.5000000000e+00
9.3300470551e-04 -1.0500000000e+01 -5.5000000000e+00 9.5000000000e+00
1.2987580642e-03 -1.1000000000e+01 -5.5000000000e+00 9.5000000000e+00
1.1642110006e-03 -1.2500000000e+01 -5.5000000000e+00 1.1000000000e+01
1.7292438650e-03 -1.1000000000e+01 -5.5000000000e+00 1.1000000000e+01
1.7849147024e-03 -1.2000000000e+01 -5.5000000000e+00 1.1000000000e+01
2.0015321734e-03 -1.1500000000e+01 -5.5000000000e+00 1.1000000000e+01
4.6876348044e-04 -9.5000000000e+00 -6.0000000000e+00 9.5000000000e+00
1.1759943500e-03 -1.0000000000e+01 -6.0000000000e+00 9.5000000000e+00
5.0213586567e-04 -1.3000000000e+01 -6.0000000000e+00 9.5000000000e+00
2.1459366815e-03 -1.0500000000e+01 -6.0000000000e+00 9.5000000000e+00
1.2182325713e-03 -1.2500000000e+01 -6.0000000000e+00 9.5000000000e+00
2.1814976460e-03 -1.2000000000e+01 -6.0000000000e+00 9.5000000000e+00
1.1626545385e-03 -1.2000000000e+01 -6.0000000000e+00 9.0000000000e+00
1.6294907759e-03 -1.1500000000e+01 -6.0000000000e+00 9.0000000000e+00
1.4435184587e-03 -1.0000000000e+01 -6.0000000000e+00 1.0000000000e+01
1.8354726684e-03 -1.2500000000e+01 -6.0000000000e+00 1.0000000000e+01
3.8336162822e-03 -1.1000000000e+01 -6.0000000000e+00 1.0000000000e+01
3.1581201533e-03 -1.2000000000e+01 -6.0000000000e+00 1.0000000000e+01
4.0638899829e-03 -1.1500000000e+01 -6.0000000000e+00 1.0000000000e+01
2.1228191953e-03 -1.2500000000e+01 -6.0000000000e+00 1.0500000000e+01
4.0287745780e-03 -1.1000000000e+01 -6.0000000000e+00 1.0500000000e+01
3.5249334468e-03 -1.2000000000e+01 -6.0000000000e+00 1.0500000000e+01
4.3691502441e-03 -1.1500000000e+01 -6.0000000000e+00 1.0500000000e+01
3.4637051589e-03 -1.1000000000e+01 -6.0000000000e+00 1.1000000000e+01
2.3331229708e-04 -9.0000000000e+00 -6.5000000000e+00 9.5000000000e+00
8.1765330200e-04 -9.5000000000e+00 -6.5000000000e+00 9.5000000000e+00
2.0139025391e-03 -1.0000000000e+01 -6.5000000000e+00 9.5000000000e+00
3.5785453339e-03 -1.0500000000e+01 -6.5000000000e+00 9.5000000000e+00
4.5337280161e-03 -1.1000000000e+01 -6.5000000000e+00 9.5000000000e+00
4.5138658281e-03 -1.1500000000e+01 -6.5000000000e+00 9.5000000000e+00
2.6020631724e-03 -1.1000000000e+01 -6.5000000000e+00 9.0000000000e+00
2.5131749334e-03 -1.1500000000e+01 -6.5000000000e+00 9.0000000000e+00
1.1861900668e-03 -1.1000000000e+01 -6.5000000000e+00 8.5000000000e+00
4.4543684359e-03 -1.0500000000e+01 -6.5000000000e+00 1.0500000000e+01
6.1569933020e-03 -1.1000000000e+01 -6.5000000000e+00 1.0500000000e+01
