inf
1.9862789210e-04 -1.1500000000e+01 -1.0000000000e+01 9.5000000000e+00
8.3239744313e-05 -1.1500000000e+01 -1.0000000000e+01 9.0000000000e+00
3.5524094793e-04 -1.1500000000e+01 -1.0000000000e+01 1.0000000000e+01
6.6345449944e-05 -1.1500000000e+01 -1.0500000000e+01 1.0000000000e+01
9.2797464594e-05 -1.2000000000e+01 -1.0000000000e+01 9.5000000000e+00
1.2988340345e-03 -1.1500000000e+01 -9.5000000000e+00 1.0000000000e+01
1.4428529237e-03 -1.1000000000e+01 -9.5000000000e+00 1.0000000000e+01
4.3994491724e-04 -1.1000000000e+01 -1.0000000000e+01 1.0000000000e+01
8.9270724382e-05 -1.1000000000e+01 -1.0500000000e+01 1.0000000000e+01
4.1222147309e-04 -1.1500000000e+01 -9.5000000000e+00 9.0000000000e+00
8.2375371993e-04 -1.2000000000e+01 -9.5000000000e+00 1.0000000000e+01
5.5200450705e-04 -1.1000000000e+01 -9.5000000000e+00 9.0000000000e+00
1.3568251270e-04 -1.1000000000e+01 -1.0000000000e+01 9.0000000000e+00
8.6152705458e-04 -1.1500000000e+01 -9.5000000000e+00 9.5000000000e+00
1.0658547053e-03 -1.1000000000e+01 -9.5000000000e+00 9.5000000000e+00
2.9298807725e-04 -1.1000000000e+01 -1.0000000000e+01 9.5000000000e+00
5.3068547379e-05 -1.1000000000e+01 -1.0500000000e+01 9.5000000000e+00
4.8133292754e-04 -1.2000000000e+01 -9.5000000000e+00 9.5000000000e+00
2.1023198461e-04 -1.2000000000e+01 -9.5000000000e+00 9.0000000000e+00
2.0008747111e-04 -1.2000000000e+01 -1.0000000000e+01 1.0000000000e+01
1.5566219891e-04 -1.1500000000e+01 -9.5000000000e+00 8.5000000000e+00
2.3714654314e-04 -1.1000000000e+01 -9.5000000000e+00 8.5000000000e+00
4.9982857390e-05 -1.1000000000e+01 -1.0000000000e+01 8.5000000000e+00
6.5030039349e-05 -1.2000000000e+01 -9.5000000000e+00 8.5000000000e+00
3.7348984552e-04 -1.2500000000e+01 -9.5000000000e+00 1.0000000000e+01
7.6459900775e-05 -1.2500000000e+01 -1.0000000000e+01 1.0000000000e+01
6.8898035899e-05 -1.2500000000e+01 -9.5000000000e+00 9.0000000000e+00
1.8368581651e-04 -1.2500000000e+01 -9.5000000000e+00 9.5000000000e+00
3.5574496272e-04 -1.1500000000e+01 -1.0000000000e+01 1.0500000000e+01
6.8757615586e-05 -1.1500000000e+01 -1.0500000000e+01 1.0500000000e+01
1.2821644991e-03 -1.1500000000e+01 -9.5000000000e+00 1.0500000000e+01
1.3947798461e-03 -1.1000000000e+01 -9.5000000000e+00 1.0500000000e+01
4.2625210697e-04 -1.1000000000e+01 -1.0000000000e+01 1.0500000000e+01
8.8396943078e-05 -1.1000000000e+01 -1.0500000000e+01 1.0500000000e+01
8.3292547322e-04 -1.2000000000e+01 -9.5000000000e+00 1.0500000000e+01
2.0896344749e-04 -1.2000000000e+01 -1.0000000000e+01 1.0500000000e+01
3.9384840236e-04 -1.2500000000e+01 -9.5000000000e+00 1.0500000000e+01
3.0698387445e-03 -1.1500000000e+01 -9.0000000000e+00 1.0500000000e+01
3.1712084618e-03 -1.1000000000e+01 -9.0000000000e+00 1.0500000000e+01
2.1084461650e-03 -1.2000000000e+01 -9.0000000000e+00 1.0500000000e+01
2.5196515587e-03 -1.0500000000e+01 -9.0000000000e+00 1.0500000000e+01
1.1478204020e-03 -1.0500000000e+01 -9.5000000000e+00 1.0500000000e+01
3.7042242742e-04 -1.0500000000e+01 -1.0000000000e+01 1.0500000000e+01
8.0232811674e-05 -1.0500000000e+01 -1.0500000000e+01 1.0500000000e+01
4.8315596479e-04 -1.1500000000e+01 -9.0000000000e+00 8.5000000000e+00
6.2125905301e-04 -1.1000000000e+01 -9.0000000000e+00 8.5000000000e+00
2.5868278284e-04 -1.2000000000e+01 -9.0000000000e+00 8.5000000000e+00
1.0730625547e-03 -1.2500000000e+01 -9.0000000000e+00 1.0500000000e+01
5.9007134940e-04 -1.0500000000e+01 -9.0000000000e+00 8.5000000000e+00
2.4364523411e-04 -1.0500000000e+01 -9.5000000000e+00 8.5000000000e+00
6.3314167055e-05 -1.0500000000e+01 -1.0000000000e+01 8.5000000000e+00
3.1166116981e-03 -1.1500000000e+01 -9.0000000000e+00 1.0000000000e+01
3.2709460294e-03 -1.1000000000e+01 -9.0000000000e+00 1.0000000000e+01
2.1000054652e-03 -1.2000000000e+01 -9.0000000000e+00 1.0000000000e+01
2.6395361923e-03 -1.0500000000e+01 -9.0000000000e+00 1.0000000000e+01
1.2063813374e-03 -1.0500000000e+01 -9.5000000000e+00 1.0000000000e+01
3.9133525482e-04 -1.0500000000e+01 -1.0000000000e+01 1.0000000000e+01
8.4279800023e-05 -1.0500000000e+01 -1.0500000000e+01 1.0000000000e+01
1.1499231898e-03 -1.1500000000e+01 -9.0000000000e+00 9.0000000000e+00
1.3775213464e-03 -1.1000000000e+01 -9.0000000000e+00 9.0000000000e+00
6.7406065588e-04 -1.2000000000e+01 -9.0000000000e+00 9.0000000000e+00
1.0413670371e-03 -1.2500000000e+01 -9.0000000000e+00 1.0000000000e+01
1.2451643686e-03 -1.0500000000e+01 -9.0000000000e+00 9.0000000000e+00
5.2991248265e-04 -1.0500000000e+01 -9.5000000000e+00 9.0000000000e+00
1.4805456558e-04 -1.0500000000e+01 -1.0000000000e+01 9.0000000000e+00
2.2175287839e-03 -1.1500000000e+01 -9.0000000000e+00 9.5000000000e+00
2.5116870490e-03 -1.1000000000e+01 -9.0000000000e+00 9.5000000000e+00
1.3709603029e-03 -1.2000000000e+01 -9.0000000000e+00 9.5000000000e+00
2.1800227103e-03 -1.0500000000e+01 -9.0000000000e+00 9.5000000000e+00
9.7467126447e-04 -1.0500000000e+01 -9.5000000000e+00 9.5000000000e+00
2.9642868187e-04 -1.0500000000e+01 -1.0000000000e+01 9.5000000000e+00
5.9113906485e-05 -1.0500000000e+01 -1.0500000000e+01 9.5000000000e+00
5.9020501563e-05 -1.1000000000e+01 -9.5000000000e+00 8.0000000000e+00
6.1582106399e-04 -1.2500000000e+01 -9.0000000000e+00 9.5000000000e+00
2.8165647867e-04 -1.2500000000e+01 -9.0000000000e+00 9.0000000000e+00
9.3474701405e-05 -1.2500000000e+01 -9.0000000000e+00 8.5000000000e+00
8.8293998082e-05 -1.2500000000e+01 -1.0000000000e+01 1.0500000000e+01
1.2605231673e-04 -1.1500000000e+01 -9.0000000000e+00 8.0000000000e+00
1.8733096572e-04 -1.1000000000e+01 -9.0000000000e+00 8.0000000000e+00
5.7581497854e-05 -1.2000000000e+01 -9.0000000000e+00 8.0000000000e+00
1.9486505294e-04 -1.0500000000e+01 -9.0000000000e+00 8.0000000000e+00
7.2253432393e-05 -1.0500000000e+01 -9.5000000000e+00 8.0000000000e+00
3.9483146519e-04 -1.3000000000e+01 -9.0000000000e+00 1.0500000000e+01
1.3089767890e-04 -1.3000000000e+01 -9.5000000000e+00 1.0500000000e+01
3.6559083430e-04 -1.3000000000e+01 -9.0000000000e+00 1.0000000000e+01
1.1307037655e-04 -1.3000000000e+01 -9.5000000000e+00 1.0000000000e+01
7.6908113619e-05 -1.3000000000e+01 -9.0000000000e+00 9.0000000000e+00
1.8994957968e-04 -1.3000000000e+01 -9.0000000000e+00 9.5000000000e+00
4.2010633860e-05 -1.3000000000e+01 -9.5000000000e+00 9.5000000000e+00
3.1938127697e-04 -1.1500000000e+01 -1.0000000000e+01 1.1000000000e+01
6.3116958053e-05 -1.1500000000e+01 -1.0500000000e+01 1.1000000000e+01
1.1384530916e-03 -1.1500000000e+01 -9.5000000000e+00 1.1000000000e+01
1.1940872370e-03 -1.1000000000e+01 -9.5000000000e+00 1.1000000000e+01
3.6730981032e-04 -1.1000000000e+01 -1.0000000000e+01 1.1000000000e+01
7.6334493696e-05 -1.1000000000e+01 -1.0500000000e+01 1.1000000000e+01
7.6857616304e-04 -1.2000000000e+01 -9.5000000000e+00 1.1000000000e+01
1.9591799951e-04 -1.2000000000e+01 -1.0000000000e+01 1.1000000000e+01
3.7430740038e-04 -1.2500000000e+01 -9.5000000000e+00 1.1000000000e+01
2.6897165854e-03 -1.1500000000e+01 -9.0000000000e+00 1.1000000000e+01
2.6897099341e-03 -1.1000000000e+01 -9.0000000000e+00 1.1000000000e+01
1.9230863649e-03 -1.2000000000e+01 -9.0000000000e+00 1.1000000000e+01
2.0357076892e-03 -1.0500000000e+01 -9.0000000000e+00 1.1000000000e+01
9.4374300083e-04 -1.0500000000e+01 -9.5000000000e+00 1.1000000000e+01
3.1005078125e-04 -1.0500000000e+01 -1.0000000000e+01 1.1000000000e+01
6.7050788644e-05 -1.0500000000e+01 -1.0500000000e+01 1.1000000000e+01
1.0094167292e-03 -1.2500000000e+01 -9.0000000000e+00 1.1000000000e+01
8.3680851106e-05 -1.2500000000e+01 -1.0000000000e+01 1.1000000000e+01
3.7769667398e-04 -1.3000000000e+01 -9.0000000000e+00 1.1000000000e+01
1.2522728329e-04 -1.3000000000e+01 -9.5000000000e+00 1.1000000000e+01
4.7709896557e-03 -1.1500000000e+01 -8.5000000000e+00 1.1000000000e+01
4.6046193227e-03 -1.1000000000e+01 -8.5000000000e+00 1.1000000000e+01
3.5684552900e-03 -1.2000000000e+01 -8.5000000000e+00 1.1000000000e+01
3.3427377582e-03 -1.0500000000e+01 -8.5000000000e+00 1.1000000000e+01
1.9649579760e-03 -1.2500000000e+01 -8.5000000000e+00 1.1000000000e+01
1.7536468203e-03 -1.0000000000e+01 -8.5000000000e+00 1.1000000000e+01
1.1048532818e-03 -1.0000000000e+01 -9.0000000000e+00 1.1000000000e+01
5.3248226662e-04 -1.0000000000e+01 -9.5000000000e+00 1.1000000000e+01
1.8728098908e-04 -1.0000000000e+01 -1.0000000000e+01 1.1000000000e+01
4.2874174609e-05 -1.0000000000e+01 -1.0500000000e+01 1.1000000000e+01
2.8080983251e-04 -1.1500000000e+01 -8.5000000000e+00 8.0000000000e+00
3.6806118343e-04 -1.1000000000e+01 -8.5000000000e+00 8.0000000000e+00
1.4812059383e-04 -1.2000000000e+01 -8.5000000000e+00 8.0000000000e+00
3.5703381853e-04 -1.0500000000e+01 -8.5000000000e+00 8.0000000000e+00
5.5141443262e-05 -1.2500000000e+01 -8.5000000000e+00 8.0000000000e+00
7.8638821111e-04 -1.3000000000e+01 -8.5000000000e+00 1.1000000000e+01
2.4797907170e-04 -1.0000000000e+01 -8.5000000000e+00 8.0000000000e+00
1.4555361719e-04 -1.0000000000e+01 -9.0000000000e+00 8.0000000000e+00
6.0637573848e-05 -1.0000000000e+01 -9.5000000000e+00 8.0000000000e+00
5.4628391127e-03 -1.1500000000e+01 -8.5000000000e+00 1.0500000000e+01
5.4503510101e-03 -1.1000000000e+01 -8.5000000000e+00 1.0500000000e+01
3.9168688662e-03 -1.2000000000e+01 -8.5000000000e+00 1.0500000000e+01
4.1715571371e-03 -1.0500000000e+01 -8.5000000000e+00 1.0500000000e+01
2.0985483247e-03 -1.2500000000e+01 -8.5000000000e+00 1.0500000000e+01
2.2984402935e-03 -1.0000000000e+01 -8.5000000000e+00 1.0500000000e+01
1.4352168910e-03 -1.0000000000e+01 -9.0000000000e+00 1.0500000000e+01
6.7981593338e-04 -1.0000000000e+01 -9.5000000000e+00 1.0500000000e+01
2.3296557869e-04 -1.0000000000e+01 -1.0000000000e+01 1.0500000000e+01
5.2854734091e-05 -1.0000000000e+01 -1.0500000000e+01 1.0500000000e+01
9.4996819303e-04 -1.1500000000e+01 -8.5000000000e+00 8.5000000000e+00
1.1262902632e-03 -1.1000000000e+01 -8.5000000000e+00 8.5000000000e+00
5.5951721002e-04 -1.2000000000e+01 -8.5000000000e+00 8.5000000000e+00
1.0211448502e-03 -1.0500000000e+01 -8.5000000000e+00 8.5000000000e+00
2.3760969224e-04 -1.2500000000e+01 -8.5000000000e+00 8.5000000000e+00
8.2584317969e-04 -1.3000000000e+01 -8.5000000000e+00 1.0500000000e+01
6.6083119188e-04 -1.0000000000e+01 -8.5000000000e+00 8.5000000000e+00
4.0231843152e-04 -1.0000000000e+01 -9.0000000000e+00 8.5000000000e+00
1.7935815920e-04 -1.0000000000e+01 -9.5000000000e+00 8.5000000000e+00
5.3608039644e-05 -1.0000000000e+01 -1.0000000000e+01 8.5000000000e+00
5.5189435002e-03 -1.1500000000e+01 -8.5000000000e+00 1.0000000000e+01
5.5743796639e-03 -1.1000000000e+01 -8.5000000000e+00 1.0000000000e+01
3.8916854986e-03 -1.2000000000e+01 -8.5000000000e+00 1.0000000000e+01
4.3470807447e-03 -1.0500000000e+01 -8.5000000000e+00 1.0000000000e+01
2.0359725088e-03 -1.2500000000e+01 -8.5000000000e+00 1.0000000000e+01
2.4300632657e-03 -1.0000000000e+01 -8.5000000000e+00 1.0000000000e+01
1.5211018368e-03 -1.0000000000e+01 -9.0000000000e+00 1.0000000000e+01
7.2111805758e-04 -1.0000000000e+01 -9.5000000000e+00 1.0000000000e+01
2.4811702551e-04 -1.0000000000e+01 -1.0000000000e+01 1.0000000000e+01
5.6623434886e-05 -1.0000000000e+01 -1.0500000000e+01 1.0000000000e+01
2.1864042983e-03 -1.1500000000e+01 -8.5000000000e+00 9.0000000000e+00
2.4443235848e-03 -1.1000000000e+01 -8.5000000000e+00 9.0000000000e+00
1.3682386884e-03 -1.2000000000e+01 -8.5000000000e+00 9.0000000000e+00
2.1225310979e-03 -1.0500000000e+01 -8.5000000000e+00 9.0000000000e+00
6.3030012164e-04 -1.2500000000e+01 -8.5000000000e+00 9.0000000000e+00
7.6707859564e-04 -1.3000000000e+01 -8.5000000000e+00 1.0000000000e+01
1.3124059141e-03 -1.0000000000e+01 -8.5000000000e+00 9.0000000000e+00
8.0675681056e-04 -1.0000000000e+01 -9.0000000000e+00 9.0000000000e+00
3.6623944910e-04 -1.0000000000e+01 -9.5000000000e+00 9.0000000000e+00
1.1423402351e-04 -1.0000000000e+01 -1.0000000000e+01 9.0000000000e+00
4.0411269248e-03 -1.1500000000e+01 -8.5000000000e+00 9.5000000000e+00
4.3151856800e-03 -1.1000000000e+01 -8.5000000000e+00 9.5000000000e+00
2.6517635768e-03 -1.2000000000e+01 -8.5000000000e+00 9.5000000000e+00
3.6014318596e-03 -1.0500000000e+01 -8.5000000000e+00 9.5000000000e+00
1.2875856914e-03 -1.2500000000e+01 -8.5000000000e+00 9.5000000000e+00
2.1353097882e-03 -1.0000000000e+01 -8.5000000000e+00 9.5000000000e+00
1.3509472638e-03 -1.0000000000e+01 -9.0000000000e+00 9.5000000000e+00
6.3985588568e-04 -1.0000000000e+01 -9.5000000000e+00 9.5000000000e+00
2.1460936289e-04 -1.0000000000e+01 -1.0000000000e+01 9.5000000000e+00
4.6506720016e-05 -1.0000000000e+01 -1.0500000000e+01 9.5000000000e+00
4.4702198063e-05 -1.0500000000e+01 -9.0000000000e+00 7.5000000000e+00
4.4600698934e-04 -1.3000000000e+01 -8.5000000000e+00 9.5000000000e+00
2.0353343253e-04 -1.3000000000e+01 -8.5000000000e+00 9.0000000000e+00
6.7213114158e-05 -1.3000000000e+01 -8.5000000000e+00 8.5000000000e+00
6.0321085519e-05 -1.1500000000e+01 -8.5000000000e+00 7.5000000000e+00
8.5324958606e-05 -1.1000000000e+01 -8.5000000000e+00 7.5000000000e+00
8.7778009634e-05 -1.0500000000e+01 -8.5000000000e+00 7.5000000000e+00
6.6030374680e-05 -1.0000000000e+01 -8.5000000000e+00 7.5000000000e+00
2.1816558655e-04 -1.3500000000e+01 -8.5000000000e+00 1.1000000000e+01
9.6616838672e-05 -1.3500000000e+01 -9.0000000000e+00 1.1000000000e+01
2.2706981807e-04 -1.3500000000e+01 -8.5000000000e+00 1.0500000000e+01
1.0066141968e-04 -1.3500000000e+01 -9.0000000000e+00 1.0500000000e+01
1.9692988281e-04 -1.3500000000e+01 -8.5000000000e+00 1.0000000000e+01
8.4609417406e-05 -1.3500000000e+01 -9.0000000000e+00 1.0000000000e+01
4.3498211019e-05 -1.3500000000e+01 -8.5000000000e+00 9.0000000000e+00
1.0400298918e-04 -1.3500000000e+01 -8.5000000000e+00 9.5000000000e+00
2.4062808031e-04 -1.1500000000e+01 -1.0000000000e+01 1.1500000000e+01
4.7773729936e-05 -1.1500000000e+01 -1.0500000000e+01 1.1500000000e+01
8.0241849170e-04 -1.1500000000e+01 -9.5000000000e+00 1.1500000000e+01
7.9761850448e-04 -1.1000000000e+01 -9.5000000000e+00 1.1500000000e+01
2.5857542892e-04 -1.1000000000e+01 -1.0000000000e+01 1.1500000000e+01
5.5186241211e-05 -1.1000000000e+01 -1.0500000000e+01 1.1500000000e+01
5.7420942325e-04 -1.2000000000e+01 -9.5000000000e+00 1.1500000000e+01
1.5614066181e-04 -1.2000000000e+01 -1.0000000000e+01 1.1500000000e+01
2.9838315429e-04 -1.2500000000e+01 -9.5000000000e+00 1.1500000000e+01
1.8204400624e-03 -1.1500000000e+01 -9.0000000000e+00 1.1500000000e+01
1.7383534219e-03 -1.1000000000e+01 -9.0000000000e+00 1.1500000000e+01
1.3770853882e-03 -1.2000000000e+01 -9.0000000000e+00 1.1500000000e+01
1.2318995587e-03 -1.0500000000e+01 -9.0000000000e+00 1.1500000000e+01
5.8601925924e-04 -1.0500000000e+01 -9.5000000000e+00 1.1500000000e+01
2.0269987311e-04 -1.0500000000e+01 -1.0000000000e+01 1.1500000000e+01
4.5878088821e-05 -1.0500000000e+01 -1.0500000000e+01 1.1500000000e+01
7.6464175377e-04 -1.2500000000e+01 -9.0000000000e+00 1.1500000000e+01
7.1323968518e-05 -1.2500000000e+01 -1.0000000000e+01 1.1500000000e+01
3.0672167664e-04 -1.3000000000e+01 -9.0000000000e+00 1.1500000000e+01
1.0874896933e-04 -1.3000000000e+01 -9.5000000000e+00 1.1500000000e+01
3.1664775617e-03 -1.1500000000e+01 -8.5000000000e+00 1.1500000000e+01
2.9303527068e-03 -1.1000000000e+01 -8.5000000000e+00 1.1500000000e+01
2.4963250516e-03 -1.2000000000e+01 -8.5000000000e+00 1.1500000000e+01
2.0066049607e-03 -1.0500000000e+01 -8.5000000000e+00 1.1500000000e+01
1.4499112511e-03 -1.2500000000e+01 -8.5000000000e+00 1.1500000000e+01
1.0022276750e-03 -1.0000000000e+01 -8.5000000000e+00 1.1500000000e+01
6.3257039360e-04 -1.0000000000e+01 -9.0000000000e+00 1.1500000000e+01
3.0980663745e-04 -1.0000000000e+01 -9.5000000000e+00 1.1500000000e+01
1.1279078475e-04 -1.0000000000e+01 -1.0000000000e+01 1.1500000000e+01
6.1623531923e-04 -1.3000000000e+01 -8.5000000000e+00 1.1500000000e+01
1.8277838901e-04 -1.3500000000e+01 -8.5000000000e+00 1.1500000000e+01
8.4214920192e-05 -1.3500000000e+01 -9.0000000000e+00 1.1500000000e+01
4.1114450214e-03 -1.1500000000e+01 -8.0000000000e+00 1.1500000000e+01
3.6884832193e-03 -1.1000000000e+01 -8.0000000000e+00 1.1500000000e+01
3.3979038830e-03 -1.2000000000e+01 -8.0000000000e+00 1.1500000000e+01
2.4424015151e-03 -1.0500000000e+01 -8.0000000000e+00 1.1500000000e+01
2.0833378846e-03 -1.2500000000e+01 -8.0000000000e+00 1.1500000000e+01
1.1824191529e-03 -1.0000000000e+01 -8.0000000000e+00 1.1500000000e+01
9.3600240202e-04 -1.3000000000e+01 -8.0000000000e+00 1.1500000000e+01
4.1577988597e-04 -9.5000000000e+00 -8.0000000000e+00 1.1500000000e+01
3.6545594083e-04 -9.5000000000e+00 -8.5000000000e+00 1.1500000000e+01
2.3850810304e-04 -9.5000000000e+00 -9.0000000000e+00 1.1500000000e+01
1.2036405233e-04 -9.5000000000e+00 -9.5000000000e+00 1.1500000000e+01
4.5278376517e-05 -9.5000000000e+00 -1.0000000000e+01 1.1500000000e+01
9.8391331514e-05 -1.1500000000e+01 -8.0000000000e+00 7.5000000000e+00
1.2778701608e-04 -1.1000000000e+01 -8.0000000000e+00 7.5000000000e+00
5.3266683359e-05 -1.2000000000e+01 -8.0000000000e+00 7.5000000000e+00
1.2465384696e-04 -1.0500000000e+01 -8.0000000000e+00 7.5000000000e+00
8.8567428569e-05 -1.0000000000e+01 -8.0000000000e+00 7.5000000000e+00
2.9865514520e-04 -1.3500000000e+01 -8.0000000000e+00 1.1500000000e+01
4.5241268512e-05 -9.5000000000e+00 -8.0000000000e+00 7.5000000000e+00
6.2371401721e-03 -1.1500000000e+01 -8.0000000000e+00 1.1000000000e+01
5.8205494089e-03 -1.1000000000e+01 -8.0000000000e+00 1.1000000000e+01
4.8932925617e-03 -1.2000000000e+01 -8.0000000000e+00 1.1000000000e+01
4.0594729913e-03 -1.0500000000e+01 -8.0000000000e+00 1.1000000000e+01
2.8458701464e-03 -1.2500000000e+01 -8.0000000000e+00 1.1000000000e+01
2.0641923184e-03 -1.0000000000e+01 -8.0000000000e+00 1.1000000000e+01
1.2083008012e-03 -1.3000000000e+01 -8.0000000000e+00 1.1000000000e+01
7.6331797778e-04 -9.5000000000e+00 -8.0000000000e+00 1.1000000000e+01
6.7228483430e-04 -9.5000000000e+00 -8.5000000000e+00 1.1000000000e+01
4.4034077687e-04 -9.5000000000e+00 -9.0000000000e+00 1.1000000000e+01
2.2048889790e-04 -9.5000000000e+00 -9.5000000000e+00 1.1000000000e+01
8.1143146587e-05 -9.5000000000e+00 -1.0000000000e+01 1.1000000000e+01
4.2528902179e-04 -1.1500000000e+01 -8.0000000000e+00 8.0000000000e+00
5.1363312002e-04 -1.1000000000e+01 -8.0000000000e+00 8.0000000000e+00
2.4452392954e-04 -1.2000000000e+01 -8.0000000000e+00 8.0000000000e+00
4.7564995344e-04 -1.0500000000e+01 -8.0000000000e+00 8.0000000000e+00
1.0197973610e-04 -1.2500000000e+01 -8.0000000000e+00 8.0000000000e+00
3.1436048064e-04 -1.0000000000e+01 -8.0000000000e+00 8.0000000000e+00
3.6260799528e-04 -1.3500000000e+01 -8.0000000000e+00 1.1000000000e+01
1.5087909981e-04 -9.5000000000e+00 -8.0000000000e+00 8.0000000000e+00
1.2439963414e-04 -9.5000000000e+00 -8.5000000000e+00 8.0000000000e+00
7.7626164203e-05 -9.5000000000e+00 -9.0000000000e+00 8.0000000000e+00
7.1505278786e-03 -1.1500000000e+01 -8.0000000000e+00 1.0500000000e+01
6.9169045561e-03 -1.1000000000e+01 -8.0000000000e+00 1.0500000000e+01
5.3777994615e-03 -1.2000000000e+01 -8.0000000000e+00 1.0500000000e+01
5.1128234705e-03 -1.0500000000e+01 -8.0000000000e+00 1.0500000000e+01
3.0392856490e-03 -1.2500000000e+01 -8.0000000000e+00 1.0500000000e+01
2.7372935907e-03 -1.0000000000e+01 -8.0000000000e+00 1.0500000000e+01
1.2675203560e-03 -1.3000000000e+01 -8.0000000000e+00 1.0500000000e+01
1.0701788814e-03 -9.5000000000e+00 -8.0000000000e+00 1.0500000000e+01
9.3142549171e-04 -9.5000000000e+00 -8.5000000000e+00 1.0500000000e+01
6.0584480969e-04 -9.5000000000e+00 -9.0000000000e+00 1.0500000000e+01
2.9887581575e-04 -9.5000000000e+00 -9.5000000000e+00 1.0500000000e+01
1.0704058095e-04 -9.5000000000e+00 -1.0000000000e+01 1.0500000000e+01
1.3292138958e-03 -1.1500000000e+01 -8.0000000000e+00 8.5000000000e+00
1.4853217358e-03 -1.1000000000e+01 -8.0000000000e+00 8.5000000000e+00
8.3166664627e-04 -1.2000000000e+01 -8.0000000000e+00 8.5000000000e+00
1.3022347908e-03 -1.0500000000e+01 -8.0000000000e+00 8.5000000000e+00
3.8437669910e-04 -1.2500000000e+01 -8.0000000000e+00 8.5000000000e+00
8.1418549627e-04 -1.0000000000e+01 -8.0000000000e+00 8.5000000000e+00
1.2457136993e-04 -1.3000000000e+01 -8.0000000000e+00 8.5000000000e+00
3.7660954520e-04 -1.3500000000e+01 -8.0000000000e+00 1.0500000000e+01
3.7234672846e-04 -9.5000000000e+00 -8.0000000000e+00 8.5000000000e+00
3.1355080698e-04 -9.5000000000e+00 -8.5000000000e+00 8.5000000000e+00
2.0060599302e-04 -9.5000000000e+00 -9.0000000000e+00 8.5000000000e+00
9.5186567735e-05 -9.5000000000e+00 -9.5000000000e+00 8.5000000000e+00
7.1346478518e-03 -1.1500000000e+01 -8.0000000000e+00 1.0000000000e+01
6.9951735118e-03 -1.1000000000e+01 -8.0000000000e+00 1.0000000000e+01
5.2438864053e-03 -1.2000000000e+01 -8.0000000000e+00 1.0000000000e+01
5.2851396032e-03 -1.0500000000e+01 -8.0000000000e+00 1.0000000000e+01
2.8761966866e-03 -1.2500000000e+01 -8.0000000000e+00 1.0000000000e+01
2.8894690785e-03 -1.0000000000e+01 -8.0000000000e+00 1.0000000000e+01
1.1503622855e-03 -1.3000000000e+01 -8.0000000000e+00 1.0000000000e+01
1.1594818068e-03 -9.5000000000e+00 -8.0000000000e+00 1.0000000000e+01
1.0036418838e-03 -9.5000000000e+00 -8.5000000000e+00 1.0000000000e+01
6.5263623943e-04 -9.5000000000e+00 -9.0000000000e+00 1.0000000000e+01
3.2117928544e-04 -9.5000000000e+00 -9.5000000000e+00 1.0000000000e+01
1.1475296364e-04 -9.5000000000e+00 -1.0000000000e+01 1.0000000000e+01
2.9769817525e-03 -1.1500000000e+01 -8.0000000000e+00 9.0000000000e+00
3.1684633507e-03 -1.1000000000e+01 -8.0000000000e+00 9.0000000000e+00
1.9608320353e-03 -1.2000000000e+01 -8.0000000000e+00 9.0000000000e+00
2.6665179133e-03 -1.0500000000e+01 -8.0000000000e+00 9.0000000000e+00
9.6631292256e-04 -1.2500000000e+01 -8.0000000000e+00 9.0000000000e+00
1.5980901044e-03 -1.0000000000e+01 -8.0000000000e+00 9.0000000000e+00
3.4088699599e-04 -1.3000000000e+01 -8.0000000000e+00 9.0000000000e+00
3.1912915726e-04 -1.3500000000e+01 -8.0000000000e+00 1.0000000000e+01
7.0201016622e-04 -9.5000000000e+00 -8.0000000000e+00 9.0000000000e+00
5.9753672480e-04 -9.5000000000e+00 -8.5000000000e+00 9.0000000000e+00
3.8498630752e-04 -9.5000000000e+00 -9.0000000000e+00 9.0000000000e+00
1.8483356546e-04 -9.5000000000e+00 -9.5000000000e+00 9.0000000000e+00
6.1987502430e-05 -9.5000000000e+00 -1.0000000000e+01 9.0000000000e+00
5.3259068649e-03 -1.1500000000e+01 -8.0000000000e+00 9.5000000000e+00
5.4536167961e-03 -1.1000000000e+01 -8.0000000000e+00 9.5000000000e+00
3.6694598445e-03 -1.2000000000e+01 -8.0000000000e+00 9.5000000000e+00
4.3983441879e-03 -1.0500000000e+01 -8.0000000000e+00 9.5000000000e+00
1.8975437220e-03 -1.2500000000e+01 -8.0000000000e+00 9.5000000000e+00
2.5294662751e-03 -1.0000000000e+01 -8.0000000000e+00 9.5000000000e+00
7.0954084980e-04 -1.3000000000e+01 -8.0000000000e+00 9.5000000000e+00
1.0669332459e-03 -9.5000000000e+00 -8.0000000000e+00 9.5000000000e+00
9.3034673268e-04 -9.5000000000e+00 -8.5000000000e+00 9.5000000000e+00
6.1424809427e-04 -9.5000000000e+00 -9.0000000000e+00 9.5000000000e+00
3.0523535001e-04 -9.5000000000e+00 -9.5000000000e+00 9.5000000000e+00
1.0871093632e-04 -9.5000000000e+00 -1.0000000000e+01 9.5000000000e+00
1.8258253201e-04 -1.3500000000e+01 -8.0000000000e+00 9.5000000000e+00
8.2314321227e-05 -1.3500000000e+01 -8.0000000000e+00 9.0000000000e+00
6.3764040247e-05 -1.4000000000e+01 -8.0000000000e+00 1.1500000000e+01
7.4348828140e-05 -1.4000000000e+01 -8.0000000000e+00 1.1000000000e+01
4.1815112077e-05 -1.4000000000e+01 -8.5000000000e+00 1.1000000000e+01
7.6877782825e-05 -1.4000000000e+01 -8.0000000000e+00 1.0500000000e+01
4.3496547768e-05 -1.4000000000e+01 -8.5000000000e+00 1.0500000000e+01
6.0928127045e-05 -1.4000000000e+01 -8.0000000000e+00 1.0000000000e+01
1.3119696282e-04 -1.1500000000e+01 -1.0000000000e+01 1.2000000000e+01
4.0490612998e-04 -1.1500000000e+01 -9.5000000000e+00 1.2000000000e+01
3.7784356091e-04 -1.1000000000e+01 -9.5000000000e+00 1.2000000000e+01
1.2862659764e-04 -1.1000000000e+01 -1.0000000000e+01 1.2000000000e+01
3.1263951191e-04 -1.2000000000e+01 -9.5000000000e+00 1.2000000000e+01
9.4165292204e-05 -1.2000000000e+01 -1.0000000000e+01 1.2000000000e+01
1.7440674096e-04 -1.2500000000e+01 -9.5000000000e+00 1.2000000000e+01
8.9078971007e-04 -1.1500000000e+01 -9.0000000000e+00 1.2000000000e+01
8.0890805128e-04 -1.1000000000e+01 -9.0000000000e+00 1.2000000000e+01
7.1646918902e-04 -1.2000000000e+01 -9.0000000000e+00 1.2000000000e+01
5.3845726859e-04 -1.0500000000e+01 -9.0000000000e+00 1.2000000000e+01
2.5733647297e-04 -1.0500000000e+01 -9.5000000000e+00 1.2000000000e+01
9.1217393388e-05 -1.0500000000e+01 -1.0000000000e+01 1.2000000000e+01
4.2156072842e-04 -1.2500000000e+01 -9.0000000000e+00 1.2000000000e+01
4.7323692946e-05 -1.2500000000e+01 -1.0000000000e+01 1.2000000000e+01
1.7980518194e-04 -1.3000000000e+01 -9.0000000000e+00 1.2000000000e+01
6.9217730860e-05 -1.3000000000e+01 -9.5000000000e+00 1.2000000000e+01
1.5393833775e-03 -1.1500000000e+01 -8.5000000000e+00 1.2000000000e+01
1.3676248136e-03 -1.1000000000e+01 -8.5000000000e+00 1.2000000000e+01
1.2755053671e-03 -1.2000000000e+01 -8.5000000000e+00 1.2000000000e+01
8.8912804278e-04 -1.0500000000e+01 -8.5000000000e+00 1.2000000000e+01
7.7989504266e-04 -1.2500000000e+01 -8.5000000000e+00 1.2000000000e+01
4.2224376200e-04 -1.0000000000e+01 -8.5000000000e+00 1.2000000000e+01
2.6171937319e-04 -1.0000000000e+01 -9.0000000000e+00 1.2000000000e+01
1.2766997471e-04 -1.0000000000e+01 -9.5000000000e+00 1.2000000000e+01
4.6760745019e-05 -1.0000000000e+01 -1.0000000000e+01 1.2000000000e+01
3.4899621626e-04 -1.3000000000e+01 -8.5000000000e+00 1.2000000000e+01
1.0988750683e-04 -1.3500000000e+01 -8.5000000000e+00 1.2000000000e+01
5.2932104001e-05 -1.3500000000e+01 -9.0000000000e+00 1.2000000000e+01
2.0305309913e-03 -1.1500000000e+01 -8.0000000000e+00 1.2000000000e+01
1.7525500933e-03 -1.1000000000e+01 -8.0000000000e+00 1.2000000000e+01
1.7618490995e-03 -1.2000000000e+01 -8.0000000000e+00 1.2000000000e+01
1.1075852551e-03 -1.0500000000e+01 -8.0000000000e+00 1.2000000000e+01
1.1270598071e-03 -1.2500000000e+01 -8.0000000000e+00 1.2000000000e+01
5.1144509664e-04 -1.0000000000e+01 -8.0000000000e+00 1.2000000000e+01
5.2995806787e-04 -1.3000000000e+01 -8.0000000000e+00 1.2000000000e+01
1.7084472568e-04 -9.5000000000e+00 -8.0000000000e+00 1.2000000000e+01
1.4648145150e-04 -9.5000000000e+00 -8.5000000000e+00 1.2000000000e+01
9.3382641213e-05 -9.5000000000e+00 -9.0000000000e+00 1.2000000000e+01
4.6566584324e-05 -9.5000000000e+00 -9.5000000000e+00 1.2000000000e+01
1.7805288204e-04 -1.3500000000e+01 -8.0000000000e+00 1.2000000000e+01
2.0708055334e-03 -1.1500000000e+01 -7.5000000000e+00 1.2000000000e+01
1.7667112020e-03 -1.1000000000e+01 -7.5000000000e+00 1.2000000000e+01
1.8348703611e-03 -1.2000000000e+01 -7.5000000000e+00 1.2000000000e+01
1.1053467312e-03 -1.0500000000e+01 -7.5000000000e+00 1.2000000000e+01
1.2046198233e-03 -1.2500000000e+01 -7.5000000000e+00 1.2000000000e+01
5.0683832567e-04 -1.0000000000e+01 -7.5000000000e+00 1.2000000000e+01
5.9009081487e-04 -1.3000000000e+01 -7.5000000000e+00 1.2000000000e+01
1.6801176401e-04 -9.5000000000e+00 -7.5000000000e+00 1.2000000000e+01
2.1026763667e-04 -1.3500000000e+01 -7.5000000000e+00 1.2000000000e+01
4.1103633521e-05 -9.0000000000e+00 -8.0000000000e+00 1.2000000000e+01
5.0378553474e-05 -1.4000000000e+01 -7.5000000000e+00 1.2000000000e+01
4.1746292715e-03 -1.1500000000e+01 -7.5000000000e+00 1.1500000000e+01
3.7043294460e-03 -1.1000000000e+01 -7.5000000000e+00 1.1500000000e+01
3.5133843703e-03 -1.2000000000e+01 -7.5000000000e+00 1.1500000000e+01
2.4318754714e-03 -1.0500000000e+01 -7.5000000000e+00 1.1500000000e+01
2.2049936930e-03 -1.2500000000e+01 -7.5000000000e+00 1.1500000000e+01
1.1701931232e-03 -1.0000000000e+01 -7.5000000000e+00 1.1500000000e+01
1.0297078569e-03 -1.3000000000e+01 -7.5000000000e+00 1.1500000000e+01
4.0845258480e-04 -9.5000000000e+00 -7.5000000000e+00 1.1500000000e+01
3.4789179870e-04 -1.3500000000e+01 -7.5000000000e+00 1.1500000000e+01
1.0221636061e-04 -9.0000000000e+00 -7.5000000000e+00 1.1500000000e+01
1.0594854831e-04 -9.0000000000e+00 -8.0000000000e+00 1.1500000000e+01
9.7584932298e-05 -9.0000000000e+00 -8.5000000000e+00 1.1500000000e+01
6.6298294003e-05 -9.0000000000e+00 -9.0000000000e+00 1.1500000000e+01
1.1538963899e-04 -1.1500000000e+01 -7.5000000000e+00 7.5000000000e+00
1.4180508642e-04 -1.1000000000e+01 -7.5000000000e+00 7.5000000000e+00
6.6285221146e-05 -1.2000000000e+01 -7.5000000000e+00 7.5000000000e+00
1.3446058656e-04 -1.0500000000e+01 -7.5000000000e+00 7.5000000000e+00
9.2550510208e-05 -1.0000000000e+01 -7.5000000000e+00 7.5000000000e+00
4.6166235357e-05 -9.5000000000e+00 -7.5000000000e+00 7.5000000000e+00
7.9884059612e-05 -1.4000000000e+01 -7.5000000000e+00 1.1500000000e+01
6.3608034291e-03 -1.1500000000e+01 -7.5000000000e+00 1.1000000000e+01
5.8721434879e-03 -1.1000000000e+01 -7.5000000000e+00 1.1000000000e+01
5.0756413917e-03 -1.2000000000e+01 -7.5000000000e+00 1.1000000000e+01
4.0576353425e-03 -1.0500000000e+01 -7.5000000000e+00 1.1000000000e+01
3.0278588457e-03 -1.2500000000e+01 -7.5000000000e+00 1.1000000000e+01
2.0506374275e-03 -1.0000000000e+01 -7.5000000000e+00 1.1000000000e+01
1.3341591822e-03 -1.3000000000e+01 -7.5000000000e+00 1.1000000000e+01
7.5238891928e-04 -9.5000000000e+00 -7.5000000000e+00 1.1000000000e+01
4.2266625984e-04 -1.3500000000e+01 -7.5000000000e+00 1.1000000000e+01
1.9880358020e-04 -9.0000000000e+00 -7.5000000000e+00 1.1000000000e+01
2.0523463267e-04 -9.0000000000e+00 -8.0000000000e+00 1.1000000000e+01
1.8911119831e-04 -9.0000000000e+00 -8.5000000000e+00 1.1000000000e+01
1.2930242865e-04 -9.0000000000e+00 -9.0000000000e+00 1.1000000000e+01
6.5517937183e-05 -9.0000000000e+00 -9.5000000000e+00 1.1000000000e+01
4.7349737179e-04 -1.1500000000e+01 -7.5000000000e+00 8.0000000000e+00
5.4870734336e-04 -1.1000000000e+01 -7.5000000000e+00 8.0000000000e+00
2.8694091379e-04 -1.2000000000e+01 -7.5000000000e+00 8.0000000000e+00
4.9662678177e-04 -1.0500000000e+01 -7.5000000000e+00 8.0000000000e+00
1.2900140223e-04 -1.2500000000e+01 -7.5000000000e+00 8.0000000000e+00
3.2294799019e-04 -1.0000000000e+01 -7.5000000000e+00 8.0000000000e+00
1.5259125447e-04 -9.5000000000e+00 -7.5000000000e+00 8.0000000000e+00
9.2499277095e-05 -1.4000000000e+01 -7.5000000000e+00 1.1000000000e+01
5.2252063165e-05 -9.0000000000e+00 -7.5000000000e+00 8.0000000000e+00
5.2951674684e-05 -9.0000000000e+00 -8.0000000000e+00 8.0000000000e+00
4.5839620021e-05 -9.0000000000e+00 -8.5000000000e+00 8.0000000000e+00
7.3240026634e-03 -1.1500000000e+01 -7.5000000000e+00 1.0500000000e+01
7.0176512687e-03 -1.1000000000e+01 -7.5000000000e+00 1.0500000000e+01
5.5898431554e-03 -1.2000000000e+01 -7.5000000000e+00 1.0500000000e+01
5.1405412367e-03 -1.0500000000e+01 -7.5000000000e+00 1.0500000000e+01
3.2326584210e-03 -1.2500000000e+01 -7.5000000000e+00 1.0500000000e+01
2.7380903610e-03 -1.0000000000e+01 -7.5000000000e+00 1.0500000000e+01
1.3912254660e-03 -1.3000000000e+01 -7.5000000000e+00 1.0500000000e+01
1.0621834021e-03 -9.5000000000e+00 -7.5000000000e+00 1.0500000000e+01
4.3246893067e-04 -1.3500000000e+01 -7.5000000000e+00 1.0500000000e+01
2.9679525889e-04 -9.0000000000e+00 -7.5000000000e+00 1.0500000000e+01
3.0397343065e-04 -9.0000000000e+00 -8.0000000000e+00 1.0500000000e+01
2.7750297434e-04 -9.0000000000e+00 -8.5000000000e+00 1.0500000000e+01
1.8860577224e-04 -9.0000000000e+00 -9.0000000000e+00 1.0500000000e+01
9.4643230726e-05 -9.0000000000e+00 -9.5000000000e+00 1.0500000000e+01
1.4192420234e-03 -1.1500000000e+01 -7.5000000000e+00 8.5000000000e+00
1.5447034542e-03 -1.1000000000e+01 -7.5000000000e+00 8.5000000000e+00
9.1252333049e-04 -1.2000000000e+01 -7.5000000000e+00 8.5000000000e+00
1.3380628899e-03 -1.0500000000e+01 -7.5000000000e+00 8.5000000000e+00
4.4265640947e-04 -1.2500000000e+01 -7.5000000000e+00 8.5000000000e+00
8.2781404799e-04 -1.0000000000e+01 -7.5000000000e+00 8.5000000000e+00
1.5414931646e-04 -1.3000000000e+01 -7.5000000000e+00 8.5000000000e+00
3.7440536629e-04 -9.5000000000e+00 -7.5000000000e+00 8.5000000000e+00
9.3263678525e-05 -1.4000000000e+01 -7.5000000000e+00 1.0500000000e+01
1.2320896036e-04 -9.0000000000e+00 -7.5000000000e+00 8.5000000000e+00
1.2487865926e-04 -9.0000000000e+00 -8.0000000000e+00 8.5000000000e+00
1.0993731349e-04 -9.0000000000e+00 -8.5000000000e+00 8.5000000000e+00
7.3786509640e-05 -9.0000000000e+00 -9.0000000000e+00 8.5000000000e+00
7.2822990906e-03 -1.1500000000e+01 -7.5000000000e+00 1.0000000000e+01
7.0796782543e-03 -1.1000000000e+01 -7.5000000000e+00 1.0000000000e+01
5.4204402135e-03 -1.2000000000e+01 -7.5000000000e+00 1.0000000000e+01
5.3113513920e-03 -1.0500000000e+01 -7.5000000000e+00 1.0000000000e+01
3.0352353181e-03 -1.2500000000e+01 -7.5000000000e+00 1.0000000000e+01
2.8926519507e-03 -1.0000000000e+01 -7.5000000000e+00 1.0000000000e+01
1.2499215390e-03 -1.3000000000e+01 -7.5000000000e+00 1.0000000000e+01
1.1547405248e-03 -9.5000000000e+00 -7.5000000000e+00 1.0000000000e+01
3.6383002525e-04 -1.3500000000e+01 -7.5000000000e+00 1.0000000000e+01
3.3581112389e-04 -9.0000000000e+00 -7.5000000000e+00 1.0000000000e+01
3.4189043501e-04 -9.0000000000e+00 -8.0000000000e+00 1.0000000000e+01
3.0852375538e-04 -9.0000000000e+00 -8.5000000000e+00 1.0000000000e+01
2.0906519443e-04 -9.0000000000e+00 -9.0000000000e+00 1.0000000000e+01
1.0462668372e-04 -9.0000000000e+00 -9.5000000000e+00 1.0000000000e+01
3.1256618240e-03 -1.1500000000e+01 -7.5000000000e+00 9.0000000000e+00
3.2628598129e-03 -1.1000000000e+01 -7.5000000000e+00 9.0000000000e+00
2.1025478314e-03 -1.2000000000e+01 -7.5000000000e+00 9.0000000000e+00
2.7209490981e-03 -1.0500000000e+01 -7.5000000000e+00 9.0000000000e+00
1.0701609428e-03 -1.2500000000e+01 -7.5000000000e+00 9.0000000000e+00
1.6161434794e-03 -1.0000000000e+01 -7.5000000000e+00 9.0000000000e+00
3.9808200906e-04 -1.3000000000e+01 -7.5000000000e+00 9.0000000000e+00
7.0386676690e-04 -9.5000000000e+00 -7.5000000000e+00 9.0000000000e+00
1.0275343495e-04 -1.3500000000e+01 -7.5000000000e+00 9.0000000000e+00
7.3311028759e-05 -1.4000000000e+01 -7.5000000000e+00 1.0000000000e+01
2.2296979796e-04 -9.0000000000e+00 -7.5000000000e+00 9.0000000000e+00
2.2621106091e-04 -9.0000000000e+00 -8.0000000000e+00 9.0000000000e+00
2.0116255729e-04 -9.0000000000e+00 -8.5000000000e+00 9.0000000000e+00
1.3567777328e-04 -9.0000000000e+00 -9.0000000000e+00 9.0000000000e+00
6.7087858115e-05 -9.0000000000e+00 -9.5000000000e+00 9.0000000000e+00
5.4909977717e-03 -1.1500000000e+01 -7.5000000000e+00 9.5000000000e+00
5.5625503450e-03 -1.1000000000e+01 -7.5000000000e+00 9.5000000000e+00
3.8620616226e-03 -1.2000000000e+01 -7.5000000000e+00 9.5000000000e+00
4.4416280128e-03 -1.0500000000e+01 -7.5000000000e+00 9.5000000000e+00
2.0486713187e-03 -1.2500000000e+01 -7.5000000000e+00 9.5000000000e+00
2.5376214664e-03 -1.0000000000e+01 -7.5000000000e+00 9.5000000000e+00
7.9796141311e-04 -1.3000000000e+01 -7.5000000000e+00 9.5000000000e+00
1.0607653851e-03 -9.5000000000e+00 -7.5000000000e+00 9.5000000000e+00
2.1853377603e-04 -1.3500000000e+01 -7.5000000000e+00 9.5000000000e+00
3.2115835026e-04 -9.0000000000e+00 -7.5000000000e+00 9.5000000000e+00
3.2806492997e-04 -9.0000000000e+00 -8.0000000000e+00 9.5000000000e+00
2.9809198022e-04 -9.0000000000e+00 -8.5000000000e+00 9.5000000000e+00
2.0536251265e-04 -9.0000000000e+00 -9.0000000000e+00 9.5000000000e+00
1.0386066336e-04 -9.0000000000e+00 -9.5000000000e+00 9.5000000000e+00
4.1759781729e-05 -1.4000000000e+01 -7.5000000000e+00 9.5000000000e+00
4.4117813584e-05 -1.1500000000e+01 -1.0000000000e+01 1.2500000000e+01
1.3165787696e-04 -1.1500000000e+01 -9.5000000000e+00 1.2500000000e+01
1.1474225094e-04 -1.1000000000e+01 -9.5000000000e+00 1.2500000000e+01
1.1018829927e-04 -1.2000000000e+01 -9.5000000000e+00 1.2500000000e+01
6.7458524174e-05 -1.2500000000e+01 -9.5000000000e+00 1.2500000000e+01
2.9173768443e-04 -1.1500000000e+01 -9.0000000000e+00 1.2500000000e+01
2.5139716329e-04 -1.1000000000e+01 -9.0000000000e+00 1.2500000000e+01
2.4896838773e-04 -1.2000000000e+01 -9.0000000000e+00 1.2500000000e+01
1.5755944858e-04 -1.0500000000e+01 -9.0000000000e+00 1.2500000000e+01
7.2483338399e-05 -1.0500000000e+01 -9.5000000000e+00 1.2500000000e+01
1.5642268742e-04 -1.2500000000e+01 -9.0000000000e+00 1.2500000000e+01
7.3474961498e-05 -1.3000000000e+01 -9.0000000000e+00 1.2500000000e+01
5.1605525608e-04 -1.1500000000e+01 -8.5000000000e+00 1.2500000000e+01
4.3977635243e-04 -1.1000000000e+01 -8.5000000000e+00 1.2500000000e+01
4.5034080478e-04 -1.2000000000e+01 -8.5000000000e+00 1.2500000000e+01
2.7249582909e-04 -1.0500000000e+01 -8.5000000000e+00 1.2500000000e+01
2.8936715477e-04 -1.2500000000e+01 -8.5000000000e+00 1.2500000000e+01
1.2326740870e-04 -1.0000000000e+01 -8.5000000000e+00 1.2500000000e+01
7.2222988864e-05 -1.0000000000e+01 -9.0000000000e+00 1.2500000000e+01
1.3799771474e-04 -1.3000000000e+01 -8.5000000000e+00 1.2500000000e+01
5.2099791468e-05 -1.3500000000e+01 -8.5000000000e+00 1.2500000000e+01
7.1912832909e-04 -1.1500000000e+01 -8.0000000000e+00 1.2500000000e+01
5.9868688271e-04 -1.1000000000e+01 -8.0000000000e+00 1.2500000000e+01
6.5536458517e-04 -1.2000000000e+01 -8.0000000000e+00 1.2500000000e+01
3.6023960021e-04 -1.0500000000e+01 -8.0000000000e+00 1.2500000000e+01
4.3450964307e-04 -1.2500000000e+01 -8.0000000000e+00 1.2500000000e+01
1.5843064968e-04 -1.0000000000e+01 -8.0000000000e+00 1.2500000000e+01
2.1426601963e-04 -1.3000000000e+01 -8.0000000000e+00 1.2500000000e+01
5.0629025436e-05 -9.5000000000e+00 -8.0000000000e+00 1.2500000000e+01
4.0675771536e-05 -9.5000000000e+00 -8.5000000000e+00 1.2500000000e+01
7.9805462871e-05 -1.3500000000e+01 -8.0000000000e+00 1.2500000000e+01
7.4898984729e-04 -1.1500000000e+01 -7.5000000000e+00 1.2500000000e+01
6.1662338559e-04 -1.1000000000e+01 -7.5000000000e+00 1.2500000000e+01
7.0490771233e-04 -1.2000000000e+01 -7.5000000000e+00 1.2500000000e+01
3.6640928448e-04 -1.0500000000e+01 -7.5000000000e+00 1.2500000000e+01
4.8375666684e-04 -1.2500000000e+01 -7.5000000000e+00 1.2500000000e+01
1.5935969386e-04 -1.0000000000e+01 -7.5000000000e+00 1.2500000000e+01
2.4941942332e-04 -1.3000000000e+01 -7.5000000000e+00 1.2500000000e+01
5.0268717780e-05 -9.5000000000e+00 -7.5000000000e+00 1.2500000000e+01
9.7427696968e-05 -1.3500000000e+01 -7.5000000000e+00 1.2500000000e+01
6.8951136173e-04 -1.1500000000e+01 -7.0000000000e+00 1.2500000000e+01
5.6205599676e-04 -1.1000000000e+01 -7.0000000000e+00 1.2500000000e+01
6.6708992597e-04 -1.2000000000e+01 -7.0000000000e+00 1.2500000000e+01
3.2903204127e-04 -1.0500000000e+01 -7.0000000000e+00 1.2500000000e+01
4.6228808607e-04 -1.2500000000e+01 -7.0000000000e+00 1.2500000000e+01
1.4094676234e-04 -1.0000000000e+01 -7.0000000000e+00 1.2500000000e+01
2.4224903308e-04 -1.3000000000e+01 -7.0000000000e+00 1.2500000000e+01
4.3488387827e-05 -9.5000000000e+00 -7.0000000000e+00 1.2500000000e+01
9.6055826981e-05 -1.3500000000e+01 -7.0000000000e+00 1.2500000000e+01
1.8697419174e-03 -1.1500000000e+01 -7.0000000000e+00 1.2000000000e+01
1.5762024336e-03 -1.1000000000e+01 -7.0000000000e+00 1.2000000000e+01
1.7074689344e-03 -1.2000000000e+01 -7.0000000000e+00 1.2000000000e+01
9.6791910622e-04 -1.0500000000e+01 -7.0000000000e+00 1.2000000000e+01
1.1412235954e-03 -1.2500000000e+01 -7.0000000000e+00 1.2000000000e+01
4.3560361783e-04 -1.0000000000e+01 -7.0000000000e+00 1.2000000000e+01
5.6859724884e-04 -1.3000000000e+01 -7.0000000000e+00 1.2000000000e+01
1.4132803518e-04 -9.5000000000e+00 -7.0000000000e+00 1.2000000000e+01
2.0467673162e-04 -1.3500000000e+01 -7.0000000000e+00 1.2000000000e+01
5.2752935014e-05 -1.4000000000e+01 -7.0000000000e+00 1.2000000000e+01
3.7739303403e-03 -1.1500000000e+01 -7.0000000000e+00 1.1500000000e+01
3.2879981558e-03 -1.1000000000e+01 -7.0000000000e+00 1.1500000000e+01
3.2637459568e-03 -1.2000000000e+01 -7.0000000000e+00 1.1500000000e+01
2.1117922377e-03 -1.0500000000e+01 -7.0000000000e+00 1.1500000000e+01
2.0955696311e-03 -1.2500000000e+01 -7.0000000000e+00 1.1500000000e+01
9.9692034658e-04 -1.0000000000e+01 -7.0000000000e+00 1.1500000000e+01
9.9739459920e-04 -1.3000000000e+01 -7.0000000000e+00 1.1500000000e+01
3.4047635210e-04 -9.5000000000e+00 -7.0000000000e+00 1.1500000000e+01
3.4328745402e-04 -1.3500000000e+01 -7.0000000000e+00 1.1500000000e+01
8.0910827788e-05 -9.0000000000e+00 -7.0000000000e+00 1.1500000000e+01
8.0729047706e-05 -1.4000000000e+01 -7.0000000000e+00 1.1500000000e+01
1.1839554005e-04 -1.1500000000e+01 -7.0000000000e+00 7.5000000000e+00
1.3912673114e-04 -1.1000000000e+01 -7.0000000000e+00 7.5000000000e+00
7.3509667947e-05 -1.2000000000e+01 -7.0000000000e+00 7.5000000000e+00
1.2740723973e-04 -1.0500000000e+01 -7.0000000000e+00 7.5000000000e+00
8.4758507751e-05 -1.0000000000e+01 -7.0000000000e+00 7.5000000000e+00
4.1048980123e-05 -9.5000000000e+00 -7.0000000000e+00 7.5000000000e+00
5.8185128221e-03 -1.1500000000e+01 -7.0000000000e+00 1.1000000000e+01
5.2637144001e-03 -1.1000000000e+01 -7.0000000000e+00 1.1000000000e+01
4.7779637231e-03 -1.2000000000e+01 -7.0000000000e+00 1.1000000000e+01
3.5400784306e-03 -1.0500000000e+01 -7.0000000000e+00 1.1000000000e+01
2.9167392259e-03 -1.2500000000e+01 -7.0000000000e+00 1.1000000000e+01
1.7493022883e-03 -1.0000000000e+01 -7.0000000000e+00 1.1000000000e+01
1.3079166273e-03 -1.3000000000e+01 -7.0000000000e+00 1.1000000000e+01
6.2672221409e-04 -9.5000000000e+00 -7.0000000000e+00 1.1000000000e+01
4.2023360104e-04 -1.3500000000e+01 -7.0000000000e+00 1.1000000000e+01
1.5772822949e-04 -9.0000000000e+00 -7.0000000000e+00 1.1000000000e+01
9.4234327408e-05 -1.4000000000e+01 -7.0000000000e+00 1.1000000000e+01
4.6284103415e-04 -1.1500000000e+01 -7.0000000000e+00 8.0000000000e+00
5.1157813687e-04 -1.1000000000e+01 -7.0000000000e+00 8.0000000000e+00
2.8628215471e-04 -1.2000000000e+01 -7.0000000000e+00 8.0000000000e+00
4.4903091793e-04 -1.0500000000e+01 -7.0000000000e+00 8.0000000000e+00
1.3349769067e-04 -1.2500000000e+01 -7.0000000000e+00 8.0000000000e+00
2.7949507205e-04 -1.0000000000e+01 -7.0000000000e+00 8.0000000000e+00
4.9233912833e-05 -1.3000000000e+01 -7.0000000000e+00 8.0000000000e+00
1.2716686389e-04 -9.5000000000e+00 -7.0000000000e+00 8.0000000000e+00
4.2072667079e-05 -9.0000000000e+00 -7.0000000000e+00 8.0000000000e+00
6.7781294733e-03 -1.1500000000e+01 -7.0000000000e+00 1.0500000000e+01
6.3759870339e-03 -1.1000000000e+01 -7.0000000000e+00 1.0500000000e+01
5.3190626540e-03 -1.2000000000e+01 -7.0000000000e+00 1.0500000000e+01
4.5365261227e-03 -1.0500000000e+01 -7.0000000000e+00 1.0500000000e+01
3.1328923648e-03 -1.2500000000e+01 -7.0000000000e+00 1.0500000000e+01
2.3607911348e-03 -1.0000000000e+01 -7.0000000000e+00 1.0500000000e+01
1.3655992200e-03 -1.3000000000e+01 -7.0000000000e+00 1.0500000000e+01
8.9075941047e-04 -9.5000000000e+00 -7.0000000000e+00 1.0500000000e+01
4.2903500444e-04 -1.3500000000e+01 -7.0000000000e+00 1.0500000000e+01
2.3733668185e-04 -9.0000000000e+00 -7.0000000000e+00 1.0500000000e+01
9.5523450310e-05 -1.4000000000e+01 -7.0000000000e+00 1.0500000000e+01
4.5935806750e-05 -8.5000000000e+00 -7.0000000000e+00 1.0500000000e+01
5.9377959099e-05 -8.5000000000e+00 -7.5000000000e+00 1.0500000000e+01
6.2163401339e-05 -8.5000000000e+00 -8.0000000000e+00 1.0500000000e+01
5.7355027294e-05 -8.5000000000e+00 -8.5000000000e+00 1.0500000000e+01
1.3540815347e-03 -1.1500000000e+01 -7.0000000000e+00 8.5000000000e+00
1.4248559405e-03 -1.1000000000e+01 -7.0000000000e+00 8.5000000000e+00
8.9571272658e-04 -1.2000000000e+01 -7.0000000000e+00 8.5000000000e+00
1.1946718623e-03 -1.0500000000e+01 -7.0000000000e+00 8.5000000000e+00
4.4400932262e-04 -1.2500000000e+01 -7.0000000000e+00 8.5000000000e+00
7.1338231914e-04 -1.0000000000e+01 -7.0000000000e+00 8.5000000000e+00
1.5518550045e-04 -1.3000000000e+01 -7.0000000000e+00 8.5000000000e+00
3.1116523330e-04 -9.5000000000e+00 -7.0000000000e+00 8.5000000000e+00
4.5140091825e-05 -1.3500000000e+01 -7.0000000000e+00 8.5000000000e+00
9.7618591110e-05 -9.0000000000e+00 -7.0000000000e+00 8.5000000000e+00
6.7010535297e-03 -1.1500000000e+01 -7.0000000000e+00 1.0000000000e+01
6.3986988111e-03 -1.1000000000e+01 -7.0000000000e+00 1.0000000000e+01
5.1243211727e-03 -1.2000000000e+01 -7.0000000000e+00 1.0000000000e+01
4.6698622680e-03 -1.0500000000e+01 -7.0000000000e+00 1.0000000000e+01
2.9311505459e-03 -1.2500000000e+01 -7.0000000000e+00 1.0000000000e+01
2.4935622784e-03 -1.0000000000e+01 -7.0000000000e+00 1.0000000000e+01
1.2280499762e-03 -1.3000000000e+01 -7.0000000000e+00 1.0000000000e+01
9.7196072656e-04 -9.5000000000e+00 -7.0000000000e+00 1.0000000000e+01
3.6292074264e-04 -1.3500000000e+01 -7.0000000000e+00 1.0000000000e+01
2.7086111619e-04 -9.0000000000e+00 -7.0000000000e+00 1.0000000000e+01
7.9175931532e-05 -1.4000000000e+01 -7.0000000000e+00 1.0000000000e+01
5.4379957463e-05 -8.5000000000e+00 -7.0000000000e+00 1.0000000000e+01
7.0422373879e-05 -8.5000000000e+00 -7.5000000000e+00 1.0000000000e+01
7.2980339166e-05 -8.5000000000e+00 -8.0000000000e+00 1.0000000000e+01
6.6631044275e-05 -8.5000000000e+00 -8.5000000000e+00 1.0000000000e+01
4.3542519656e-05 -8.5000000000e+00 -9.0000000000e+00 1.0000000000e+01
2.9532288348e-03 -1.1500000000e+01 -7.0000000000e+00 9.0000000000e+00
3.0079088982e-03 -1.1000000000e+01 -7.0000000000e+00 9.0000000000e+00
2.0465754437e-03 -1.2000000000e+01 -7.0000000000e+00 9.0000000000e+00
2.4207746856e-03 -1.0500000000e+01 -7.0000000000e+00 9.0000000000e+00
1.0627406707e-03 -1.2500000000e+01 -7.0000000000e+00 9.0000000000e+00
1.3950456537e-03 -1.0000000000e+01 -7.0000000000e+00 9.0000000000e+00
4.0179770211e-04 -1.3000000000e+01 -7.0000000000e+00 9.0000000000e+00
5.8749747315e-04 -9.5000000000e+00 -7.0000000000e+00 9.0000000000e+00
1.0678975127e-04 -1.3500000000e+01 -7.0000000000e+00 9.0000000000e+00
1.7759638329e-04 -9.0000000000e+00 -7.0000000000e+00 9.0000000000e+00
5.0394421337e-05 -8.5000000000e+00 -7.5000000000e+00 9.0000000000e+00
5.2416172941e-05 -8.5000000000e+00 -8.0000000000e+00 9.0000000000e+00
4.7176391504e-05 -8.5000000000e+00 -8.5000000000e+00 9.0000000000e+00
5.1162787336e-03 -1.1500000000e+01 -7.0000000000e+00 9.5000000000e+00
5.0605176757e-03 -1.1000000000e+01 -7.0000000000e+00 9.5000000000e+00
3.7071831747e-03 -1.2000000000e+01 -7.0000000000e+00 9.5000000000e+00
3.8920612170e-03 -1.0500000000e+01 -7.0000000000e+00 9.5000000000e+00
2.0112871491e-03 -1.2500000000e+01 -7.0000000000e+00 9.5000000000e+00
2.1624806287e-03 -1.0000000000e+01 -7.0000000000e+00 9.5000000000e+00
7.9790421062e-04 -1.3000000000e+01 -7.0000000000e+00 9.5000000000e+00
8.7707811160e-04 -9.5000000000e+00 -7.0000000000e+00 9.5000000000e+00
2.1999434747e-04 -1.3500000000e+01 -7.0000000000e+00 9.5000000000e+00
2.5414286063e-04 -9.0000000000e+00 -7.0000000000e+00 9.5000000000e+00
4.6175700760e-05 -1.4000000000e+01 -7.0000000000e+00 9.5000000000e+00
5.2426047870e-05 -8.5000000000e+00 -7.0000000000e+00 9.5000000000e+00
6.9267379035e-05 -8.5000000000e+00 -7.5000000000e+00 9.5000000000e+00
7.2371458305e-05 -8.5000000000e+00 -8.0000000000e+00 9.5000000000e+00
6.6422563477e-05 -8.5000000000e+00 -8.5000000000e+00 9.5000000000e+00
4.3836369314e-05 -8.5000000000e+00 -9.0000000000e+00 9.5000000000e+00
9.6787918643e-05 -1.2000000000e+01 -8.0000000000e+00 1.3000000000e+01
6.8697090577e-05 -1.2500000000e+01 -8.0000000000e+00 1.3000000000e+01
1.4494354219e-04 -1.2000000000e+01 -7.5000000000e+00 1.3000000000e+01
1.4689391424e-04 -1.2000000000e+01 -7.0000000000e+00 1.3000000000e+01
1.1130963906e-04 -1.2500000000e+01 -7.0000000000e+00 1.3000000000e+01
6.3337631388e-05 -1.3000000000e+01 -7.0000000000e+00 1.3000000000e+01
5.7106180914e-05 -1.3000000000e+01 -6.5000000000e+00 1.3000000000e+01
4.4358413306e-05 -1.0500000000e+01 -6.5000000000e+00 1.3000000000e+01
9.9819146519e-05 -1.2500000000e+01 -6.5000000000e+00 1.3000000000e+01
8.6221486042e-05 -1.1000000000e+01 -6.5000000000e+00 1.3000000000e+01
1.3020547271e-04 -1.2000000000e+01 -6.5000000000e+00 1.3000000000e+01
1.2043075935e-04 -1.1500000000e+01 -6.5000000000e+00 1.3000000000e+01
5.2827888432e-05 -1.0500000000e+01 -7.0000000000e+00 1.3000000000e+01
5.2044302617e-04 -1.2000000000e+01 -6.5000000000e+00 1.2500000000e+01
8.6688140864e-05 -1.3500000000e+01 -6.5000000000e+00 1.2500000000e+01
9.9225960984e-05 -1.0000000000e+01 -6.5000000000e+00 1.2500000000e+01
2.0093449919e-04 -1.3000000000e+01 -6.5000000000e+00 1.2500000000e+01
2.3591977622e-04 -1.0500000000e+01 -6.5000000000e+00 1.2500000000e+01
3.7094871906e-04 -1.2500000000e+01 -6.5000000000e+00 1.2500000000e+01
4.1219732374e-04 -1.1000000000e+01 -6.5000000000e+00 1.2500000000e+01
5.1774130762e-04 -1.1500000000e+01 -6.5000000000e+00 1.2500000000e+01
1.0104708392e-04 -1.1000000000e+01 -7.0000000000e+00 1.3000000000e+01
1.3808554057e-04 -1.1500000000e+01 -7.0000000000e+00 1.3000000000e+01
6.0335730686e-05 -1.3000000000e+01 -7.5000000000e+00 1.3000000000e+01
5.2974476263e-05 -1.0500000000e+01 -7.5000000000e+00 1.3000000000e+01
1.0788113912e-04 -1.2500000000e+01 -7.5000000000e+00 1.3000000000e+01
1.0170054948e-04 -1.1000000000e+01 -7.5000000000e+00 1.3000000000e+01
1.2923000219e-03 -1.2000000000e+01 -6.5000000000e+00 1.2000000000e+01
8.8746592769e-04 -1.2500000000e+01 -6.5000000000e+00 1.2000000000e+01
4.6008235088e-04 -1.3000000000e+01 -6.5000000000e+00 1.2000000000e+01
4.0351746223e-05 -1.4000000000e+01 -6.5000000000e+00 1.2000000000e+01
9.3862176235e-05 -9.5000000000e+00 -6.5000000000e+00 1.2000000000e+01
1.7351265066e-04 -1.3500000000e+01 -6.5000000000e+00 1.2000000000e+01
2.9323241354e-04 -1.0000000000e+01 -6.5000000000e+00 1.2000000000e+01
6.6779671710e-04 -1.0500000000e+01 -6.5000000000e+00 1.2000000000e+01
1.1182239468e-03 -1.1000000000e+01 -6.5000000000e+00 1.2000000000e+01
1.3527381490e-03 -1.1500000000e+01 -6.5000000000e+00 1.2000000000e+01
1.3777980757e-04 -1.1500000000e+01 -7.5000000000e+00 1.3000000000e+01
2.4297992470e-03 -1.2000000000e+01 -6.5000000000e+00 1.1500000000e+01
1.6135171873e-03 -1.2500000000e+01 -6.5000000000e+00 1.1500000000e+01
2.9017275567e-04 -1.3500000000e+01 -6.5000000000e+00 1.1500000000e+01
7.8276204688e-05 -1.4000000000e+01 -6.5000000000e+00 1.1500000000e+01
5.2003656732e-05 -9.0000000000e+00 -6.5000000000e+00 1.1500000000e+01
5.7963585743e-05 -1.2000000000e+01 -6.5000000000e+00 7.5000000000e+00
9.2424877071e-05 -1.1500000000e+01 -6.5000000000e+00 7.5000000000e+00
5.3440584456e-05 -1.0000000000e+01 -6.5000000000e+00 7.5000000000e+00
8.5053509983e-05 -1.0500000000e+01 -6.5000000000e+00 7.5000000000e+00
9.8343324165e-05 -1.1000000000e+01 -6.5000000000e+00 7.5000000000e+00
2.2012756151e-04 -9.5000000000e+00 -6.5000000000e+00 1.1500000000e+01
6.5844694702e-04 -1.0000000000e+01 -6.5000000000e+00 1.1500000000e+01
8.0236908168e-04 -1.3000000000e+01 -6.5000000000e+00 1.1500000000e+01
1.4287159555e-03 -1.0500000000e+01 -6.5000000000e+00 1.1500000000e+01
2.2881692592e-03 -1.1000000000e+01 -6.5000000000e+00 1.1500000000e+01
2.6886432760e-03 -1.1500000000e+01 -6.5000000000e+00 1.1500000000e+01
7.1146022490e-05 -1.1000000000e+01 -8.0000000000e+00 1.3000000000e+01
9.4580351717e-05 -1.1500000000e+01 -8.0000000000e+00 1.3000000000e+01
3.5406689074e-03 -1.2000000000e+01 -6.5000000000e+00 1.1000000000e+01
2.2594085887e-03 -1.2500000000e+01 -6.5000000000e+00 1.1000000000e+01
1.0733500768e-03 -1.3000000000e+01 -6.5000000000e+00 1.1000000000e+01
3.6650826790e-04 -1.3500000000e+01 -6.5000000000e+00 1.1000000000e+01
9.2832042693e-05 -1.4000000000e+01 -6.5000000000e+00 1.1000000000e+01
9.8199445167e-05 -9.0000000000e+00 -6.5000000000e+00 1.1000000000e+01
4.0028396078e-04 -9.5000000000e+00 -6.5000000000e+00 1.1000000000e+01
1.1425578534e-03 -1.0000000000e+01 -6.5000000000e+00 1.1000000000e+01
2.2428067050e-04 -1.2000000000e+01 -6.5000000000e+00 8.0000000000e+00
3.2952651804e-04 -1.1500000000e+01 -6.5000000000e+00 8.0000000000e+00
1.1861513416e-04 -1.2500000000e+01 -6.5000000000e+00 8.0000000000e+00
4.9016908887e-05 -1.3000000000e+01 -6.5000000000e+00 8.0000000000e+00
7.7269003496e-05 -9.5000000000e+00 -6.5000000000e+00 8.0000000000e+00
1.7343500268e-04 -1.0000000000e+01 -6.5000000000e+00 8.0000000000e+00
2.8665559941e-04 -1.0500000000e+01 -6.5000000000e+00 8.0000000000e+00
3.4222221959e-04 -1.1000000000e+01 -6.5000000000e+00 8.0000000000e+00
2.3717046192e-03 -1.0500000000e+01 -6.5000000000e+00 1.1000000000e+01
3.6378727854e-03 -1.1000000000e+01 -6.5000000000e+00 1.1000000000e+01
4.1344974298e-03 -1.1500000000e+01 -6.5000000000e+00 1.1000000000e+01
3.9601299016e-03 -1.2000000000e+01 -6.5000000000e+00 1.0500000000e+01
4.8315861034e-03 -1.1500000000e+01 -6.5000000000e+00 1.0500000000e+01
2.4442921363e-03 -1.2500000000e+01 -6.5000000000e+00 1.0500000000e+01
1.1289486827e-03 -1.3000000000e+01 -6.5000000000e+00 1.0500000000e+01
3.7423658908e-04 -1.3500000000e+01 -6.5000000000e+00 1.0500000000e+01
9.2965051859e-05 -1.4000000000e+01 -6.5000000000e+00 1.0500000000e+01
1.4629391887e-04 -9.0000000000e+00 -6.5000000000e+00 1.0500000000e+01
5.6522214318e-04 -9.5000000000e+00 -6.5000000000e+00 1.0500000000e+01
1.5351534330e-03 -1.0000000000e+01 -6.5000000000e+00 1.0500000000e+01
6.6759680959e-04 -1.2000000000e+01 -6.5000000000e+00 8.5000000000e+00
9.4097500559e-04 -1.1500000000e+01 -6.5000000000e+00 8.5000000000e+00
3.5900216642e-04 -1.2500000000e+01 -6.5000000000e+00 8.5000000000e+00
1.4170802696e-04 -1.3000000000e+01 -6.5000000000e+00 8.5000000000e+00
4.1799228852e-05 -1.3500000000e+01 -6.5000000000e+00 8.5000000000e+00
5.8612964264e-05 -9.0000000000e+00 -6.5000000000e+00 8.5000000000e+00
1.8853808708e-04 -9.5000000000e+00 -6.5000000000e+00 8.5000000000e+00
4.4191028505e-04 -1.0000000000e+01 -6.5000000000e+00 8.5000000000e+00
3.7298415049e-03 -1.2000000000e+01 -6.5000000000e+00 1.0000000000e+01
4.6865544873e-03 -1.1500000000e+01 -6.5000000000e+00 1.0000000000e+01
2.2331152286e-03 -1.2500000000e+01 -6.5000000000e+00 1.0000000000e+01
9.9489181538e-04 -1.3000000000e+01 -6.5000000000e+00 1.0000000000e+01
3.1575908327e-04 -1.3500000000e+01 -6.5000000000e+00 1.0000000000e+01
7.3060322461e-05 -1.4000000000e+01 -6.5000000000e+00 1.0000000000e+01
1.6631555256e-04 -9.0000000000e+00 -6.5000000000e+00 1.0000000000e+01
6.1335900495e-04 -9.5000000000e+00 -6.5000000000e+00 1.0000000000e+01
1.6076172911e-03 -1.0000000000e+01 -6.5000000000e+00 1.0000000000e+01
3.0797234764e-03 -1.0500000000e+01 -6.5000000000e+00 1.0000000000e+01
4.3667610254e-03 -1.1000000000e+01 -6.5000000000e+00 1.0000000000e+01
7.6176443562e-04 -1.0500000000e+01 -6.5000000000e+00 8.5000000000e+00
1.5142612504e-03 -1.2000000000e+01 -6.5000000000e+00 9.0000000000e+00
8.4584513290e-04 -1.2500000000e+01 -6.5000000000e+00 9.0000000000e+00
3.4580744489e-04 -1.3000000000e+01 -6.5000000000e+00 9.0000000000e+00
1.0446356559e-04 -1.3500000000e+01 -6.5000000000e+00 9.0000000000e+00
1.0677580591e-04 -9.0000000000e+00 -6.5000000000e+00 9.0000000000e+00
3.6018258023e-04 -9.5000000000e+00 -6.5000000000e+00 9.0000000000e+00
8.7549126813e-04 -1.0000000000e+01 -6.5000000000e+00 9.0000000000e+00
1.5599397313e-03 -1.0500000000e+01 -6.5000000000e+00 9.0000000000e+00
2.7063053415e-03 -1.2000000000e+01 -6.5000000000e+00 9.5000000000e+00
1.5644557857e-03 -1.2500000000e+01 -6.5000000000e+00 9.5000000000e+00
6.6843860138e-04 -1.3000000000e+01 -6.5000000000e+00 9.5000000000e+00
2.0328277033e-04 -1.3500000000e+01 -6.5000000000e+00 9.5000000000e+00
4.2073016540e-05 -1.4000000000e+01 -6.5000000000e+00 9.5000000000e+00
8.0364880056e-05 -1.1500000000e+01 -6.0000000000e+00 1.3000000000e+01
5.5338191892e-05 -1.1000000000e+01 -6.0000000000e+00 1.3000000000e+01
4.0458090602e-05 -1.3000000000e+01 -6.0000000000e+00 1.3000000000e+01
7.0084574782e-05 -1.2500000000e+01 -6.0000000000e+00 1.3000000000e+01
8.9247961031e-05 -1.2000000000e+01 -6.0000000000e+00 1.3000000000e+01
3.0968518344e-04 -1.1500000000e+01 -6.0000000000e+00 1.2500000000e+01
2.3681904759e-04 -1.1000000000e+01 -6.0000000000e+00 1.2500000000e+01
1.3247129698e-04 -1.0500000000e+01 -6.0000000000e+00 1.2500000000e+01
5.7209227811e-05 -1.0000000000e+01 -6.0000000000e+00 1.2500000000e+01
5.8530837467e-05 -1.3500000000e+01 -6.0000000000e+00 1.2500000000e+01
1.3797733165e-04 -1.3000000000e+01 -6.0000000000e+00 1.2500000000e+01
2.4040745302e-04 -1.2500000000e+01 -6.0000000000e+00 1.2500000000e+01
3.2221389242e-04 -1.2000000000e+01 -6.0000000000e+00 1.2500000000e+01
7.6932692119e-04 -1.1500000000e+01 -6.0000000000e+00 1.2000000000e+01
6.1707525744e-04 -1.1000000000e+01 -6.0000000000e+00 1.2000000000e+01
3.5869530499e-04 -1.0500000000e+01 -6.0000000000e+00 1.2000000000e+01
4.8958150573e-05 -9.5000000000e+00 -6.0000000000e+00 1.2000000000e+01
1.2214977226e-04 -1.3500000000e+01 -6.0000000000e+00 1.2000000000e+01
1.5467978262e-04 -1.0000000000e+01 -6.0000000000e+00 1.2000000000e+01
2.9743194261e-04 -1.3000000000e+01 -6.0000000000e+00 1.2000000000e+01
5.4849383784e-04 -1.2500000000e+01 -6.0000000000e+00 1.2000000000e+01
7.6942515070e-04 -1.2000000000e+01 -6.0000000000e+00 1.2000000000e+01
4.6665903340e-05 -1.1000000000e+01 -6.0000000000e+00 7.5000000000e+00
4.6313013144e-05 -1.1500000000e+01 -6.0000000000e+00 7.5000000000e+00
4.9916807611e-05 -1.4000000000e+01 -6.0000000000e+00 1.1500000000e+01
1.1120559510e-04 -9.5000000000e+00 -6.0000000000e+00 1.1500000000e+01
1.9535589499e-04 -1.3500000000e+01 -6.0000000000e+00 1.1500000000e+01
3.3730098721e-04 -1.0000000000e+01 -6.0000000000e+00 1.1500000000e+01
5.0702740407e-04 -1.3000000000e+01 -6.0000000000e+00 1.1500000000e+01
7.4928823537e-04 -1.0500000000e+01 -6.0000000000e+00 1.1500000000e+01
9.7107713620e-04 -1.2500000000e+01 -6.0000000000e+00 1.1500000000e+01
1.2336540559e-03 -1.1000000000e+01 -6.0000000000e+00 1.1500000000e+01
1.4103112717e-03 -1.2000000000e+01 -6.0000000000e+00 1.1500000000e+01
1.4830274210e-03 -1.1500000000e+01 -6.0000000000e+00 1.1500000000e+01
2.0113326177e-03 -1.2000000000e+01 -6.0000000000e+00 1.1000000000e+01
2.2424769276e-03 -1.1500000000e+01 -6.0000000000e+00 1.1000000000e+01
6.6806086391e-04 -1.3000000000e+01 -6.0000000000e+00 1.1000000000e+01
1.2198601436e-03 -1.0500000000e+01 -6.0000000000e+00 1.1000000000e+01
6.0469116871e-05 -1.4000000000e+01 -6.0000000000e+00 1.1000000000e+01
4.8079151195e-05 -9.0000000000e+00 -6.0000000000e+00 1.1000000000e+01
6.8302169200e-05 -1.2500000000e+01 -6.0000000000e+00 8.0000000000e+00
7.5596886609e-05 -1.0000000000e+01 -6.0000000000e+00 8.0000000000e+00
1.2938249667e-04 -1.0500000000e+01 -6.0000000000e+00 8.0000000000e+00
1.6106762813e-04 -1.1000000000e+01 -6.0000000000e+00 8.0000000000e+00
1.1590200817e-04 -1.2000000000e+01 -6.0000000000e+00 8.0000000000e+00
1.6015027288e-04 -1.1500000000e+01 -6.0000000000e+00 8.0000000000e+00
1.9765047677e-04 -9.5000000000e+00 -6.0000000000e+00 1.1000000000e+01
2.4537841967e-04 -1.3500000000e+01 -6.0000000000e+00 1.1000000000e+01
5.7396087850e-04 -1.0000000000e+01 -6.0000000000e+00 1.1000000000e+01
1.3382366481e-03 -1.2500000000e+01 -6.0000000000e+00 1.1000000000e+01
2.4911663771e-04 -1.3500000000e+01 -6.0000000000e+00 1.0500000000e+01
5.9557660412e-05 -1.4000000000e+01 -6.0000000000e+00 1.0500000000e+01
7.0069360580e-05 -9.0000000000e+00 -6.0000000000e+00 1.0500000000e+01
2.7514594090e-04 -9.5000000000e+00 -6.0000000000e+00 1.0500000000e+01
7.6066783143e-04 -1.0000000000e+01 -6.0000000000e+00 1.0500000000e+01
1.9597049306e-04 -1.2500000000e+01 -6.0000000000e+00 8.5000000000e+00
8.5410009434e-05 -1.3000000000e+01 -6.0000000000e+00 8.5000000000e+00
8.4318813814e-05 -9.5000000000e+00 -6.0000000000e+00 8.5000000000e+00
1.9953625475e-04 -1.0000000000e+01 -6.0000000000e+00 8.5000000000e+00
3.4949967108e-04 -1.0500000000e+01 -6.0000000000e+00 8.5000000000e+00
4.5238610529e-04 -1.1000000000e+01 -6.0000000000e+00 8.5000000000e+00
3.4224373100e-04 -1.2000000000e+01 -6.0000000000e+00 8.5000000000e+00
4.6006767016e-04 -1.1500000000e+01 -6.0000000000e+00 8.5000000000e+00
6.9540212620e-04 -1.3000000000e+01 -6.0000000000e+00 1.0500000000e+01
1.5356890284e-03 -1.0500000000e+01 -6.0000000000e+00 1.0500000000e+01
5.9353788416e-04 -1.3000000000e+01 -6.0000000000e+00 1.0000000000e+01
1.5280699191e-03 -1.0500000000e+01 -6.0000000000e+00 1.0000000000e+01
2.0690126631e-04 -1.3500000000e+01 -6.0000000000e+00 1.0000000000e+01
4.9765144770e-05 -1.4000000000e+01 -6.0000000000e+00 1.0000000000e+01
7.9038278781e-05 -9.0000000000e+00 -6.0000000000e+00 1.0000000000e+01
2.9487641800e-04 -9.5000000000e+00 -6.0000000000e+00 1.0000000000e+01
4.6331654513e-04 -1.2500000000e+01 -6.0000000000e+00 9.0000000000e+00
9.8887120778e-04 -1.1000000000e+01 -6.0000000000e+00 9.0000000000e+00
2.0627403321e-04 -1.3000000000e+01 -6.0000000000e+00 9.0000000000e+00
6.9283634114e-05 -1.3500000000e+01 -6.0000000000e+00 9.0000000000e+00
4.8256720759e-05 -9.0000000000e+00 -6.0000000000e+00 9.0000000000e+00
1.6516520450e-04 -9.5000000000e+00 -6.0000000000e+00 9.0000000000e+00
4.0437665847e-04 -1.0000000000e+01 -6.0000000000e+00 9.0000000000e+00
7.3511071267e-04 -1.0500000000e+01 -6.0000000000e+00 9.0000000000e+00
1.8074044419e-03 -1.1500000000e+01 -6.0000000000e+00 9.5000000000e+00
1.6932824558e-03 -1.1000000000e+01 -6.0000000000e+00 9.5000000000e+00
1.3519670462e-04 -1.3500000000e+01 -6.0000000000e+00 9.5000000000e+00
4.8806706799e-05 -1.4000000000e+01 -6.0000000000e+00 9.5000000000e+00
4.4104403865e-05 -1.2000000000e+01 -5.5000000000e+00 1.3000000000e+01
1.5488701369e-04 -1.2000000000e+01 -5.5000000000e+00 1.2500000000e+01
7.6649393972e-05 -1.3000000000e+01 -5.5000000000e+00 1.2500000000e+01
5.8002441531e-05 -1.0500000000e+01 -5.5000000000e+00 1.2500000000e+01
1.2298549822e-04 -1.2500000000e+01 -5.5000000000e+00 1.2500000000e+01
1.0371029781e-04 -1.1000000000e+01 -5.5000000000e+00 1.2500000000e+01
1.4352576458e-04 -1.1500000000e+01 -5.5000000000e+00 1.2500000000e+01
3.3610465835e-04 -1.1500000000e+01 -5.5000000000e+00 1.2000000000e+01
3.4995854115e-04 -1.2000000000e+01 -5.5000000000e+00 1.2000000000e+01
2.5770838216e-04 -1.1000000000e+01 -5.5000000000e+00 1.2000000000e+01
6.4687650288e-05 -1.3500000000e+01 -5.5000000000e+00 1.2000000000e+01
5.9676495890e-05 -1.0000000000e+01 -5.5000000000e+00 1.2000000000e+01
1.5183423903e-04 -1.3000000000e+01 -5.5000000000e+00 1.2000000000e+01
1.4506895882e-04 -1.0500000000e+01 -5.5000000000e+00 1.2000000000e+01
2.6274433671e-04 -1.2500000000e+01 -5.5000000000e+00 1.2000000000e+01
7.0529103403e-05 -9.0000000000e+00 -6.0000000000e+00 9.5000000000e+00
6.2016112741e-04 -1.1500000000e+01 -5.5000000000e+00 1.1500000000e+01
4.9671785958e-04 -1.1000000000e+01 -5.5000000000e+00 1.1500000000e+01
4.0788776205e-05 -1.4000000000e+01 -5.5000000000e+00 1.1500000000e+01
4.0134736469e-05 -9.5000000000e+00 -5.5000000000e+00 1.1500000000e+01
1.0548433558e-04 -1.3500000000e+01 -5.5000000000e+00 1.1500000000e+01
1.2684613768e-04 -1.0000000000e+01 -5.5000000000e+00 1.1500000000e+01
2.4867583014e-04 -1.3000000000e+01 -5.5000000000e+00 1.1500000000e+01
2.9251350778e-04 -1.0500000000e+01 -5.5000000000e+00 1.1500000000e+01
4.4763865812e-04 -1.2500000000e+01 -5.5000000000e+00 1.1500000000e+01
6.2151808398e-04 -1.2000000000e+01 -5.5000000000e+00 1.1500000000e+01
4.0296226172e-05 -1.1500000000e+01 -5.5000000000e+00 8.0000000000e+00
4.6252401911e-05 -1.4000000000e+01 -5.5000000000e+00 1.1000000000e+01
6.9469146189e-05 -9.5000000000e+00 -5.5000000000e+00 1.1000000000e+01
1.2902909026e-04 -1.3500000000e+01 -5.5000000000e+00 1.1000000000e+01
2.0861731753e-04 -1.0000000000e+01 -5.5000000000e+00 1.1000000000e+01
3.1730402855e-04 -1.3000000000e+01 -5.5000000000e+00 1.1000000000e+01
4.5683742875e-04 -1.0500000000e+01 -5.5000000000e+00 1.1000000000e+01
1.0168557228e-03 -1.1500000000e+01 -5.5000000000e+00 1.0500000000e+01
9.2174774094e-04 -1.2000000000e+01 -5.5000000000e+00 1.0500000000e+01
8.7138093382e-04 -1.1000000000e+01 -5.5000000000e+00 1.0500000000e+01
4.2498416152e-05 -1.4000000000e+01 -5.5000000000e+00 1.0500000000e+01
1.1126179535e-04 -1.2000000000e+01 -5.5000000000e+00 8.5000000000e+00
1.3949870935e-04 -1.1500000000e+01 -5.5000000000e+00 8.5000000000e+00
6.5783832987e-05 -1.2500000000e+01 -5.5000000000e+00 8.5000000000e+00
1.3167280457e-04 -1.1000000000e+01 -5.5000000000e+00 8.5000000000e+00
5.0997612845e-05 -1.0000000000e+01 -5.5000000000e+00 8.5000000000e+00
9.5360940604e-05 -1.0500000000e+01 -5.5000000000e+00 8.5000000000e+00
9.3587569230e-05 -9.5000000000e+00 -5.5000000000e+00 1.0500000000e+01
1.2663686795e-04 -1.3500000000e+01 -5.5000000000e+00 1.0500000000e+01
2.6454673076e-04 -1.0000000000e+01 -5.5000000000e+00 1.0500000000e+01
3.2172048056e-04 -1.3000000000e+01 -5.5000000000e+00 1.0500000000e+01
5.5560762457e-04 -1.0500000000e+01 -5.5000000000e+00 1.0500000000e+01
6.2257483737e-04 -1.2500000000e+01 -5.5000000000e+00 1.0500000000e+01
7.9383059861e-04 -1.2000000000e+01 -5.5000000000e+00 1.0000000000e+01
9.6498862987e-05 -9.5000000000e+00 -5.5000000000e+00 1.0000000000e+01
9.8334046810e-05 -1.3500000000e+01 -5.5000000000e+00 1.0000000000e+01
3.3482063458e-04 -1.1500000000e+01 -5.5000000000e+00 9.0000000000e+00
3.0920225145e-04 -1.1000000000e+01 -5.5000000000e+00 9.0000000000e+00
8.2966266201e-05 -1.3000000000e+01 -5.5000000000e+00 9.0000000000e+00
4.5769460497e-05 -9.5000000000e+00 -5.5000000000e+00 9.0000000000e+00
1.1765470435e-04 -1.0000000000e+01 -5.5000000000e+00 9.0000000000e+00
2.1732625564e-04 -1.0500000000e+01 -5.5000000000e+00 9.0000000000e+00
1.7336624105e-04 -1.2500000000e+01 -5.5000000000e+00 9.0000000000e+00
2.7424449678e-04 -1.2000000000e+01 -5.5000000000e+00 9.0000000000e+00
2.6245127843e-04 -1.0000000000e+01 -5.5000000000e+00 1.0000000000e+01
2.6174726426e-04 -1.3000000000e+01 -5.5000000000e+00 1.0000000000e+01
5.2648831655e-04 -1.0500000000e+01 -5.5000000000e+00 1.0000000000e+01
5.2186620973e-04 -1.2500000000e+01 -5.5000000000e+00 1.0000000000e+01
7.9759762882e-04 -1.1000000000e+01 -5.5000000000e+00 1.0000000000e+01
9.0784652033e-04 -1.1500000000e+01 -5.5000000000e+00 1.0000000000e+01
5.2940610477e-04 -1.2000000000e+01 -5.5000000000e+00 9.5000000000e+00
6.2747775638e-04 -1.1500000000e+01 -5.5000000000e+00 9.5000000000e+00
3.4246939947e-04 -1.2500000000e+01 -5.5000000000e+00 9.5000000000e+00
1.6796917368e-04 -1.3000000000e+01 -5.5000000000e+00 9.5000000000e+00
5.7942552787e-05 -1.3500000000e+01 -5.5000000000e+00 9.5000000000e+00
4.5156861149e-05 -1.2500000000e+01 -5.0000000000e+00 1.2500000000e+01
5.9102211316e-05 -1.2000000000e+01 -5.0000000000e+00 1.2500000000e+01
4.9511305915e-05 -1.1500000000e+01 -5.0000000000e+00 1.2500000000e+01
6.9682035299e-05 -1.1000000000e+01 -5.0000000000e+00 1.2000000000e+01
1.1500993386e-04 -1.2000000000e+01 -5.0000000000e+00 1.2000000000e+01
5.5540711665e-05 -1.3000000000e+01 -5.0000000000e+00 1.2000000000e+01
9.2447377299e-05 -1.2500000000e+01 -5.0000000000e+00 1.2000000000e+01
1.0404539698e-04 -1.1500000000e+01 -5.0000000000e+00 1.2000000000e+01
1.8352400877e-04 -1.2000000000e+01 -5.0000000000e+00 1.1500000000e+01
1.7529223104e-04 -1.1500000000e+01 -5.0000000000e+00 1.1500000000e+01
8.8337127275e-05 -1.3000000000e+01 -5.0000000000e+00 1.1500000000e+01
6.6065261514e-05 -1.0500000000e+01 -5.0000000000e+00 1.1500000000e+01
4.3493882332e-05 -1.3500000000e+01 -5.0000000000e+00 1.1000000000e+01
1.0469473318e-04 -1.3000000000e+01 -5.0000000000e+00 1.1000000000e+01
9.7510180689e-05 -1.0500000000e+01 -5.0000000000e+00 1.1000000000e+01
1.8289735695e-04 -1.2500000000e+01 -5.0000000000e+00 1.1000000000e+01
1.6764945643e-04 -1.1000000000e+01 -5.0000000000e+00 1.1000000000e+01
2.3244732499e-04 -1.2000000000e+01 -5.0000000000e+00 1.1000000000e+01
2.2104367989e-04 -1.1500000000e+01 -5.0000000000e+00 1.1000000000e+01
2.2576916737e-04 -1.2000000000e+01 -5.0000000000e+00 1.0500000000e+01
2.2079381458e-04 -1.1500000000e+01 -5.0000000000e+00 1.0500000000e+01
1.7192251316e-04 -1.2500000000e+01 -5.0000000000e+00 1.0500000000e+01
9.5335162825e-05 -1.3000000000e+01 -5.0000000000e+00 1.0500000000e+01
1.4510917843e-04 -1.1000000000e+01 -5.0000000000e+00 1.0000000000e+01
1.2236545907e-04 -1.2500000000e+01 -5.0000000000e+00 1.0000000000e+01
1.7121220614e-04 -1.2000000000e+01 -5.0000000000e+00 1.0000000000e+01
1.7178011662e-04 -1.1500000000e+01 -5.0000000000e+00 1.0000000000e+01
7.0090398766e-05 -1.3000000000e+01 -5.0000000000e+00 1.0000000000e+01
4.1576050294e-05 -1.1500000000e+01 -5.0000000000e+00 9.0000000000e+00
6.6300128540e-05 -1.2500000000e+01 -5.0000000000e+00 9.5000000000e+00
5.8140183435e-05 -1.0500000000e+01 -5.0000000000e+00 9.5000000000e+00
8.7491470385e-05 -1.1000000000e+01 -5.0000000000e+00 9.5000000000e+00
9.3443377363e-05 -1.2000000000e+01 -5.0000000000e+00 9.5000000000e+00
1.0207904563e-04 -1.1500000000e+01 -5.0000000000e+00 9.5000000000e+00
8.9873971447e-05 -1.0500000000e+01 -5.0000000000e+00 1.0000000000e+01
4.7036543250e-05 -1.0000000000e+01 -5.0000000000e+00 1.0500000000e+01
1.0745188463e-04 -1.0500000000e+01 -5.0000000000e+00 1.0500000000e+01
1.7535328078e-04 -1.1000000000e+01 -5.0000000000e+00 1.0500000000e+01
1.4942587662e-04 -1.2500000000e+01 -5.0000000000e+00 1.1500000000e+01
1.2711374642e-04 -1.1000000000e+01 -5.0000000000e+00 1.1500000000e+01
7.6104052639e-05 -9.5000000000e+00 -5.5000000000e+00 9.5000000000e+00
1.9934181698e-04 -1.0000000000e+01 -5.5000000000e+00 9.5000000000e+00
3.8525392430e-04 -1.0500000000e+01 -5.5000000000e+00 9.5000000000e+00
5.6600930728e-04 -1.1000000000e+01 -5.5000000000e+00 9.5000000000e+00
5.9600467724e-04 -1.2500000000e+01 -5.5000000000e+00 1.1000000000e+01
7.5029237905e-04 -1.1000000000e+01 -5.5000000000e+00 1.1000000000e+01
8.5926637784e-04 -1.2000000000e+01 -5.5000000000e+00 1.1000000000e+01
9.0216005579e-04 -1.1500000000e+01 -5.5000000000e+00 1.1000000000e+01
2.5263801709e-04 -9.5000000000e+00 -6.0000000000e+00 9.5000000000e+00
6.4431580601e-04 -1.0000000000e+01 -6.0000000000e+00 9.5000000000e+00
3.9345818888e-04 -1.3000000000e+01 -6.0000000000e+00 9.5000000000e+00
1.2098158055e-03 -1.0500000000e+01 -6.0000000000e+00 9.5000000000e+00
8.6918393749e-04 -1.2500000000e+01 -6.0000000000e+00 9.5000000000e+00
1.4398363438e-03 -1.2000000000e+01 -6.0000000000e+00 9.5000000000e+00
7.9178249638e-04 -1.2000000000e+01 -6.0000000000e+00 9.0000000000e+00
1.0294003564e-03 -1.1500000000e+01 -6.0000000000e+00 9.0000000000e+00
7.8240530499e-04 -1.0000000000e+01 -6.0000000000e+00 1.0000000000e+01
1.2685012114e-03 -1.2500000000e+01 -6.0000000000e+00 1.0000000000e+01
2.2281538256e-03 -1.1000000000e+01 -6.0000000000e+00 1.0000000000e+01
2.0285013203e-03 -1.2000000000e+01 -6.0000000000e+00 1.0000000000e+01
2.4508386915e-03 -1.1500000000e+01 -6.0000000000e+00 1.0000000000e+01
1.4358867978e-03 -1.2500000000e+01 -6.0000000000e+00 1.0500000000e+01
2.3080320145e-03 -1.1000000000e+01 -6.0000000000e+00 1.0500000000e+01
2.2251174432e-03 -1.2000000000e+01 -6.0000000000e+00 1.0500000000e+01
2.5996662534e-03 -1.1500000000e+01 -6.0000000000e+00 1.0500000000e+01
1.9232240218e-03 -1.1000000000e+01 -6.0000000000e+00 1.1000000000e+01
1.5283724570e-04 -9.0000000000e+00 -6.5000000000e+00 9.5000000000e+00
5.4102238678e-04 -9.5000000000e+00 -6.5000000000e+00 9.5000000000e+00
1.3631640529e-03 -1.0000000000e+01 -6.5000000000e+00 9.5000000000e+00
2.5148458552e-03 -1.0500000000e+01 -6.5000000000e+00 9.5000000000e+00
3.4064324882e-03 -1.1000000000e+01 -6.5000000000e+00 9.5000000000e+00
3.5461321678e-03 -1.1500000000e+01 -6.5000000000e+00 9.5000000000e+00
2.0257921722e-03 -1.1000000000e+01 -6.5000000000e+00 9.0000000000e+00
2.0559112917e-03 -1.1500000000e+01 -6.5000000000e+00 9.0000000000e+00
9.4887895807e-04 -1.1000000000e+01 -6.5000000000e+00 8.5000000000e+00
3.0293676969e-03 -1.0500000000e+01 -6.5000000000e+00 1.0500000000e+01
4.4149395329e-03 -1.1000000000e+01 -6.5000000000e+00 1.0500000000e+01
