inf
3.3438461584e-03 -1.1500000000e+01 -1.0000000000e+01 9.5000000000e+00
2.1100689771e-03 -1.1500000000e+01 -1.0000000000e+01 9.0000000000e+00
9.3412093183e-04 -1.1500000000e+01 -1.0500000000e+01 9.0000000000e+00
1.5352034560e-03 -1.1500000000e+01 -1.0500000000e+01 9.5000000000e+00
1.5791723340e-03 -1.2000000000e+01 -1.0000000000e+01 9.0000000000e+00
3.5559156195e-03 -1.1500000000e+01 -1.0000000000e+01 1.0000000000e+01
1.6447424598e-03 -1.1500000000e+01 -1.0500000000e+01 1.0000000000e+01
2.5894035785e-03 -1.2000000000e+01 -1.0000000000e+01 9.5000000000e+00
5.9946304233e-03 -1.1500000000e+01 -9.5000000000e+00 1.0000000000e+01
5.6092195277e-03 -1.1000000000e+01 -9.5000000000e+00 1.0000000000e+01
3.3801167582e-03 -1.1000000000e+01 -1.0000000000e+01 1.0000000000e+01
1.5893076612e-03 -1.1000000000e+01 -1.0500000000e+01 1.0000000000e+01
3.6382798571e-03 -1.1500000000e+01 -9.5000000000e+00 9.0000000000e+00
4.8654129268e-03 -1.2000000000e+01 -9.5000000000e+00 1.0000000000e+01
3.5641604799e-03 -1.1000000000e+01 -9.5000000000e+00 9.0000000000e+00
2.1138747275e-03 -1.1000000000e+01 -1.0000000000e+01 9.0000000000e+00
9.6123848880e-04 -1.1000000000e+01 -1.0500000000e+01 9.0000000000e+00
5.6199458071e-03 -1.1500000000e+01 -9.5000000000e+00 9.5000000000e+00
5.3606246364e-03 -1.1000000000e+01 -9.5000000000e+00 9.5000000000e+00
3.2459914237e-03 -1.1000000000e+01 -1.0000000000e+01 9.5000000000e+00
1.5215921068e-03 -1.1000000000e+01 -1.0500000000e+01 9.5000000000e+00
1.0968539363e-03 -1.1500000000e+01 -1.0000000000e+01 8.5000000000e+00
4.7380348502e-04 -1.1500000000e+01 -1.0500000000e+01 8.5000000000e+00
4.4361165747e-03 -1.2000000000e+01 -9.5000000000e+00 9.5000000000e+00
2.7947683386e-03 -1.2000000000e+01 -9.5000000000e+00 9.0000000000e+00
2.8309771524e-03 -1.2000000000e+01 -1.0000000000e+01 1.0000000000e+01
1.2894820112e-03 -1.2000000000e+01 -1.0500000000e+01 1.0000000000e+01
1.1634025717e-03 -1.2000000000e+01 -1.0500000000e+01 9.5000000000e+00
6.8094285628e-04 -1.2000000000e+01 -1.0500000000e+01 9.0000000000e+00
1.9204554801e-03 -1.1500000000e+01 -9.5000000000e+00 8.5000000000e+00
1.9226776002e-03 -1.1000000000e+01 -9.5000000000e+00 8.5000000000e+00
1.1275023089e-03 -1.1000000000e+01 -1.0000000000e+01 8.5000000000e+00
5.0299946157e-04 -1.1000000000e+01 -1.0500000000e+01 8.5000000000e+00
1.4436141530e-04 -1.1500000000e+01 -1.1000000000e+01 8.5000000000e+00
1.4365137123e-03 -1.2000000000e+01 -9.5000000000e+00 8.5000000000e+00
7.9670000547e-04 -1.2000000000e+01 -1.0000000000e+01 8.5000000000e+00
3.3337479437e-04 -1.2000000000e+01 -1.0500000000e+01 8.5000000000e+00
1.6328115718e-04 -1.1000000000e+01 -1.1000000000e+01 8.5000000000e+00
9.4989939818e-05 -1.2000000000e+01 -1.1000000000e+01 8.5000000000e+00
8.1569325367e-04 -1.2500000000e+01 -9.5000000000e+00 8.5000000000e+00
5.6033570939e-04 -1.1500000000e+01 -1.1000000000e+01 1.0000000000e+01
5.5925613998e-04 -1.1000000000e+01 -1.1000000000e+01 1.0000000000e+01
4.2588423918e-04 -1.2000000000e+01 -1.1000000000e+01 1.0000000000e+01
4.3778947661e-04 -1.2500000000e+01 -1.0000000000e+01 8.5000000000e+00
1.7575355628e-04 -1.2500000000e+01 -1.0500000000e+01 8.5000000000e+00
3.0113226370e-03 -1.2500000000e+01 -9.5000000000e+00 1.0000000000e+01
2.9636207533e-04 -1.1500000000e+01 -1.1000000000e+01 9.0000000000e+00
3.2156210999e-04 -1.1000000000e+01 -1.1000000000e+01 9.0000000000e+00
2.0453299770e-04 -1.2000000000e+01 -1.1000000000e+01 9.0000000000e+00
1.7171613643e-03 -1.2500000000e+01 -1.0000000000e+01 1.0000000000e+01
7.6709146490e-04 -1.2500000000e+01 -1.0500000000e+01 1.0000000000e+01
2.4405488545e-04 -1.2500000000e+01 -1.1000000000e+01 1.0000000000e+01
1.6326144124e-03 -1.2500000000e+01 -9.5000000000e+00 9.0000000000e+00
5.1797180988e-04 -1.1500000000e+01 -1.1000000000e+01 9.5000000000e+00
5.3403217740e-04 -1.1000000000e+01 -1.1000000000e+01 9.5000000000e+00
3.7642954572e-04 -1.2000000000e+01 -1.1000000000e+01 9.5000000000e+00
8.9552238422e-04 -1.2500000000e+01 -1.0000000000e+01 9.0000000000e+00
3.7350415796e-04 -1.2500000000e+01 -1.0500000000e+01 9.0000000000e+00
2.6668706770e-03 -1.2500000000e+01 -9.5000000000e+00 9.5000000000e+00
3.3305592822e-03 -1.1500000000e+01 -1.0000000000e+01 1.0500000000e+01
1.5537183808e-03 -1.1500000000e+01 -1.0500000000e+01 1.0500000000e+01
5.5752722796e-03 -1.1500000000e+01 -9.5000000000e+00 1.0500000000e+01
5.1296513240e-03 -1.1000000000e+01 -9.5000000000e+00 1.0500000000e+01
3.1154233772e-03 -1.1000000000e+01 -1.0000000000e+01 1.0500000000e+01
1.4803699052e-03 -1.1000000000e+01 -1.0500000000e+01 1.0500000000e+01
5.3426558128e-04 -1.1500000000e+01 -1.1000000000e+01 1.0500000000e+01
4.5860390484e-03 -1.2000000000e+01 -9.5000000000e+00 1.0500000000e+01
2.6861716298e-03 -1.2000000000e+01 -1.0000000000e+01 1.0500000000e+01
1.2298884873e-03 -1.2000000000e+01 -1.0500000000e+01 1.0500000000e+01
5.2689316577e-04 -1.1000000000e+01 -1.1000000000e+01 1.0500000000e+01
4.0814339051e-04 -1.2000000000e+01 -1.1000000000e+01 1.0500000000e+01
1.5176594489e-03 -1.2500000000e+01 -1.0000000000e+01 9.5000000000e+00
6.6488930280e-04 -1.2500000000e+01 -1.0500000000e+01 9.5000000000e+00
2.8703243811e-03 -1.2500000000e+01 -9.5000000000e+00 1.0500000000e+01
6.9174861231e-03 -1.1500000000e+01 -9.0000000000e+00 1.0500000000e+01
6.2396231506e-03 -1.1000000000e+01 -9.0000000000e+00 1.0500000000e+01
5.8143707810e-03 -1.2000000000e+01 -9.0000000000e+00 1.0500000000e+01
4.2808786966e-03 -1.0500000000e+01 -9.0000000000e+00 1.0500000000e+01
3.5830521864e-03 -1.0500000000e+01 -9.5000000000e+00 1.0500000000e+01
2.2104117364e-03 -1.0500000000e+01 -1.0000000000e+01 1.0500000000e+01
1.0685906746e-03 -1.0500000000e+01 -1.0500000000e+01 1.0500000000e+01
3.9117330182e-04 -1.0500000000e+01 -1.1000000000e+01 1.0500000000e+01
2.4279927009e-03 -1.1500000000e+01 -9.0000000000e+00 8.5000000000e+00
2.3801425096e-03 -1.1000000000e+01 -9.0000000000e+00 8.5000000000e+00
1.8563760382e-03 -1.2000000000e+01 -9.0000000000e+00 8.5000000000e+00
3.7213707310e-03 -1.2500000000e+01 -9.0000000000e+00 1.0500000000e+01
1.8022412265e-03 -1.0500000000e+01 -9.0000000000e+00 8.5000000000e+00
1.4825288210e-03 -1.0500000000e+01 -9.5000000000e+00 8.5000000000e+00
8.8921633352e-04 -1.0500000000e+01 -1.0000000000e+01 8.5000000000e+00
4.0642311279e-04 -1.0500000000e+01 -1.0500000000e+01 8.5000000000e+00
1.3756695485e-04 -1.0500000000e+01 -1.1000000000e+01 8.5000000000e+00
7.4704103221e-03 -1.1500000000e+01 -9.0000000000e+00 1.0000000000e+01
6.8588274250e-03 -1.1000000000e+01 -9.0000000000e+00 1.0000000000e+01
6.1778329263e-03 -1.2000000000e+01 -9.0000000000e+00 1.0000000000e+01
4.8132615886e-03 -1.0500000000e+01 -9.0000000000e+00 1.0000000000e+01
4.0039605927e-03 -1.0500000000e+01 -9.5000000000e+00 1.0000000000e+01
2.4542269792e-03 -1.0500000000e+01 -1.0000000000e+01 1.0000000000e+01
1.1723194913e-03 -1.0500000000e+01 -1.0500000000e+01 1.0000000000e+01
4.2302235141e-04 -1.0500000000e+01 -1.1000000000e+01 1.0000000000e+01
4.5604638271e-03 -1.1500000000e+01 -9.0000000000e+00 9.0000000000e+00
4.3754034587e-03 -1.1000000000e+01 -9.0000000000e+00 9.0000000000e+00
3.5762873962e-03 -1.2000000000e+01 -9.0000000000e+00 9.0000000000e+00
3.9013330064e-03 -1.2500000000e+01 -9.0000000000e+00 1.0000000000e+01
3.2296765152e-03 -1.0500000000e+01 -9.0000000000e+00 9.0000000000e+00
2.6776029778e-03 -1.0500000000e+01 -9.5000000000e+00 9.0000000000e+00
1.6211780028e-03 -1.0500000000e+01 -1.0000000000e+01 9.0000000000e+00
7.5366225333e-04 -1.0500000000e+01 -1.0500000000e+01 9.0000000000e+00
2.6142321470e-04 -1.0500000000e+01 -1.1000000000e+01 9.0000000000e+00
6.9058800813e-03 -1.1500000000e+01 -9.0000000000e+00 9.5000000000e+00
6.4719459923e-03 -1.1000000000e+01 -9.0000000000e+00 9.5000000000e+00
5.5682382790e-03 -1.2000000000e+01 -9.0000000000e+00 9.5000000000e+00
4.6404041230e-03 -1.0500000000e+01 -9.0000000000e+00 9.5000000000e+00
3.9044103566e-03 -1.0500000000e+01 -9.5000000000e+00 9.5000000000e+00
2.4038534400e-03 -1.0500000000e+01 -1.0000000000e+01 9.5000000000e+00
1.1475361923e-03 -1.0500000000e+01 -1.0500000000e+01 9.5000000000e+00
4.1425986785e-04 -1.0500000000e+01 -1.1000000000e+01 9.5000000000e+00
4.2625150917e-04 -1.1500000000e+01 -1.0000000000e+01 8.0000000000e+00
1.7537297195e-04 -1.1500000000e+01 -1.0500000000e+01 8.0000000000e+00
7.6854877706e-04 -1.1500000000e+01 -9.5000000000e+00 8.0000000000e+00
7.9074218375e-04 -1.1000000000e+01 -9.5000000000e+00 8.0000000000e+00
4.5425427891e-04 -1.1000000000e+01 -1.0000000000e+01 8.0000000000e+00
1.9593087144e-04 -1.1000000000e+01 -1.0500000000e+01 8.0000000000e+00
4.8434742405e-05 -1.1500000000e+01 -1.1000000000e+01 8.0000000000e+00
5.5459634316e-04 -1.2000000000e+01 -9.5000000000e+00 8.0000000000e+00
2.9617377427e-04 -1.2000000000e+01 -1.0000000000e+01 8.0000000000e+00
1.1595225298e-04 -1.2000000000e+01 -1.0500000000e+01 8.0000000000e+00
5.9571406825e-05 -1.1000000000e+01 -1.1000000000e+01 8.0000000000e+00
3.4201551519e-03 -1.2500000000e+01 -9.0000000000e+00 9.5000000000e+00
2.1398638056e-03 -1.2500000000e+01 -9.0000000000e+00 9.0000000000e+00
1.0832203738e-03 -1.2500000000e+01 -9.0000000000e+00 8.5000000000e+00
1.6437780792e-03 -1.2500000000e+01 -1.0000000000e+01 1.0500000000e+01
7.3627976985e-04 -1.2500000000e+01 -1.0500000000e+01 1.0500000000e+01
2.3439250729e-04 -1.2500000000e+01 -1.1000000000e+01 1.0500000000e+01
2.0407865964e-04 -1.2500000000e+01 -1.1000000000e+01 9.5000000000e+00
1.0460050071e-04 -1.2500000000e+01 -1.1000000000e+01 9.0000000000e+00
4.5785644081e-05 -1.2500000000e+01 -1.1000000000e+01 8.5000000000e+00
3.0207137388e-04 -1.2500000000e+01 -9.5000000000e+00 8.0000000000e+00
9.8920238230e-04 -1.1500000000e+01 -9.0000000000e+00 8.0000000000e+00
9.9429072973e-04 -1.1000000000e+01 -9.0000000000e+00 8.0000000000e+00
7.3391956581e-04 -1.2000000000e+01 -9.0000000000e+00 8.0000000000e+00
7.7530077848e-04 -1.0500000000e+01 -9.0000000000e+00 8.0000000000e+00
6.2882781392e-04 -1.0500000000e+01 -9.5000000000e+00 8.0000000000e+00
3.7089386456e-04 -1.0500000000e+01 -1.0000000000e+01 8.0000000000e+00
1.6498681039e-04 -1.0500000000e+01 -1.0500000000e+01 8.0000000000e+00
5.3400911973e-05 -1.0500000000e+01 -1.1000000000e+01 8.0000000000e+00
4.1499044882e-04 -1.2500000000e+01 -9.0000000000e+00 8.0000000000e+00
1.5437461602e-04 -1.2500000000e+01 -1.0000000000e+01 8.0000000000e+00
5.6406855197e-05 -1.2500000000e+01 -1.0500000000e+01 8.0000000000e+00
1.7614381727e-04 -1.3000000000e+01 -9.0000000000e+00 8.0000000000e+00
1.2289038822e-04 -1.3000000000e+01 -9.5000000000e+00 8.0000000000e+00
1.1725764075e-04 -1.1500000000e+01 -1.1500000000e+01 1.0500000000e+01
1.2117551292e-04 -1.1000000000e+01 -1.1500000000e+01 1.0500000000e+01
8.5943990125e-05 -1.2000000000e+01 -1.1500000000e+01 1.0500000000e+01
9.3218312570e-05 -1.0500000000e+01 -1.1500000000e+01 1.0500000000e+01
4.7060263132e-05 -1.2500000000e+01 -1.1500000000e+01 1.0500000000e+01
5.9351476142e-05 -1.3000000000e+01 -1.0000000000e+01 8.0000000000e+00
1.8103973394e-03 -1.3000000000e+01 -9.0000000000e+00 1.0500000000e+01
1.3610480940e-03 -1.3000000000e+01 -9.5000000000e+00 1.0500000000e+01
7.6065233860e-04 -1.3000000000e+01 -1.0000000000e+01 1.0500000000e+01
3.3230814584e-04 -1.3000000000e+01 -1.0500000000e+01 1.0500000000e+01
1.0073820690e-04 -1.3000000000e+01 -1.1000000000e+01 1.0500000000e+01
4.7852433160e-04 -1.3000000000e+01 -9.0000000000e+00 8.5000000000e+00
3.4833779768e-04 -1.3000000000e+01 -9.5000000000e+00 8.5000000000e+00
1.2333273941e-04 -1.1500000000e+01 -1.1500000000e+01 1.0000000000e+01
1.2813000589e-04 -1.1000000000e+01 -1.1500000000e+01 1.0000000000e+01
9.0357454620e-05 -1.2000000000e+01 -1.1500000000e+01 1.0000000000e+01
9.9752262176e-05 -1.0500000000e+01 -1.1500000000e+01 1.0000000000e+01
4.9513512852e-05 -1.2500000000e+01 -1.1500000000e+01 1.0000000000e+01
1.8012387563e-04 -1.3000000000e+01 -1.0000000000e+01 8.5000000000e+00
6.8594994661e-05 -1.3000000000e+01 -1.0500000000e+01 8.5000000000e+00
1.8783018140e-03 -1.3000000000e+01 -9.0000000000e+00 1.0000000000e+01
1.4153900603e-03 -1.3000000000e+01 -9.5000000000e+00 1.0000000000e+01
5.8033887843e-05 -1.1500000000e+01 -1.1500000000e+01 9.0000000000e+00
6.7919837444e-05 -1.1000000000e+01 -1.1500000000e+01 9.0000000000e+00
5.8120518696e-05 -1.0500000000e+01 -1.1500000000e+01 9.0000000000e+00
7.8896220905e-04 -1.3000000000e+01 -1.0000000000e+01 1.0000000000e+01
3.4476285711e-04 -1.3000000000e+01 -1.0500000000e+01 1.0000000000e+01
1.0502117612e-04 -1.3000000000e+01 -1.1000000000e+01 1.0000000000e+01
9.7150018357e-04 -1.3000000000e+01 -9.0000000000e+00 9.0000000000e+00
7.1923899170e-04 -1.3000000000e+01 -9.5000000000e+00 9.0000000000e+00
1.1026153231e-04 -1.1500000000e+01 -1.1500000000e+01 9.5000000000e+00
1.2051206042e-04 -1.1000000000e+01 -1.1500000000e+01 9.5000000000e+00
7.5088336059e-05 -1.2000000000e+01 -1.1500000000e+01 9.5000000000e+00
9.7129700842e-05 -1.0500000000e+01 -1.1500000000e+01 9.5000000000e+00
3.8195950526e-04 -1.3000000000e+01 -1.0000000000e+01 9.0000000000e+00
1.5281622704e-04 -1.3000000000e+01 -1.0500000000e+01 9.0000000000e+00
1.5914004067e-03 -1.3000000000e+01 -9.0000000000e+00 9.5000000000e+00
1.2123140138e-03 -1.3000000000e+01 -9.5000000000e+00 9.5000000000e+00
2.4127921308e-03 -1.1500000000e+01 -1.0000000000e+01 1.1000000000e+01
1.1545569708e-03 -1.1500000000e+01 -1.0500000000e+01 1.1000000000e+01
3.9774568529e-03 -1.1500000000e+01 -9.5000000000e+00 1.1000000000e+01
3.5598288907e-03 -1.1000000000e+01 -9.5000000000e+00 1.1000000000e+01
2.1836614929e-03 -1.1000000000e+01 -1.0000000000e+01 1.1000000000e+01
1.0571906684e-03 -1.1000000000e+01 -1.0500000000e+01 1.1000000000e+01
4.1345685460e-04 -1.1500000000e+01 -1.1000000000e+01 1.1000000000e+01
3.3835974101e-03 -1.2000000000e+01 -9.5000000000e+00 1.1000000000e+01
2.0187212275e-03 -1.2000000000e+01 -1.0000000000e+01 1.1000000000e+01
9.5118727390e-04 -1.2000000000e+01 -1.0500000000e+01 1.1000000000e+01
3.8765903643e-04 -1.1000000000e+01 -1.1000000000e+01 1.1000000000e+01
3.3139394537e-04 -1.2000000000e+01 -1.1000000000e+01 1.1000000000e+01
2.1883618487e-03 -1.2500000000e+01 -9.5000000000e+00 1.1000000000e+01
4.9312862589e-03 -1.1500000000e+01 -9.0000000000e+00 1.1000000000e+01
4.3304186070e-03 -1.1000000000e+01 -9.0000000000e+00 1.1000000000e+01
4.2744462107e-03 -1.2000000000e+01 -9.0000000000e+00 1.1000000000e+01
2.8839991993e-03 -1.0500000000e+01 -9.0000000000e+00 1.1000000000e+01
2.4127263489e-03 -1.0500000000e+01 -9.5000000000e+00 1.1000000000e+01
1.4989286704e-03 -1.0500000000e+01 -1.0000000000e+01 1.1000000000e+01
7.3535585226e-04 -1.0500000000e+01 -1.0500000000e+01 1.1000000000e+01
2.7489116588e-04 -1.0500000000e+01 -1.1000000000e+01 1.1000000000e+01
9.6693762781e-05 -1.1500000000e+01 -1.1500000000e+01 1.1000000000e+01
9.3896587457e-05 -1.1000000000e+01 -1.1500000000e+01 1.1000000000e+01
7.4049170365e-05 -1.2000000000e+01 -1.1500000000e+01 1.1000000000e+01
2.8230020298e-03 -1.2500000000e+01 -9.0000000000e+00 1.1000000000e+01
1.2812683049e-03 -1.2500000000e+01 -1.0000000000e+01 1.1000000000e+01
5.9191067198e-04 -1.2500000000e+01 -1.0500000000e+01 1.1000000000e+01
1.9927157233e-04 -1.2500000000e+01 -1.1000000000e+01 1.1000000000e+01
6.8087076084e-05 -1.0500000000e+01 -1.1500000000e+01 1.1000000000e+01
4.1936810248e-05 -1.2500000000e+01 -1.1500000000e+01 1.1000000000e+01
6.7124046527e-04 -1.3000000000e+01 -1.0000000000e+01 9.5000000000e+00
2.8465070046e-04 -1.3000000000e+01 -1.0500000000e+01 9.5000000000e+00
8.1597103754e-05 -1.3000000000e+01 -1.1000000000e+01 9.5000000000e+00
1.4190807540e-03 -1.3000000000e+01 -9.0000000000e+00 1.1000000000e+01
1.0742778242e-03 -1.3000000000e+01 -9.5000000000e+00 1.1000000000e+01
4.8967358579e-03 -1.1500000000e+01 -8.5000000000e+00 1.1000000000e+01
4.2801291183e-03 -1.1000000000e+01 -8.5000000000e+00 1.1000000000e+01
4.2775169995e-03 -1.2000000000e+01 -8.5000000000e+00 1.1000000000e+01
2.8374894349e-03 -1.0500000000e+01 -8.5000000000e+00 1.1000000000e+01
2.8505250231e-03 -1.2500000000e+01 -8.5000000000e+00 1.1000000000e+01
1.4231779820e-03 -1.0000000000e+01 -8.5000000000e+00 1.1000000000e+01
1.4523338826e-03 -1.0000000000e+01 -9.0000000000e+00 1.1000000000e+01
1.2366882376e-03 -1.0000000000e+01 -9.5000000000e+00 1.1000000000e+01
7.8057264412e-04 -1.0000000000e+01 -1.0000000000e+01 1.1000000000e+01
3.8782835143e-04 -1.0000000000e+01 -1.0500000000e+01 1.1000000000e+01
1.4730378233e-04 -1.0000000000e+01 -1.1000000000e+01 1.1000000000e+01
1.0100247553e-03 -1.1500000000e+01 -8.5000000000e+00 8.0000000000e+00
1.0074396711e-03 -1.1000000000e+01 -8.5000000000e+00 8.0000000000e+00
7.5567192500e-04 -1.2000000000e+01 -8.5000000000e+00 8.0000000000e+00
7.7996376732e-04 -1.0500000000e+01 -8.5000000000e+00 8.0000000000e+00
4.3160385947e-04 -1.2500000000e+01 -8.5000000000e+00 8.0000000000e+00
1.4471527798e-03 -1.3000000000e+01 -8.5000000000e+00 1.1000000000e+01
4.5045144415e-04 -1.0000000000e+01 -8.5000000000e+00 8.0000000000e+00
4.5083239548e-04 -1.0000000000e+01 -9.0000000000e+00 8.0000000000e+00
3.7371029276e-04 -1.0000000000e+01 -9.5000000000e+00 8.0000000000e+00
2.2724578202e-04 -1.0000000000e+01 -1.0000000000e+01 8.0000000000e+00
1.0414932804e-04 -1.0000000000e+01 -1.0500000000e+01 8.0000000000e+00
6.8974425400e-03 -1.1500000000e+01 -8.5000000000e+00 1.0500000000e+01
6.1910990246e-03 -1.1000000000e+01 -8.5000000000e+00 1.0500000000e+01
5.8431650049e-03 -1.2000000000e+01 -8.5000000000e+00 1.0500000000e+01
4.2268375819e-03 -1.0500000000e+01 -8.5000000000e+00 1.0500000000e+01
3.7705544156e-03 -1.2500000000e+01 -8.5000000000e+00 1.0500000000e+01
2.1807250588e-03 -1.0000000000e+01 -8.5000000000e+00 1.0500000000e+01
2.2187844197e-03 -1.0000000000e+01 -9.0000000000e+00 1.0500000000e+01
1.8912909720e-03 -1.0000000000e+01 -9.5000000000e+00 1.0500000000e+01
1.1881800616e-03 -1.0000000000e+01 -1.0000000000e+01 1.0500000000e+01
5.8319562609e-04 -1.0000000000e+01 -1.0500000000e+01 1.0500000000e+01
2.1794137208e-04 -1.0000000000e+01 -1.1000000000e+01 1.0500000000e+01
5.3578794663e-05 -1.0000000000e+01 -1.1500000000e+01 1.0500000000e+01
2.4573223865e-03 -1.1500000000e+01 -8.5000000000e+00 8.5000000000e+00
2.3945065117e-03 -1.1000000000e+01 -8.5000000000e+00 8.5000000000e+00
1.8917641170e-03 -1.2000000000e+01 -8.5000000000e+00 8.5000000000e+00
1.8023969606e-03 -1.0500000000e+01 -8.5000000000e+00 8.5000000000e+00
1.1126973349e-03 -1.2500000000e+01 -8.5000000000e+00 8.5000000000e+00
1.8514592607e-03 -1.3000000000e+01 -8.5000000000e+00 1.0500000000e+01
1.0173693576e-03 -1.0000000000e+01 -8.5000000000e+00 8.5000000000e+00
1.0230825866e-03 -1.0000000000e+01 -9.0000000000e+00 8.5000000000e+00
8.5801635468e-04 -1.0000000000e+01 -9.5000000000e+00 8.5000000000e+00
5.2822263717e-04 -1.0000000000e+01 -1.0000000000e+01 8.5000000000e+00
2.4729398982e-04 -1.0000000000e+01 -1.0500000000e+01 8.5000000000e+00
8.6631820138e-05 -1.0000000000e+01 -1.1000000000e+01 8.5000000000e+00
7.4668402512e-03 -1.1500000000e+01 -8.5000000000e+00 1.0000000000e+01
6.8270045980e-03 -1.1000000000e+01 -8.5000000000e+00 1.0000000000e+01
6.2121815727e-03 -1.2000000000e+01 -8.5000000000e+00 1.0000000000e+01
4.7716316867e-03 -1.0500000000e+01 -8.5000000000e+00 1.0000000000e+01
3.9488236152e-03 -1.2500000000e+01 -8.5000000000e+00 1.0000000000e+01
2.5267089687e-03 -1.0000000000e+01 -8.5000000000e+00 1.0000000000e+01
2.5595406467e-03 -1.0000000000e+01 -9.0000000000e+00 1.0000000000e+01
2.1679715295e-03 -1.0000000000e+01 -9.5000000000e+00 1.0000000000e+01
1.3552676697e-03 -1.0000000000e+01 -1.0000000000e+01 1.0000000000e+01
6.5744207419e-04 -1.0000000000e+01 -1.0500000000e+01 1.0000000000e+01
2.4234684992e-04 -1.0000000000e+01 -1.1000000000e+01 1.0000000000e+01
5.8854436584e-05 -1.0000000000e+01 -1.1500000000e+01 1.0000000000e+01
4.5922931183e-03 -1.1500000000e+01 -8.5000000000e+00 9.0000000000e+00
4.3830259332e-03 -1.1000000000e+01 -8.5000000000e+00 9.0000000000e+00
3.6243945652e-03 -1.2000000000e+01 -8.5000000000e+00 9.0000000000e+00
3.2174324955e-03 -1.0500000000e+01 -8.5000000000e+00 9.0000000000e+00
2.1846436884e-03 -1.2500000000e+01 -8.5000000000e+00 9.0000000000e+00
1.9154169330e-03 -1.3000000000e+01 -8.5000000000e+00 1.0000000000e+01
1.7778395017e-03 -1.0000000000e+01 -8.5000000000e+00 9.0000000000e+00
1.7936355515e-03 -1.0000000000e+01 -9.0000000000e+00 9.0000000000e+00
1.5145512584e-03 -1.0000000000e+01 -9.5000000000e+00 9.0000000000e+00
9.3901353539e-04 -1.0000000000e+01 -1.0000000000e+01 9.0000000000e+00
4.4579365898e-04 -1.0000000000e+01 -1.0500000000e+01 9.0000000000e+00
1.5931891851e-04 -1.0000000000e+01 -1.1000000000e+01 9.0000000000e+00
6.8980272640e-03 -1.1500000000e+01 -8.5000000000e+00 9.5000000000e+00
6.4351977414e-03 -1.1000000000e+01 -8.5000000000e+00 9.5000000000e+00
5.5940568626e-03 -1.2000000000e+01 -8.5000000000e+00 9.5000000000e+00
4.5913921810e-03 -1.0500000000e+01 -8.5000000000e+00 9.5000000000e+00
3.4602285891e-03 -1.2500000000e+01 -8.5000000000e+00 9.5000000000e+00
2.4729889001e-03 -1.0000000000e+01 -8.5000000000e+00 9.5000000000e+00
2.5096776604e-03 -1.0000000000e+01 -9.0000000000e+00 9.5000000000e+00
2.1454689398e-03 -1.0000000000e+01 -9.5000000000e+00 9.5000000000e+00
1.3472907562e-03 -1.0000000000e+01 -1.0000000000e+01 9.5000000000e+00
6.5381334999e-04 -1.0000000000e+01 -1.0500000000e+01 9.5000000000e+00
2.4129518651e-04 -1.0000000000e+01 -1.1000000000e+01 9.5000000000e+00
5.8512399375e-05 -1.0000000000e+01 -1.1500000000e+01 9.5000000000e+00
1.1349578618e-04 -1.1500000000e+01 -1.0000000000e+01 7.5000000000e+00
4.2090460157e-05 -1.1500000000e+01 -1.0500000000e+01 7.5000000000e+00
2.1929144496e-04 -1.1500000000e+01 -9.5000000000e+00 7.5000000000e+00
2.3724904511e-04 -1.1000000000e+01 -9.5000000000e+00 7.5000000000e+00
1.2928622884e-04 -1.1000000000e+01 -1.0000000000e+01 7.5000000000e+00
5.1257968971e-05 -1.1000000000e+01 -1.0500000000e+01 7.5000000000e+00
1.4881911144e-04 -1.2000000000e+01 -9.5000000000e+00 7.5000000000e+00
7.3476041920e-05 -1.2000000000e+01 -1.0000000000e+01 7.5000000000e+00
7.6208884809e-05 -1.2500000000e+01 -9.5000000000e+00 7.5000000000e+00
2.9696830891e-04 -1.1500000000e+01 -9.0000000000e+00 7.5000000000e+00
3.0898852260e-04 -1.1000000000e+01 -9.0000000000e+00 7.5000000000e+00
2.1028645161e-04 -1.2000000000e+01 -9.0000000000e+00 7.5000000000e+00
2.5071771933e-04 -1.0500000000e+01 -9.0000000000e+00 7.5000000000e+00
1.9737440831e-04 -1.0500000000e+01 -9.5000000000e+00 7.5000000000e+00
1.1170584477e-04 -1.0500000000e+01 -1.0000000000e+01 7.5000000000e+00
4.6669334042e-05 -1.0500000000e+01 -1.0500000000e+01 7.5000000000e+00
1.1259581954e-04 -1.2500000000e+01 -9.0000000000e+00 7.5000000000e+00
1.6234766104e-03 -1.3000000000e+01 -8.5000000000e+00 9.5000000000e+00
1.0006048844e-03 -1.3000000000e+01 -8.5000000000e+00 9.0000000000e+00
4.9627131747e-04 -1.3000000000e+01 -8.5000000000e+00 8.5000000000e+00
1.8677728551e-04 -1.3000000000e+01 -8.5000000000e+00 8.0000000000e+00
6.1532991879e-04 -1.3000000000e+01 -1.0000000000e+01 1.1000000000e+01
2.7762499115e-04 -1.3000000000e+01 -1.0500000000e+01 1.1000000000e+01
8.9449524076e-05 -1.3000000000e+01 -1.1000000000e+01 1.1000000000e+01
4.5213346182e-05 -1.3000000000e+01 -9.0000000000e+00 7.5000000000e+00
3.0905674302e-04 -1.1500000000e+01 -8.5000000000e+00 7.5000000000e+00
3.1780261473e-04 -1.1000000000e+01 -8.5000000000e+00 7.5000000000e+00
2.2248611111e-04 -1.2000000000e+01 -8.5000000000e+00 7.5000000000e+00
2.5559474923e-04 -1.0500000000e+01 -8.5000000000e+00 7.5000000000e+00
1.2218347437e-04 -1.2500000000e+01 -8.5000000000e+00 7.5000000000e+00
1.5198212728e-04 -1.0000000000e+01 -8.5000000000e+00 7.5000000000e+00
1.5066638403e-04 -1.0000000000e+01 -9.0000000000e+00 7.5000000000e+00
1.2179297903e-04 -1.0000000000e+01 -9.5000000000e+00 7.5000000000e+00
7.1882801563e-05 -1.0000000000e+01 -1.0000000000e+01 7.5000000000e+00
5.0420205362e-05 -1.3000000000e+01 -8.5000000000e+00 7.5000000000e+00
5.5826448071e-04 -1.3500000000e+01 -8.5000000000e+00 1.1000000000e+01
5.4015729438e-04 -1.3500000000e+01 -9.0000000000e+00 1.1000000000e+01
3.9677585700e-04 -1.3500000000e+01 -9.5000000000e+00 1.1000000000e+01
2.2210496585e-04 -1.3500000000e+01 -1.0000000000e+01 1.1000000000e+01
9.7270000590e-05 -1.3500000000e+01 -1.0500000000e+01 1.1000000000e+01
6.0125008532e-05 -1.3500000000e+01 -8.5000000000e+00 8.0000000000e+00
5.5328314890e-05 -1.3500000000e+01 -9.0000000000e+00 8.0000000000e+00
6.9012081235e-04 -1.3500000000e+01 -8.5000000000e+00 1.0500000000e+01
6.6698557768e-04 -1.3500000000e+01 -9.0000000000e+00 1.0500000000e+01
4.8580802069e-04 -1.3500000000e+01 -9.5000000000e+00 1.0500000000e+01
2.6462357693e-04 -1.3500000000e+01 -1.0000000000e+01 1.0500000000e+01
1.1226977588e-04 -1.3500000000e+01 -1.0500000000e+01 1.0500000000e+01
1.6638280492e-04 -1.3500000000e+01 -8.5000000000e+00 8.5000000000e+00
1.5770375127e-04 -1.3500000000e+01 -9.0000000000e+00 8.5000000000e+00
1.1028153594e-04 -1.3500000000e+01 -9.5000000000e+00 8.5000000000e+00
5.4369404258e-05 -1.3500000000e+01 -1.0000000000e+01 8.5000000000e+00
7.0430154029e-04 -1.3500000000e+01 -8.5000000000e+00 1.0000000000e+01
6.8372085140e-04 -1.3500000000e+01 -9.0000000000e+00 1.0000000000e+01
5.0123027585e-04 -1.3500000000e+01 -9.5000000000e+00 1.0000000000e+01
2.7317017294e-04 -1.3500000000e+01 -1.0000000000e+01 1.0000000000e+01
1.1603080805e-04 -1.3500000000e+01 -1.0500000000e+01 1.0000000000e+01
3.4490611762e-04 -1.3500000000e+01 -8.5000000000e+00 9.0000000000e+00
3.3131561792e-04 -1.3500000000e+01 -9.0000000000e+00 9.0000000000e+00
2.3625242918e-04 -1.3500000000e+01 -9.5000000000e+00 9.0000000000e+00
1.2069873023e-04 -1.3500000000e+01 -1.0000000000e+01 9.0000000000e+00
4.5759739449e-05 -1.3500000000e+01 -1.0500000000e+01 9.0000000000e+00
5.7573714369e-04 -1.3500000000e+01 -8.5000000000e+00 9.5000000000e+00
5.5862301639e-04 -1.3500000000e+01 -9.0000000000e+00 9.5000000000e+00
4.1148231536e-04 -1.3500000000e+01 -9.5000000000e+00 9.5000000000e+00
1.2954057642e-03 -1.1500000000e+01 -1.0000000000e+01 1.1500000000e+01
6.2477125281e-04 -1.1500000000e+01 -1.0500000000e+01 1.1500000000e+01
2.1371478921e-03 -1.1500000000e+01 -9.5000000000e+00 1.1500000000e+01
1.8641781628e-03 -1.1000000000e+01 -9.5000000000e+00 1.1500000000e+01
1.1432674716e-03 -1.1000000000e+01 -1.0000000000e+01 1.1500000000e+01
5.5691996773e-04 -1.1000000000e+01 -1.0500000000e+01 1.1500000000e+01
2.2684728113e-04 -1.1500000000e+01 -1.1000000000e+01 1.1500000000e+01
1.8625616198e-03 -1.2000000000e+01 -9.5000000000e+00 1.1500000000e+01
1.1123921436e-03 -1.2000000000e+01 -1.0000000000e+01 1.1500000000e+01
5.2980148665e-04 -1.2000000000e+01 -1.0500000000e+01 1.1500000000e+01
2.0573484607e-04 -1.1000000000e+01 -1.1000000000e+01 1.1500000000e+01
1.8879300871e-04 -1.2000000000e+01 -1.1000000000e+01 1.1500000000e+01
1.2340450974e-03 -1.2500000000e+01 -9.5000000000e+00 1.1500000000e+01
2.6780457712e-03 -1.1500000000e+01 -9.0000000000e+00 1.1500000000e+01
2.3005937732e-03 -1.1000000000e+01 -9.0000000000e+00 1.1500000000e+01
2.3790118564e-03 -1.2000000000e+01 -9.0000000000e+00 1.1500000000e+01
1.4928620607e-03 -1.0500000000e+01 -9.0000000000e+00 1.1500000000e+01
1.2316667583e-03 -1.0500000000e+01 -9.5000000000e+00 1.1500000000e+01
7.6323976685e-04 -1.0500000000e+01 -1.0000000000e+01 1.1500000000e+01
3.7576563520e-04 -1.0500000000e+01 -1.0500000000e+01 1.1500000000e+01
1.4117822820e-04 -1.0500000000e+01 -1.1000000000e+01 1.1500000000e+01
5.5729897567e-05 -1.1500000000e+01 -1.1500000000e+01 1.1500000000e+01
5.1334037313e-05 -1.1000000000e+01 -1.1500000000e+01 1.1500000000e+01
4.5536692545e-05 -1.2000000000e+01 -1.1500000000e+01 1.1500000000e+01
1.6095449805e-03 -1.2500000000e+01 -9.0000000000e+00 1.1500000000e+01
7.2539906135e-04 -1.2500000000e+01 -1.0000000000e+01 1.1500000000e+01
3.4030880626e-04 -1.2500000000e+01 -1.0500000000e+01 1.1500000000e+01
1.1836103562e-04 -1.2500000000e+01 -1.1000000000e+01 1.1500000000e+01
8.3013462690e-04 -1.3000000000e+01 -9.0000000000e+00 1.1500000000e+01
6.2086745050e-04 -1.3000000000e+01 -9.5000000000e+00 1.1500000000e+01
2.6653207511e-03 -1.1500000000e+01 -8.5000000000e+00 1.1500000000e+01
2.2753263696e-03 -1.1000000000e+01 -8.5000000000e+00 1.1500000000e+01
2.3885911208e-03 -1.2000000000e+01 -8.5000000000e+00 1.1500000000e+01
1.4696193568e-03 -1.0500000000e+01 -8.5000000000e+00 1.1500000000e+01
1.6312463765e-03 -1.2500000000e+01 -8.5000000000e+00 1.1500000000e+01
7.1821303756e-04 -1.0000000000e+01 -8.5000000000e+00 1.1500000000e+01
7.3254562314e-04 -1.0000000000e+01 -9.0000000000e+00 1.1500000000e+01
6.1564285772e-04 -1.0000000000e+01 -9.5000000000e+00 1.1500000000e+01
3.8667345646e-04 -1.0000000000e+01 -1.0000000000e+01 1.1500000000e+01
1.9242891839e-04 -1.0000000000e+01 -1.0500000000e+01 1.1500000000e+01
7.3223153798e-05 -1.0000000000e+01 -1.1000000000e+01 1.1500000000e+01
8.5094525709e-04 -1.3000000000e+01 -8.5000000000e+00 1.1500000000e+01
3.5899186360e-04 -1.3000000000e+01 -1.0000000000e+01 1.1500000000e+01
1.6541388019e-04 -1.3000000000e+01 -1.0500000000e+01 1.1500000000e+01
5.5854395875e-05 -1.3000000000e+01 -1.1000000000e+01 1.1500000000e+01
2.2031991796e-04 -1.3500000000e+01 -1.0000000000e+01 9.5000000000e+00
8.9597173441e-05 -1.3500000000e+01 -1.0500000000e+01 9.5000000000e+00
3.3776227956e-04 -1.3500000000e+01 -8.5000000000e+00 1.1500000000e+01
3.2477592522e-04 -1.3500000000e+01 -9.0000000000e+00 1.1500000000e+01
2.3604170862e-04 -1.3500000000e+01 -9.5000000000e+00 1.1500000000e+01
2.2555343269e-03 -1.1500000000e+01 -8.0000000000e+00 1.1500000000e+01
1.9002220654e-03 -1.1000000000e+01 -8.0000000000e+00 1.1500000000e+01
2.0599762104e-03 -1.2000000000e+01 -8.0000000000e+00 1.1500000000e+01
1.2099205927e-03 -1.0500000000e+01 -8.0000000000e+00 1.1500000000e+01
1.4322854383e-03 -1.2500000000e+01 -8.0000000000e+00 1.1500000000e+01
5.8386508648e-04 -1.0000000000e+01 -8.0000000000e+00 1.1500000000e+01
7.6064461058e-04 -1.3000000000e+01 -8.0000000000e+00 1.1500000000e+01
2.1172155509e-04 -9.5000000000e+00 -8.0000000000e+00 1.1500000000e+01
2.6464475688e-04 -9.5000000000e+00 -8.5000000000e+00 1.1500000000e+01
2.7143260062e-04 -9.5000000000e+00 -9.0000000000e+00 1.1500000000e+01
2.3432276226e-04 -9.5000000000e+00 -9.5000000000e+00 1.1500000000e+01
1.4911935456e-04 -9.5000000000e+00 -1.0000000000e+01 1.1500000000e+01
7.4624954930e-05 -9.5000000000e+00 -1.0500000000e+01 1.1500000000e+01
2.7585659728e-04 -1.1500000000e+01 -8.0000000000e+00 7.5000000000e+00
2.7548480802e-04 -1.1000000000e+01 -8.0000000000e+00 7.5000000000e+00
2.0517830358e-04 -1.2000000000e+01 -8.0000000000e+00 7.5000000000e+00
2.1419057253e-04 -1.0500000000e+01 -8.0000000000e+00 7.5000000000e+00
1.1619672621e-04 -1.2500000000e+01 -8.0000000000e+00 7.5000000000e+00
1.2419060203e-04 -1.0000000000e+01 -8.0000000000e+00 7.5000000000e+00
4.9544487602e-05 -1.3000000000e+01 -8.0000000000e+00 7.5000000000e+00
3.0764788640e-04 -1.3500000000e+01 -8.0000000000e+00 1.1500000000e+01
5.4312947677e-05 -9.5000000000e+00 -8.0000000000e+00 7.5000000000e+00
6.8349866199e-05 -9.5000000000e+00 -8.5000000000e+00 7.5000000000e+00
6.8513527160e-05 -9.5000000000e+00 -9.0000000000e+00 7.5000000000e+00
5.7286064526e-05 -9.5000000000e+00 -9.5000000000e+00 7.5000000000e+00
4.1177051250e-03 -1.1500000000e+01 -8.0000000000e+00 1.1000000000e+01
3.5490500670e-03 -1.1000000000e+01 -8.0000000000e+00 1.1000000000e+01
3.6612110394e-03 -1.2000000000e+01 -8.0000000000e+00 1.1000000000e+01
2.3188749269e-03 -1.0500000000e+01 -8.0000000000e+00 1.1000000000e+01
2.4867082930e-03 -1.2500000000e+01 -8.0000000000e+00 1.1000000000e+01
1.1480849365e-03 -1.0000000000e+01 -8.0000000000e+00 1.1000000000e+01
1.2882831914e-03 -1.3000000000e+01 -8.0000000000e+00 1.1000000000e+01
4.2743455727e-04 -9.5000000000e+00 -8.0000000000e+00 1.1000000000e+01
5.3859683414e-04 -9.5000000000e+00 -8.5000000000e+00 1.1000000000e+01
5.5271931159e-04 -9.5000000000e+00 -9.0000000000e+00 1.1000000000e+01
4.8296307225e-04 -9.5000000000e+00 -9.5000000000e+00 1.1000000000e+01
3.0925965151e-04 -9.5000000000e+00 -1.0000000000e+01 1.1000000000e+01
1.5467565476e-04 -9.5000000000e+00 -1.0500000000e+01 1.1000000000e+01
5.9564771817e-05 -9.5000000000e+00 -1.1000000000e+01 1.1000000000e+01
8.7658152648e-04 -1.1500000000e+01 -8.0000000000e+00 8.0000000000e+00
8.5308900699e-04 -1.1000000000e+01 -8.0000000000e+00 8.0000000000e+00
6.7529812715e-04 -1.2000000000e+01 -8.0000000000e+00 8.0000000000e+00
6.4360256630e-04 -1.0500000000e+01 -8.0000000000e+00 8.0000000000e+00
3.9738312716e-04 -1.2500000000e+01 -8.0000000000e+00 8.0000000000e+00
3.6434548771e-04 -1.0000000000e+01 -8.0000000000e+00 8.0000000000e+00
1.7674053471e-04 -1.3000000000e+01 -8.0000000000e+00 8.0000000000e+00
5.0751810743e-04 -1.3500000000e+01 -8.0000000000e+00 1.1000000000e+01
1.5556105941e-04 -9.5000000000e+00 -8.0000000000e+00 8.0000000000e+00
1.9696173099e-04 -9.5000000000e+00 -8.5000000000e+00 8.0000000000e+00
1.9888732538e-04 -9.5000000000e+00 -9.0000000000e+00 8.0000000000e+00
1.6960156470e-04 -9.5000000000e+00 -9.5000000000e+00 8.0000000000e+00
1.0569780188e-04 -9.5000000000e+00 -1.0000000000e+01 8.0000000000e+00
4.9359803633e-05 -9.5000000000e+00 -1.0500000000e+01 8.0000000000e+00
5.8235337293e-03 -1.1500000000e+01 -8.0000000000e+00 1.0500000000e+01
5.1459563673e-03 -1.1000000000e+01 -8.0000000000e+00 1.0500000000e+01
5.0339025927e-03 -1.2000000000e+01 -8.0000000000e+00 1.0500000000e+01
3.4566520536e-03 -1.0500000000e+01 -8.0000000000e+00 1.0500000000e+01
3.3198196529e-03 -1.2500000000e+01 -8.0000000000e+00 1.0500000000e+01
1.7581480376e-03 -1.0000000000e+01 -8.0000000000e+00 1.0500000000e+01
1.6689315228e-03 -1.3000000000e+01 -8.0000000000e+00 1.0500000000e+01
6.7215419800e-04 -9.5000000000e+00 -8.0000000000e+00 1.0500000000e+01
8.4849360585e-04 -9.5000000000e+00 -8.5000000000e+00 1.0500000000e+01
8.6846961014e-04 -9.5000000000e+00 -9.0000000000e+00 1.0500000000e+01
7.5958850363e-04 -9.5000000000e+00 -9.5000000000e+00 1.0500000000e+01
4.8495942136e-04 -9.5000000000e+00 -1.0000000000e+01 1.0500000000e+01
2.4006543368e-04 -9.5000000000e+00 -1.0500000000e+01 1.0500000000e+01
9.1336442285e-05 -9.5000000000e+00 -1.1000000000e+01 1.0500000000e+01
2.1071353689e-03 -1.1500000000e+01 -8.0000000000e+00 8.5000000000e+00
2.0106786442e-03 -1.1000000000e+01 -8.0000000000e+00 8.5000000000e+00
1.6651856632e-03 -1.2000000000e+01 -8.0000000000e+00 8.5000000000e+00
1.4799888485e-03 -1.0500000000e+01 -8.0000000000e+00 8.5000000000e+00
1.0058912348e-03 -1.2500000000e+01 -8.0000000000e+00 8.5000000000e+00
8.2067990438e-04 -1.0000000000e+01 -8.0000000000e+00 8.5000000000e+00
4.6119067800e-04 -1.3000000000e+01 -8.0000000000e+00 8.5000000000e+00
6.3591291178e-04 -1.3500000000e+01 -8.0000000000e+00 1.0500000000e+01
3.4309017871e-04 -9.5000000000e+00 -8.0000000000e+00 8.5000000000e+00
4.3468473609e-04 -9.5000000000e+00 -8.5000000000e+00 8.5000000000e+00
4.4053928280e-04 -9.5000000000e+00 -9.0000000000e+00 8.5000000000e+00
3.7939234143e-04 -9.5000000000e+00 -9.5000000000e+00 8.5000000000e+00
2.3864741549e-04 -9.5000000000e+00 -1.0000000000e+01 8.5000000000e+00
1.1336216682e-04 -9.5000000000e+00 -1.0500000000e+01 8.5000000000e+00
4.0939383706e-05 -9.5000000000e+00 -1.1000000000e+01 8.5000000000e+00
6.3450946125e-03 -1.1500000000e+01 -8.0000000000e+00 1.0000000000e+01
5.7105947867e-03 -1.1000000000e+01 -8.0000000000e+00 1.0000000000e+01
5.3787033617e-03 -1.2000000000e+01 -8.0000000000e+00 1.0000000000e+01
3.9276810387e-03 -1.0500000000e+01 -8.0000000000e+00 1.0000000000e+01
3.4894849394e-03 -1.2500000000e+01 -8.0000000000e+00 1.0000000000e+01
2.0480087078e-03 -1.0000000000e+01 -8.0000000000e+00 1.0000000000e+01
1.7263757183e-03 -1.3000000000e+01 -8.0000000000e+00 1.0000000000e+01
8.0497611248e-04 -9.5000000000e+00 -8.0000000000e+00 1.0000000000e+01
1.0122966054e-03 -9.5000000000e+00 -8.5000000000e+00 1.0000000000e+01
1.0320333889e-03 -9.5000000000e+00 -9.0000000000e+00 1.0000000000e+01
8.9755132652e-04 -9.5000000000e+00 -9.5000000000e+00 1.0000000000e+01
5.7076007014e-04 -9.5000000000e+00 -1.0000000000e+01 1.0000000000e+01
2.7938375463e-04 -9.5000000000e+00 -1.0500000000e+01 1.0000000000e+01
1.0506163635e-04 -9.5000000000e+00 -1.1000000000e+01 1.0000000000e+01
3.9139652200e-03 -1.1500000000e+01 -8.0000000000e+00 9.0000000000e+00
3.6669274335e-03 -1.1000000000e+01 -8.0000000000e+00 9.0000000000e+00
3.1639907405e-03 -1.2000000000e+01 -8.0000000000e+00 9.0000000000e+00
2.6377422538e-03 -1.0500000000e+01 -8.0000000000e+00 9.0000000000e+00
1.9558062316e-03 -1.2500000000e+01 -8.0000000000e+00 9.0000000000e+00
1.4337801510e-03 -1.0000000000e+01 -8.0000000000e+00 9.0000000000e+00
9.1900518569e-04 -1.3000000000e+01 -8.0000000000e+00 9.0000000000e+00
6.4798041542e-04 -1.3500000000e+01 -8.0000000000e+00 1.0000000000e+01
5.8716278510e-04 -9.5000000000e+00 -8.0000000000e+00 9.0000000000e+00
7.4311334800e-04 -9.5000000000e+00 -8.5000000000e+00 9.0000000000e+00
7.5506186049e-04 -9.5000000000e+00 -9.0000000000e+00 9.0000000000e+00
6.5427471995e-04 -9.5000000000e+00 -9.5000000000e+00 9.0000000000e+00
4.1376080427e-04 -9.5000000000e+00 -1.0000000000e+01 9.0000000000e+00
1.9888971147e-04 -9.5000000000e+00 -1.0500000000e+01 9.0000000000e+00
7.3001085481e-05 -9.5000000000e+00 -1.1000000000e+01 9.0000000000e+00
5.7963933055e-03 -1.1500000000e+01 -8.0000000000e+00 9.5000000000e+00
5.3221215841e-03 -1.1000000000e+01 -8.0000000000e+00 9.5000000000e+00
4.7972382934e-03 -1.2000000000e+01 -8.0000000000e+00 9.5000000000e+00
3.7335226080e-03 -1.0500000000e+01 -8.0000000000e+00 9.5000000000e+00
3.0328320559e-03 -1.2500000000e+01 -8.0000000000e+00 9.5000000000e+00
1.9827179625e-03 -1.0000000000e+01 -8.0000000000e+00 9.5000000000e+00
1.4606368606e-03 -1.3000000000e+01 -8.0000000000e+00 9.5000000000e+00
7.9240668173e-04 -9.5000000000e+00 -8.0000000000e+00 9.5000000000e+00
1.0063423356e-03 -9.5000000000e+00 -8.5000000000e+00 9.5000000000e+00
1.0274114592e-03 -9.5000000000e+00 -9.0000000000e+00 9.5000000000e+00
8.9946442765e-04 -9.5000000000e+00 -9.5000000000e+00 9.5000000000e+00
5.7445869995e-04 -9.5000000000e+00 -1.0000000000e+01 9.5000000000e+00
2.8124762486e-04 -9.5000000000e+00 -1.0500000000e+01 9.5000000000e+00
1.0591396119e-04 -9.5000000000e+00 -1.1000000000e+01 9.5000000000e+00
4.2922326388e-05 -1.1500000000e+01 -9.5000000000e+00 7.0000000000e+00
4.9230902289e-05 -1.1000000000e+01 -9.5000000000e+00 7.0000000000e+00
6.3156450544e-05 -1.1500000000e+01 -9.0000000000e+00 7.0000000000e+00
6.8870093364e-05 -1.1000000000e+01 -9.0000000000e+00 7.0000000000e+00
4.2515817343e-05 -1.2000000000e+01 -9.0000000000e+00 7.0000000000e+00
5.8362036445e-05 -1.0500000000e+01 -9.0000000000e+00 7.0000000000e+00
4.3179546277e-05 -1.0500000000e+01 -9.5000000000e+00 7.0000000000e+00
6.8649927423e-05 -1.1500000000e+01 -8.5000000000e+00 7.0000000000e+00
7.2952809711e-05 -1.1000000000e+01 -8.5000000000e+00 7.0000000000e+00
4.7471661823e-05 -1.2000000000e+01 -8.5000000000e+00 7.0000000000e+00
6.0978403383e-05 -1.0500000000e+01 -8.5000000000e+00 7.0000000000e+00
5.3189256716e-04 -1.3500000000e+01 -8.0000000000e+00 9.5000000000e+00
3.2578895546e-04 -1.3500000000e+01 -8.0000000000e+00 9.0000000000e+00
1.5878377975e-04 -1.3500000000e+01 -8.0000000000e+00 8.5000000000e+00
5.8738132613e-05 -1.3500000000e+01 -8.0000000000e+00 8.0000000000e+00
1.3416384521e-04 -1.3500000000e+01 -1.0000000000e+01 1.1500000000e+01
6.0504728422e-05 -1.3500000000e+01 -1.0500000000e+01 1.1500000000e+01
6.3962711188e-05 -1.1500000000e+01 -8.0000000000e+00 7.0000000000e+00
6.5998396552e-05 -1.1000000000e+01 -8.0000000000e+00 7.0000000000e+00
4.5657690320e-05 -1.2000000000e+01 -8.0000000000e+00 7.0000000000e+00
5.3388199402e-05 -1.0500000000e+01 -8.0000000000e+00 7.0000000000e+00
9.2807888087e-05 -1.4000000000e+01 -8.0000000000e+00 1.1500000000e+01
9.9696395936e-05 -1.4000000000e+01 -8.5000000000e+00 1.1500000000e+01
9.4225231891e-05 -1.4000000000e+01 -9.0000000000e+00 1.1500000000e+01
6.6246212200e-05 -1.4000000000e+01 -9.5000000000e+00 1.1500000000e+01
1.4839009637e-04 -1.4000000000e+01 -8.0000000000e+00 1.1000000000e+01
1.5920319170e-04 -1.4000000000e+01 -8.5000000000e+00 1.1000000000e+01
1.5149262614e-04 -1.4000000000e+01 -9.0000000000e+00 1.1000000000e+01
1.0724107485e-04 -1.4000000000e+01 -9.5000000000e+00 1.1000000000e+01
5.8478580452e-05 -1.4000000000e+01 -1.0000000000e+01 1.1000000000e+01
1.7864128809e-04 -1.4000000000e+01 -8.0000000000e+00 1.0500000000e+01
1.8911105447e-04 -1.4000000000e+01 -8.5000000000e+00 1.0500000000e+01
1.8029375951e-04 -1.4000000000e+01 -9.0000000000e+00 1.0500000000e+01
1.2669807872e-04 -1.4000000000e+01 -9.5000000000e+00 1.0500000000e+01
6.7278865363e-05 -1.4000000000e+01 -1.0000000000e+01 1.0500000000e+01
4.0553671282e-05 -1.4000000000e+01 -8.5000000000e+00 8.5000000000e+00
1.7894867422e-04 -1.4000000000e+01 -8.0000000000e+00 1.0000000000e+01
1.9028464888e-04 -1.4000000000e+01 -8.5000000000e+00 1.0000000000e+01
1.8261247710e-04 -1.4000000000e+01 -9.0000000000e+00 1.0000000000e+01
1.2945424291e-04 -1.4000000000e+01 -9.5000000000e+00 1.0000000000e+01
6.8806042427e-05 -1.4000000000e+01 -1.0000000000e+01 1.0000000000e+01
8.4109638226e-05 -1.4000000000e+01 -8.0000000000e+00 9.0000000000e+00
8.7015298886e-05 -1.4000000000e+01 -8.5000000000e+00 9.0000000000e+00
8.2084667315e-05 -1.4000000000e+01 -9.0000000000e+00 9.0000000000e+00
5.6154344282e-05 -1.4000000000e+01 -9.5000000000e+00 9.0000000000e+00
1.4186178597e-04 -1.4000000000e+01 -8.0000000000e+00 9.5000000000e+00
1.4923184639e-04 -1.4000000000e+01 -8.5000000000e+00 9.5000000000e+00
1.4310967546e-04 -1.4000000000e+01 -9.0000000000e+00 9.5000000000e+00
1.0149683693e-04 -1.4000000000e+01 -9.5000000000e+00 9.5000000000e+00
5.0796135840e-04 -1.1500000000e+01 -1.0000000000e+01 1.2000000000e+01
2.4200946549e-04 -1.1500000000e+01 -1.0500000000e+01 1.2000000000e+01
8.5270700283e-04 -1.1500000000e+01 -9.5000000000e+00 1.2000000000e+01
7.2788120517e-04 -1.1000000000e+01 -9.5000000000e+00 1.2000000000e+01
4.3800804113e-04 -1.1000000000e+01 -1.0000000000e+01 1.2000000000e+01
2.1044274808e-04 -1.1000000000e+01 -1.0500000000e+01 1.2000000000e+01
8.6397570888e-05 -1.1500000000e+01 -1.1000000000e+01 1.2000000000e+01
7.5896260427e-04 -1.2000000000e+01 -9.5000000000e+00 1.2000000000e+01
4.4626287101e-04 -1.2000000000e+01 -1.0000000000e+01 1.2000000000e+01
2.0991533915e-04 -1.2000000000e+01 -1.0500000000e+01 1.2000000000e+01
7.6098153213e-05 -1.1000000000e+01 -1.1000000000e+01 1.2000000000e+01
7.3665188635e-05 -1.2000000000e+01 -1.1000000000e+01 1.2000000000e+01
5.1259408164e-04 -1.2500000000e+01 -9.5000000000e+00 1.2000000000e+01
1.0980577222e-03 -1.1500000000e+01 -9.0000000000e+00 1.2000000000e+01
9.2285417439e-04 -1.1000000000e+01 -9.0000000000e+00 1.2000000000e+01
9.9951287732e-04 -1.2000000000e+01 -9.0000000000e+00 1.2000000000e+01
5.8475105616e-04 -1.0500000000e+01 -9.0000000000e+00 1.2000000000e+01
4.6845011818e-04 -1.0500000000e+01 -9.5000000000e+00 1.2000000000e+01
2.8470341714e-04 -1.0500000000e+01 -1.0000000000e+01 1.2000000000e+01
1.3790864356e-04 -1.0500000000e+01 -1.0500000000e+01 1.2000000000e+01
5.0580759235e-05 -1.0500000000e+01 -1.1000000000e+01 1.2000000000e+01
6.9164147599e-04 -1.2500000000e+01 -9.0000000000e+00 1.2000000000e+01
2.9680107533e-04 -1.2500000000e+01 -1.0000000000e+01 1.2000000000e+01
1.3718366304e-04 -1.2500000000e+01 -1.0500000000e+01 1.2000000000e+01
4.7044580352e-05 -1.2500000000e+01 -1.1000000000e+01 1.2000000000e+01
3.6429459076e-04 -1.3000000000e+01 -9.0000000000e+00 1.2000000000e+01
2.6230185126e-04 -1.3000000000e+01 -9.5000000000e+00 1.2000000000e+01
1.1041523789e-03 -1.1500000000e+01 -8.5000000000e+00 1.2000000000e+01
9.2158574438e-04 -1.1000000000e+01 -8.5000000000e+00 1.2000000000e+01
1.0163810425e-03 -1.2000000000e+01 -8.5000000000e+00 1.2000000000e+01
5.7988573791e-04 -1.0500000000e+01 -8.5000000000e+00 1.2000000000e+01
7.1152567843e-04 -1.2500000000e+01 -8.5000000000e+00 1.2000000000e+01
2.7595755645e-04 -1.0000000000e+01 -8.5000000000e+00 1.2000000000e+01
2.7991686588e-04 -1.0000000000e+01 -9.0000000000e+00 1.2000000000e+01
2.2780244855e-04 -1.0000000000e+01 -9.5000000000e+00 1.2000000000e+01
1.4023605345e-04 -1.0000000000e+01 -1.0000000000e+01 1.2000000000e+01
6.8649480736e-05 -1.0000000000e+01 -1.0500000000e+01 1.2000000000e+01
3.8041358153e-04 -1.3000000000e+01 -8.5000000000e+00 1.2000000000e+01
1.4946190469e-04 -1.3000000000e+01 -1.0000000000e+01 1.2000000000e+01
6.7722825847e-05 -1.3000000000e+01 -1.0500000000e+01 1.2000000000e+01
1.5426188368e-04 -1.3500000000e+01 -8.5000000000e+00 1.2000000000e+01
1.4527113244e-04 -1.3500000000e+01 -9.0000000000e+00 1.2000000000e+01
1.0148899898e-04 -1.3500000000e+01 -9.5000000000e+00 1.2000000000e+01
9.5159060811e-04 -1.1500000000e+01 -8.0000000000e+00 1.2000000000e+01
7.8408904038e-04 -1.1000000000e+01 -8.0000000000e+00 1.2000000000e+01
8.9318794894e-04 -1.2000000000e+01 -8.0000000000e+00 1.2000000000e+01
4.8617367816e-04 -1.0500000000e+01 -8.0000000000e+00 1.2000000000e+01
6.3543256566e-04 -1.2500000000e+01 -8.0000000000e+00 1.2000000000e+01
2.2839732086e-04 -1.0000000000e+01 -8.0000000000e+00 1.2000000000e+01
3.4571073902e-04 -1.3000000000e+01 -8.0000000000e+00 1.2000000000e+01
8.0565732021e-05 -9.5000000000e+00 -8.0000000000e+00 1.2000000000e+01
9.8886505100e-05 -9.5000000000e+00 -8.5000000000e+00 1.2000000000e+01
1.0088930590e-04 -9.5000000000e+00 -9.0000000000e+00 1.2000000000e+01
8.4440472373e-05 -9.5000000000e+00 -9.5000000000e+00 1.2000000000e+01
5.2628195773e-05 -9.5000000000e+00 -1.0000000000e+01 1.2000000000e+01
1.4327680729e-04 -1.3500000000e+01 -8.0000000000e+00 1.2000000000e+01
5.6838674722e-05 -1.3500000000e+01 -1.0000000000e+01 1.2000000000e+01
5.2447816643e-05 -1.4000000000e+01 -1.0000000000e+01 9.5000000000e+00
4.4363001791e-05 -1.4000000000e+01 -8.0000000000e+00 1.2000000000e+01
4.6979417503e-05 -1.4000000000e+01 -8.5000000000e+00 1.2000000000e+01
4.3041827735e-05 -1.4000000000e+01 -9.0000000000e+00 1.2000000000e+01
6.3117659782e-04 -1.1500000000e+01 -7.5000000000e+00 1.2000000000e+01
5.1131238931e-04 -1.1000000000e+01 -7.5000000000e+00 1.2000000000e+01
6.0758743331e-04 -1.2000000000e+01 -7.5000000000e+00 1.2000000000e+01
3.1115725536e-04 -1.0500000000e+01 -7.5000000000e+00 1.2000000000e+01
4.4190392990e-04 -1.2500000000e+01 -7.5000000000e+00 1.2000000000e+01
1.4357666381e-04 -1.0000000000e+01 -7.5000000000e+00 1.2000000000e+01
2.4636802464e-04 -1.3000000000e+01 -7.5000000000e+00 1.2000000000e+01
4.9484964494e-05 -9.5000000000e+00 -7.5000000000e+00 1.2000000000e+01
1.0435290440e-04 -1.3500000000e+01 -7.5000000000e+00 1.2000000000e+01
4.0851396382e-05 -1.1500000000e+01 -7.5000000000e+00 7.0000000000e+00
4.0962326737e-05 -1.1000000000e+01 -7.5000000000e+00 7.0000000000e+00
1.4610069313e-03 -1.1500000000e+01 -7.5000000000e+00 1.1500000000e+01
1.2121944683e-03 -1.1000000000e+01 -7.5000000000e+00 1.1500000000e+01
1.3642090306e-03 -1.2000000000e+01 -7.5000000000e+00 1.1500000000e+01
7.5911429190e-04 -1.0500000000e+01 -7.5000000000e+00 1.1500000000e+01
9.6966072025e-04 -1.2500000000e+01 -7.5000000000e+00 1.1500000000e+01
3.6077255555e-04 -1.0000000000e+01 -7.5000000000e+00 1.1500000000e+01
5.2791557590e-04 -1.3000000000e+01 -7.5000000000e+00 1.1500000000e+01
1.2867784123e-04 -9.5000000000e+00 -7.5000000000e+00 1.1500000000e+01
2.1873068074e-04 -1.3500000000e+01 -7.5000000000e+00 1.1500000000e+01
5.7443493680e-05 -9.0000000000e+00 -8.0000000000e+00 1.1500000000e+01
7.3905433589e-05 -9.0000000000e+00 -8.5000000000e+00 1.1500000000e+01
7.6704158425e-05 -9.0000000000e+00 -9.0000000000e+00 1.1500000000e+01
6.7817059842e-05 -9.0000000000e+00 -9.5000000000e+00 1.1500000000e+01
4.3321938731e-05 -9.0000000000e+00 -1.0000000000e+01 1.1500000000e+01
1.7055918541e-04 -1.1500000000e+01 -7.5000000000e+00 7.5000000000e+00
1.6700913930e-04 -1.1000000000e+01 -7.5000000000e+00 7.5000000000e+00
1.3045686357e-04 -1.2000000000e+01 -7.5000000000e+00 7.5000000000e+00
1.2751579275e-04 -1.0500000000e+01 -7.5000000000e+00 7.5000000000e+00
7.5786218559e-05 -1.2500000000e+01 -7.5000000000e+00 7.5000000000e+00
7.2708763755e-05 -1.0000000000e+01 -7.5000000000e+00 7.5000000000e+00
6.7107347822e-05 -1.4000000000e+01 -7.5000000000e+00 1.1500000000e+01
2.6297197316e-03 -1.1500000000e+01 -7.5000000000e+00 1.1000000000e+01
2.2326139202e-03 -1.1000000000e+01 -7.5000000000e+00 1.1000000000e+01
2.3855771966e-03 -1.2000000000e+01 -7.5000000000e+00 1.1000000000e+01
1.4367787531e-03 -1.0500000000e+01 -7.5000000000e+00 1.1000000000e+01
1.6547578147e-03 -1.2500000000e+01 -7.5000000000e+00 1.1000000000e+01
7.0184251840e-04 -1.0000000000e+01 -7.5000000000e+00 1.1000000000e+01
8.7921377066e-04 -1.3000000000e+01 -7.5000000000e+00 1.1000000000e+01
2.5764912048e-04 -9.5000000000e+00 -7.5000000000e+00 1.1000000000e+01
3.5551659789e-04 -1.3500000000e+01 -7.5000000000e+00 1.1000000000e+01
7.0123045533e-05 -9.0000000000e+00 -7.5000000000e+00 1.1000000000e+01
1.1922988562e-04 -9.0000000000e+00 -8.0000000000e+00 1.1000000000e+01
1.5461303189e-04 -9.0000000000e+00 -8.5000000000e+00 1.1000000000e+01
1.6056541193e-04 -9.0000000000e+00 -9.0000000000e+00 1.1000000000e+01
1.4337238884e-04 -9.0000000000e+00 -9.5000000000e+00 1.1000000000e+01
9.2219861279e-05 -9.0000000000e+00 -1.0000000000e+01 1.1000000000e+01
4.6305135821e-05 -9.0000000000e+00 -1.0500000000e+01 1.1000000000e+01
5.4051049659e-04 -1.1500000000e+01 -7.5000000000e+00 8.0000000000e+00
5.1737067918e-04 -1.1000000000e+01 -7.5000000000e+00 8.0000000000e+00
4.2540257042e-04 -1.2000000000e+01 -7.5000000000e+00 8.0000000000e+00
3.8426814375e-04 -1.0500000000e+01 -7.5000000000e+00 8.0000000000e+00
2.5647772341e-04 -1.2500000000e+01 -7.5000000000e+00 8.0000000000e+00
2.1485411705e-04 -1.0000000000e+01 -7.5000000000e+00 8.0000000000e+00
1.1752539254e-04 -1.3000000000e+01 -7.5000000000e+00 8.0000000000e+00
9.0612179167e-05 -9.5000000000e+00 -7.5000000000e+00 8.0000000000e+00
4.0224940854e-05 -1.3500000000e+01 -7.5000000000e+00 8.0000000000e+00
1.0652433780e-04 -1.4000000000e+01 -7.5000000000e+00 1.1000000000e+01
4.9906865217e-05 -9.0000000000e+00 -8.0000000000e+00 8.0000000000e+00
6.5403208918e-05 -9.0000000000e+00 -8.5000000000e+00 8.0000000000e+00
6.7097682187e-05 -9.0000000000e+00 -9.0000000000e+00 8.0000000000e+00
5.8496834650e-05 -9.0000000000e+00 -9.5000000000e+00 8.0000000000e+00
3.6904148899e-03 -1.1500000000e+01 -7.5000000000e+00 1.0500000000e+01
3.2118007363e-03 -1.1000000000e+01 -7.5000000000e+00 1.0500000000e+01
3.2521628757e-03 -1.2000000000e+01 -7.5000000000e+00 1.0500000000e+01
2.1257596822e-03 -1.0500000000e+01 -7.5000000000e+00 1.0500000000e+01
2.1933954182e-03 -1.2500000000e+01 -7.5000000000e+00 1.0500000000e+01
1.0673755451e-03 -1.0000000000e+01 -7.5000000000e+00 1.0500000000e+01
1.1315549993e-03 -1.3000000000e+01 -7.5000000000e+00 1.0500000000e+01
4.0287284131e-04 -9.5000000000e+00 -7.5000000000e+00 1.0500000000e+01
4.4300605833e-04 -1.3500000000e+01 -7.5000000000e+00 1.0500000000e+01
1.1298245927e-04 -9.0000000000e+00 -7.5000000000e+00 1.0500000000e+01
1.9253941829e-04 -9.0000000000e+00 -8.0000000000e+00 1.0500000000e+01
2.5030231427e-04 -9.0000000000e+00 -8.5000000000e+00 1.0500000000e+01
2.5940948115e-04 -9.0000000000e+00 -9.0000000000e+00 1.0500000000e+01
2.3173337106e-04 -9.0000000000e+00 -9.5000000000e+00 1.0500000000e+01
1.4883094533e-04 -9.0000000000e+00 -1.0000000000e+01 1.0500000000e+01
7.4148907286e-05 -9.0000000000e+00 -1.0500000000e+01 1.0500000000e+01
1.3021755183e-03 -1.1500000000e+01 -7.5000000000e+00 8.5000000000e+00
1.2241260454e-03 -1.1000000000e+01 -7.5000000000e+00 8.5000000000e+00
1.0503225019e-03 -1.2000000000e+01 -7.5000000000e+00 8.5000000000e+00
8.8800116465e-04 -1.0500000000e+01 -7.5000000000e+00 8.5000000000e+00
6.4954288637e-04 -1.2500000000e+01 -7.5000000000e+00 8.5000000000e+00
4.8696667432e-04 -1.0000000000e+01 -7.5000000000e+00 8.5000000000e+00
3.0583034451e-04 -1.3000000000e+01 -7.5000000000e+00 8.5000000000e+00
2.0113437795e-04 -9.5000000000e+00 -7.5000000000e+00 8.5000000000e+00
1.0784936426e-04 -1.3500000000e+01 -7.5000000000e+00 8.5000000000e+00
1.2786021332e-04 -1.4000000000e+01 -7.5000000000e+00 1.0500000000e+01
6.1963622990e-05 -9.0000000000e+00 -7.5000000000e+00 8.5000000000e+00
1.0778728911e-04 -9.0000000000e+00 -8.0000000000e+00 8.5000000000e+00
1.4111138221e-04 -9.0000000000e+00 -8.5000000000e+00 8.5000000000e+00
1.4512928660e-04 -9.0000000000e+00 -9.0000000000e+00 8.5000000000e+00
1.2758535649e-04 -9.0000000000e+00 -9.5000000000e+00 8.5000000000e+00
8.1030459812e-05 -9.0000000000e+00 -1.0000000000e+01 8.5000000000e+00
4.0108630873e-03 -1.1500000000e+01 -7.5000000000e+00 1.0000000000e+01
3.5586729661e-03 -1.1000000000e+01 -7.5000000000e+00 1.0000000000e+01
3.4644554878e-03 -1.2000000000e+01 -7.5000000000e+00 1.0000000000e+01
2.4121005755e-03 -1.0500000000e+01 -7.5000000000e+00 1.0000000000e+01
2.2959805845e-03 -1.2500000000e+01 -7.5000000000e+00 1.0000000000e+01
1.2425806834e-03 -1.0000000000e+01 -7.5000000000e+00 1.0000000000e+01
1.1641122641e-03 -1.3000000000e+01 -7.5000000000e+00 1.0000000000e+01
4.8234874741e-04 -9.5000000000e+00 -7.5000000000e+00 1.0000000000e+01
4.4804389441e-04 -1.3500000000e+01 -7.5000000000e+00 1.0000000000e+01
1.3969281104e-04 -9.0000000000e+00 -7.5000000000e+00 1.0000000000e+01
2.3779880480e-04 -9.0000000000e+00 -8.0000000000e+00 1.0000000000e+01
3.0836022588e-04 -9.0000000000e+00 -8.5000000000e+00 1.0000000000e+01
3.1838066119e-04 -9.0000000000e+00 -9.0000000000e+00 1.0000000000e+01
2.8263205118e-04 -9.0000000000e+00 -9.5000000000e+00 1.0000000000e+01
1.8086746367e-04 -9.0000000000e+00 -1.0000000000e+01 1.0000000000e+01
8.9219616579e-05 -9.0000000000e+00 -1.0500000000e+01 1.0000000000e+01
2.4304124651e-03 -1.1500000000e+01 -7.5000000000e+00 9.0000000000e+00
2.2451411546e-03 -1.1000000000e+01 -7.5000000000e+00 9.0000000000e+00
2.0044164918e-03 -1.2000000000e+01 -7.5000000000e+00 9.0000000000e+00
1.5921374673e-03 -1.0500000000e+01 -7.5000000000e+00 9.0000000000e+00
1.2677374632e-03 -1.2500000000e+01 -7.5000000000e+00 9.0000000000e+00
8.5599581938e-04 -1.0000000000e+01 -7.5000000000e+00 9.0000000000e+00
6.1156890765e-04 -1.3000000000e+01 -7.5000000000e+00 9.0000000000e+00
3.4652827078e-04 -9.5000000000e+00 -7.5000000000e+00 9.0000000000e+00
2.2301251152e-04 -1.3500000000e+01 -7.5000000000e+00 9.0000000000e+00
1.2680543277e-04 -1.4000000000e+01 -7.5000000000e+00 1.0000000000e+01
1.0464311965e-04 -9.0000000000e+00 -7.5000000000e+00 9.0000000000e+00
1.8067740706e-04 -9.0000000000e+00 -8.0000000000e+00 9.0000000000e+00
2.3600462501e-04 -9.0000000000e+00 -8.5000000000e+00 9.0000000000e+00
2.4315133317e-04 -9.0000000000e+00 -9.0000000000e+00 9.0000000000e+00
2.1495641776e-04 -9.0000000000e+00 -9.5000000000e+00 9.0000000000e+00
1.3707348937e-04 -9.0000000000e+00 -1.0000000000e+01 9.0000000000e+00
6.6652194645e-05 -9.0000000000e+00 -1.0500000000e+01 9.0000000000e+00
3.6001347189e-03 -1.1500000000e+01 -7.5000000000e+00 9.5000000000e+00
3.2601371662e-03 -1.1000000000e+01 -7.5000000000e+00 9.5000000000e+00
3.0327434577e-03 -1.2000000000e+01 -7.5000000000e+00 9.5000000000e+00
2.2582835579e-03 -1.0500000000e+01 -7.5000000000e+00 9.5000000000e+00
1.9604886734e-03 -1.2500000000e+01 -7.5000000000e+00 9.5000000000e+00
1.1862852300e-03 -1.0000000000e+01 -7.5000000000e+00 9.5000000000e+00
9.6793810686e-04 -1.3000000000e+01 -7.5000000000e+00 9.5000000000e+00
4.6913057357e-04 -9.5000000000e+00 -7.5000000000e+00 9.5000000000e+00
3.6236538568e-04 -1.3500000000e+01 -7.5000000000e+00 9.5000000000e+00
1.3836985916e-04 -9.0000000000e+00 -7.5000000000e+00 9.5000000000e+00
2.3781997082e-04 -9.0000000000e+00 -8.0000000000e+00 9.5000000000e+00
3.1108828202e-04 -9.0000000000e+00 -8.5000000000e+00 9.5000000000e+00
3.2169455415e-04 -9.0000000000e+00 -9.0000000000e+00 9.5000000000e+00
2.8695904556e-04 -9.0000000000e+00 -9.5000000000e+00 9.5000000000e+00
1.8439106104e-04 -9.0000000000e+00 -1.0000000000e+01 9.5000000000e+00
9.0990631934e-05 -9.0000000000e+00 -1.0500000000e+01 9.5000000000e+00
9.9333983163e-05 -1.4000000000e+01 -7.5000000000e+00 9.5000000000e+00
5.8941092643e-05 -1.4000000000e+01 -7.5000000000e+00 9.0000000000e+00
1.3332319945e-04 -1.1500000000e+01 -1.0000000000e+01 1.2500000000e+01
6.1168260439e-05 -1.1500000000e+01 -1.0500000000e+01 1.2500000000e+01
2.3400292473e-04 -1.1500000000e+01 -9.5000000000e+00 1.2500000000e+01
1.9599738402e-04 -1.1000000000e+01 -9.5000000000e+00 1.2500000000e+01
1.1230783846e-04 -1.1000000000e+01 -1.0000000000e+01 1.2500000000e+01
5.1722127111e-05 -1.1000000000e+01 -1.0500000000e+01 1.2500000000e+01
2.1256272600e-04 -1.2000000000e+01 -9.5000000000e+00 1.2500000000e+01
1.1975435581e-04 -1.2000000000e+01 -1.0000000000e+01 1.2500000000e+01
5.4435816865e-05 -1.2000000000e+01 -1.0500000000e+01 1.2500000000e+01
1.4743039088e-04 -1.2500000000e+01 -9.5000000000e+00 1.2500000000e+01
3.2301048585e-04 -1.1500000000e+01 -9.0000000000e+00 1.2500000000e+01
2.6584663278e-04 -1.1000000000e+01 -9.0000000000e+00 1.2500000000e+01
3.0101508951e-04 -1.2000000000e+01 -9.0000000000e+00 1.2500000000e+01
1.6443047910e-04 -1.0500000000e+01 -9.0000000000e+00 1.2500000000e+01
1.2391930127e-04 -1.0500000000e+01 -9.5000000000e+00 1.2500000000e+01
7.2156676372e-05 -1.0500000000e+01 -1.0000000000e+01 1.2500000000e+01
2.1284210287e-04 -1.2500000000e+01 -9.0000000000e+00 1.2500000000e+01
8.3303591706e-05 -1.2500000000e+01 -1.0000000000e+01 1.2500000000e+01
1.1586400385e-04 -1.3000000000e+01 -9.0000000000e+00 1.2500000000e+01
7.9219935887e-05 -1.3000000000e+01 -9.5000000000e+00 1.2500000000e+01
3.3451520917e-04 -1.1500000000e+01 -8.5000000000e+00 1.2500000000e+01
2.7286981889e-04 -1.1000000000e+01 -8.5000000000e+00 1.2500000000e+01
3.1613007107e-04 -1.2000000000e+01 -8.5000000000e+00 1.2500000000e+01
1.6723110928e-04 -1.0500000000e+01 -8.5000000000e+00 1.2500000000e+01
2.2697845873e-04 -1.2500000000e+01 -8.5000000000e+00 1.2500000000e+01
7.7610447160e-05 -1.0000000000e+01 -8.5000000000e+00 1.2500000000e+01
7.7029050302e-05 -1.0000000000e+01 -9.0000000000e+00 1.2500000000e+01
5.9571047706e-05 -1.0000000000e+01 -9.5000000000e+00 1.2500000000e+01
1.2681679296e-04 -1.3000000000e+01 -8.5000000000e+00 1.2500000000e+01
4.6008283207e-05 -1.3000000000e+01 -1.0000000000e+01 1.2500000000e+01
5.6500718326e-05 -1.3500000000e+01 -8.5000000000e+00 1.2500000000e+01
5.1658277650e-05 -1.3500000000e+01 -9.0000000000e+00 1.2500000000e+01
2.9967015802e-04 -1.1500000000e+01 -8.0000000000e+00 1.2500000000e+01
2.4166936982e-04 -1.1000000000e+01 -8.0000000000e+00 1.2500000000e+01
2.8914617568e-04 -1.2000000000e+01 -8.0000000000e+00 1.2500000000e+01
1.4615215195e-04 -1.0500000000e+01 -8.0000000000e+00 1.2500000000e+01
2.1086356953e-04 -1.2500000000e+01 -8.0000000000e+00 1.2500000000e+01
6.7100644644e-05 -1.0000000000e+01 -8.0000000000e+00 1.2500000000e+01
1.1925290324e-04 -1.3000000000e+01 -8.0000000000e+00 1.2500000000e+01
5.3618452299e-05 -1.3500000000e+01 -8.0000000000e+00 1.2500000000e+01
2.0742875576e-04 -1.1500000000e+01 -7.5000000000e+00 1.2500000000e+01
1.6419522128e-04 -1.1000000000e+01 -7.5000000000e+00 1.2500000000e+01
2.0572372237e-04 -1.2000000000e+01 -7.5000000000e+00 1.2500000000e+01
9.7068136629e-05 -1.0500000000e+01 -7.5000000000e+00 1.2500000000e+01
1.5370843628e-04 -1.2500000000e+01 -7.5000000000e+00 1.2500000000e+01
4.3751916454e-05 -1.0000000000e+01 -7.5000000000e+00 1.2500000000e+01
8.8878488699e-05 -1.3000000000e+01 -7.5000000000e+00 1.2500000000e+01
4.0859889014e-05 -1.3500000000e+01 -7.5000000000e+00 1.2500000000e+01
1.1096448286e-04 -1.1500000000e+01 -7.0000000000e+00 1.2500000000e+01
8.6126950352e-05 -1.1000000000e+01 -7.0000000000e+00 1.2500000000e+01
1.1301048291e-04 -1.2000000000e+01 -7.0000000000e+00 1.2500000000e+01
5.1935011607e-05 -1.0500000000e+01 -7.0000000000e+00 1.2500000000e+01
8.7361613231e-05 -1.2500000000e+01 -7.0000000000e+00 1.2500000000e+01
5.4857112693e-05 -1.3000000000e+01 -7.0000000000e+00 1.2500000000e+01
3.2188451645e-04 -1.1500000000e+01 -7.0000000000e+00 1.2000000000e+01
2.5621611665e-04 -1.1000000000e+01 -7.0000000000e+00 1.2000000000e+01
3.1739986802e-04 -1.2000000000e+01 -7.0000000000e+00 1.2000000000e+01
1.5353429624e-04 -1.0500000000e+01 -7.0000000000e+00 1.2000000000e+01
2.3638895499e-04 -1.2500000000e+01 -7.0000000000e+00 1.2000000000e+01
7.0650694874e-05 -1.0000000000e+01 -7.0000000000e+00 1.2000000000e+01
1.3641660249e-04 -1.3000000000e+01 -7.0000000000e+00 1.2000000000e+01
6.2018355348e-05 -1.3500000000e+01 -7.0000000000e+00 1.2000000000e+01
7.2929539249e-04 -1.1500000000e+01 -7.0000000000e+00 1.1500000000e+01
5.9572423156e-04 -1.1000000000e+01 -7.0000000000e+00 1.1500000000e+01
6.9617088208e-04 -1.2000000000e+01 -7.0000000000e+00 1.1500000000e+01
3.6730717472e-04 -1.0500000000e+01 -7.0000000000e+00 1.1500000000e+01
5.0434593102e-04 -1.2500000000e+01 -7.0000000000e+00 1.1500000000e+01
1.7286614284e-04 -1.0000000000e+01 -7.0000000000e+00 1.1500000000e+01
2.8077594822e-04 -1.3000000000e+01 -7.0000000000e+00 1.1500000000e+01
6.1912008791e-05 -9.5000000000e+00 -7.0000000000e+00 1.1500000000e+01
1.2141974126e-04 -1.3500000000e+01 -7.0000000000e+00 1.1500000000e+01
4.5918210415e-05 -1.4000000000e+01 -7.0000000000e+00 1.1500000000e+01
8.3324696549e-05 -1.1500000000e+01 -7.0000000000e+00 7.5000000000e+00
8.0772236036e-05 -1.1000000000e+01 -7.0000000000e+00 7.5000000000e+00
6.5595992240e-05 -1.2000000000e+01 -7.0000000000e+00 7.5000000000e+00
6.0729499400e-05 -1.0500000000e+01 -7.0000000000e+00 7.5000000000e+00
4.6488731141e-05 -1.2500000000e+01 -7.0000000000e+00 7.5000000000e+00
1.2924680995e-03 -1.1500000000e+01 -7.0000000000e+00 1.1000000000e+01
1.0819914051e-03 -1.1000000000e+01 -7.0000000000e+00 1.1000000000e+01
1.1965528281e-03 -1.2000000000e+01 -7.0000000000e+00 1.1000000000e+01
6.8615644245e-04 -1.0500000000e+01 -7.0000000000e+00 1.1000000000e+01
8.4563394586e-04 -1.2500000000e+01 -7.0000000000e+00 1.1000000000e+01
3.3163668219e-04 -1.0000000000e+01 -7.0000000000e+00 1.1000000000e+01
4.5867583040e-04 -1.3000000000e+01 -7.0000000000e+00 1.1000000000e+01
1.2113416867e-04 -9.5000000000e+00 -7.0000000000e+00 1.1000000000e+01
1.9086800553e-04 -1.3500000000e+01 -7.0000000000e+00 1.1000000000e+01
6.3473417018e-05 -1.4000000000e+01 -7.0000000000e+00 1.1000000000e+01
2.5167284465e-04 -1.1500000000e+01 -7.0000000000e+00 8.0000000000e+00
2.3881300203e-04 -1.1000000000e+01 -7.0000000000e+00 8.0000000000e+00
2.0178523834e-04 -1.2000000000e+01 -7.0000000000e+00 8.0000000000e+00
1.7593927470e-04 -1.0500000000e+01 -7.0000000000e+00 8.0000000000e+00
1.2617107463e-04 -1.2500000000e+01 -7.0000000000e+00 8.0000000000e+00
9.9005293504e-05 -1.0000000000e+01 -7.0000000000e+00 8.0000000000e+00
6.1069636560e-05 -1.3000000000e+01 -7.0000000000e+00 8.0000000000e+00
4.2403253408e-05 -9.5000000000e+00 -7.0000000000e+00 8.0000000000e+00
1.7959286747e-03 -1.1500000000e+01 -7.0000000000e+00 1.0500000000e+01
1.5413741281e-03 -1.1000000000e+01 -7.0000000000e+00 1.0500000000e+01
1.6109942146e-03 -1.2000000000e+01 -7.0000000000e+00 1.0500000000e+01
1.0066045172e-03 -1.0500000000e+01 -7.0000000000e+00 1.0500000000e+01
1.1063271236e-03 -1.2500000000e+01 -7.0000000000e+00 1.0500000000e+01
4.9979705093e-04 -1.0000000000e+01 -7.0000000000e+00 1.0500000000e+01
5.8202246842e-04 -1.3000000000e+01 -7.0000000000e+00 1.0500000000e+01
1.8722496142e-04 -9.5000000000e+00 -7.0000000000e+00 1.0500000000e+01
2.3508622652e-04 -1.3500000000e+01 -7.0000000000e+00 1.0500000000e+01
5.3250453934e-05 -9.0000000000e+00 -7.0000000000e+00 1.0500000000e+01
7.6156075414e-05 -1.4000000000e+01 -7.0000000000e+00 1.0500000000e+01
4.1977709520e-05 -8.5000000000e+00 -8.0000000000e+00 1.0500000000e+01
5.5339622443e-05 -8.5000000000e+00 -8.5000000000e+00 1.0500000000e+01
5.7226820274e-05 -8.5000000000e+00 -9.0000000000e+00 1.0500000000e+01
4.9624992868e-05 -8.5000000000e+00 -9.5000000000e+00 1.0500000000e+01
6.0830534823e-04 -1.1500000000e+01 -7.0000000000e+00 8.5000000000e+00
5.6650666185e-04 -1.1000000000e+01 -7.0000000000e+00 8.5000000000e+00
4.9721004028e-04 -1.2000000000e+01 -7.0000000000e+00 8.5000000000e+00
4.0676332717e-04 -1.0500000000e+01 -7.0000000000e+00 8.5000000000e+00
3.1214824091e-04 -1.2500000000e+01 -7.0000000000e+00 8.5000000000e+00
2.2168639905e-04 -1.0000000000e+01 -7.0000000000e+00 8.5000000000e+00
1.5189767520e-04 -1.3000000000e+01 -7.0000000000e+00 8.5000000000e+00
9.2238955076e-05 -9.5000000000e+00 -7.0000000000e+00 8.5000000000e+00
6.1851070800e-05 -1.3500000000e+01 -7.0000000000e+00 8.5000000000e+00
1.9399478536e-03 -1.1500000000e+01 -7.0000000000e+00 1.0000000000e+01
1.7003993188e-03 -1.1000000000e+01 -7.0000000000e+00 1.0000000000e+01
1.7012444438e-03 -1.2000000000e+01 -7.0000000000e+00 1.0000000000e+01
1.1387272142e-03 -1.0500000000e+01 -7.0000000000e+00 1.0000000000e+01
1.1453624352e-03 -1.2500000000e+01 -7.0000000000e+00 1.0000000000e+01
5.8086417014e-04 -1.0000000000e+01 -7.0000000000e+00 1.0000000000e+01
5.9114663091e-04 -1.3000000000e+01 -7.0000000000e+00 1.0000000000e+01
2.2355109208e-04 -9.5000000000e+00 -7.0000000000e+00 1.0000000000e+01
2.3458706498e-04 -1.3500000000e+01 -7.0000000000e+00 1.0000000000e+01
6.4687393712e-05 -9.0000000000e+00 -7.0000000000e+00 1.0000000000e+01
7.4818763573e-05 -1.4000000000e+01 -7.0000000000e+00 1.0000000000e+01
5.3473502748e-05 -8.5000000000e+00 -8.0000000000e+00 1.0000000000e+01
7.0327757351e-05 -8.5000000000e+00 -8.5000000000e+00 1.0000000000e+01
7.2432548081e-05 -8.5000000000e+00 -9.0000000000e+00 1.0000000000e+01
6.2264561659e-05 -8.5000000000e+00 -9.5000000000e+00 1.0000000000e+01
1.1476783132e-03 -1.1500000000e+01 -7.0000000000e+00 9.0000000000e+00
1.0485853105e-03 -1.1000000000e+01 -7.0000000000e+00 9.0000000000e+00
9.5859144014e-04 -1.2000000000e+01 -7.0000000000e+00 9.0000000000e+00
7.3576734279e-04 -1.0500000000e+01 -7.0000000000e+00 9.0000000000e+00
6.1468685587e-04 -1.2500000000e+01 -7.0000000000e+00 9.0000000000e+00
3.9221371271e-04 -1.0000000000e+01 -7.0000000000e+00 9.0000000000e+00
3.0229939771e-04 -1.3000000000e+01 -7.0000000000e+00 9.0000000000e+00
1.5848195500e-04 -9.5000000000e+00 -7.0000000000e+00 9.0000000000e+00
1.1644258801e-04 -1.3500000000e+01 -7.0000000000e+00 9.0000000000e+00
4.8997609682e-05 -9.0000000000e+00 -7.0000000000e+00 9.0000000000e+00
4.0925812003e-05 -1.4000000000e+01 -7.0000000000e+00 9.0000000000e+00
4.2374527325e-05 -8.5000000000e+00 -8.0000000000e+00 9.0000000000e+00
5.6118502616e-05 -8.5000000000e+00 -8.5000000000e+00 9.0000000000e+00
5.7642790262e-05 -8.5000000000e+00 -9.0000000000e+00 9.0000000000e+00
4.9193037449e-05 -8.5000000000e+00 -9.5000000000e+00 9.0000000000e+00
1.7089663295e-03 -1.1500000000e+01 -7.0000000000e+00 9.5000000000e+00
1.5300189475e-03 -1.1000000000e+01 -7.0000000000e+00 9.5000000000e+00
1.4620105595e-03 -1.2000000000e+01 -7.0000000000e+00 9.5000000000e+00
1.0487315208e-03 -1.0500000000e+01 -7.0000000000e+00 9.5000000000e+00
9.5919543635e-04 -1.2500000000e+01 -7.0000000000e+00 9.5000000000e+00
5.4605098104e-04 -1.0000000000e+01 -7.0000000000e+00 9.5000000000e+00
4.8227258408e-04 -1.3000000000e+01 -7.0000000000e+00 9.5000000000e+00
2.1465404559e-04 -9.5000000000e+00 -7.0000000000e+00 9.5000000000e+00
1.8638206278e-04 -1.3500000000e+01 -7.0000000000e+00 9.5000000000e+00
6.3492938837e-05 -9.0000000000e+00 -7.0000000000e+00 9.5000000000e+00
5.8856888668e-05 -1.4000000000e+01 -7.0000000000e+00 9.5000000000e+00
5.4377015980e-05 -8.5000000000e+00 -8.0000000000e+00 9.5000000000e+00
7.2078271462e-05 -8.5000000000e+00 -8.5000000000e+00 9.5000000000e+00
7.4303087140e-05 -8.5000000000e+00 -9.0000000000e+00 9.5000000000e+00
6.4023769166e-05 -8.5000000000e+00 -9.5000000000e+00 9.5000000000e+00
4.3104046985e-05 -1.2000000000e+01 -8.5000000000e+00 1.3000000000e+01
4.4798809519e-05 -1.2000000000e+01 -8.0000000000e+00 1.3000000000e+01
5.0053249606e-05 -1.2000000000e+01 -6.5000000000e+00 1.2500000000e+01
4.0371881315e-05 -1.2500000000e+01 -6.5000000000e+00 1.2500000000e+01
4.7451207321e-05 -1.1500000000e+01 -6.5000000000e+00 1.2500000000e+01
1.2729175722e-04 -1.2000000000e+01 -6.5000000000e+00 1.2000000000e+01
9.8836232475e-05 -1.2500000000e+01 -6.5000000000e+00 1.2000000000e+01
5.9302103587e-05 -1.3000000000e+01 -6.5000000000e+00 1.2000000000e+01
5.8221416154e-05 -1.0500000000e+01 -6.5000000000e+00 1.2000000000e+01
9.8930779288e-05 -1.1000000000e+01 -6.5000000000e+00 1.2000000000e+01
1.2533852543e-04 -1.1500000000e+01 -6.5000000000e+00 1.2000000000e+01
2.7115365584e-04 -1.2000000000e+01 -6.5000000000e+00 1.1500000000e+01
2.0161673945e-04 -1.2500000000e+01 -6.5000000000e+00 1.1500000000e+01
5.4068775889e-05 -1.3500000000e+01 -6.5000000000e+00 1.1500000000e+01
6.2921828641e-05 -1.0000000000e+01 -6.5000000000e+00 1.1500000000e+01
1.1789001627e-04 -1.3000000000e+01 -6.5000000000e+00 1.1500000000e+01
1.3470003842e-04 -1.0500000000e+01 -6.5000000000e+00 1.1500000000e+01
2.2183540826e-04 -1.1000000000e+01 -6.5000000000e+00 1.1500000000e+01
2.7537519365e-04 -1.1500000000e+01 -6.5000000000e+00 1.1500000000e+01
4.2556493120e-05 -1.1500000000e+01 -8.0000000000e+00 1.3000000000e+01
4.5371878636e-04 -1.2000000000e+01 -6.5000000000e+00 1.1000000000e+01
3.2814728224e-04 -1.2500000000e+01 -6.5000000000e+00 1.1000000000e+01
1.8516195829e-04 -1.3000000000e+01 -6.5000000000e+00 1.1000000000e+01
8.6467758804e-05 -1.3500000000e+01 -6.5000000000e+00 1.1000000000e+01
4.3883368171e-05 -9.5000000000e+00 -6.5000000000e+00 1.1000000000e+01
1.1787469272e-04 -1.0000000000e+01 -6.5000000000e+00 1.1000000000e+01
7.0117332288e-05 -1.2000000000e+01 -6.5000000000e+00 8.0000000000e+00
8.5345702278e-05 -1.1500000000e+01 -6.5000000000e+00 8.0000000000e+00
4.6791002705e-05 -1.2500000000e+01 -6.5000000000e+00 8.0000000000e+00
5.7312977418e-05 -1.0500000000e+01 -6.5000000000e+00 8.0000000000e+00
7.9581161611e-05 -1.1000000000e+01 -6.5000000000e+00 8.0000000000e+00
2.4708294380e-04 -1.0500000000e+01 -6.5000000000e+00 1.1000000000e+01
3.9382567412e-04 -1.1000000000e+01 -6.5000000000e+00 1.1000000000e+01
4.7822612361e-04 -1.1500000000e+01 -6.5000000000e+00 1.1000000000e+01
5.9899027032e-04 -1.2000000000e+01 -6.5000000000e+00 1.0500000000e+01
6.5310354286e-04 -1.1500000000e+01 -6.5000000000e+00 1.0500000000e+01
4.2076696538e-04 -1.2500000000e+01 -6.5000000000e+00 1.0500000000e+01
2.3022904539e-04 -1.3000000000e+01 -6.5000000000e+00 1.0500000000e+01
1.0418352288e-04 -1.3500000000e+01 -6.5000000000e+00 1.0500000000e+01
6.5527251123e-05 -9.5000000000e+00 -6.5000000000e+00 1.0500000000e+01
1.7472911600e-04 -1.0000000000e+01 -6.5000000000e+00 1.0500000000e+01
1.7088735544e-04 -1.2000000000e+01 -6.5000000000e+00 8.5000000000e+00
2.0437019490e-04 -1.1500000000e+01 -6.5000000000e+00 8.5000000000e+00
1.1209531603e-04 -1.2500000000e+01 -6.5000000000e+00 8.5000000000e+00
5.6900908837e-05 -1.3000000000e+01 -6.5000000000e+00 8.5000000000e+00
7.2471363614e-05 -1.0000000000e+01 -6.5000000000e+00 8.5000000000e+00
6.2300434171e-04 -1.2000000000e+01 -6.5000000000e+00 1.0000000000e+01
6.9581803776e-04 -1.1500000000e+01 -6.5000000000e+00 1.0000000000e+01
4.2852962497e-04 -1.2500000000e+01 -6.5000000000e+00 1.0000000000e+01
2.2985556733e-04 -1.3000000000e+01 -6.5000000000e+00 1.0000000000e+01
1.0175149647e-04 -1.3500000000e+01 -6.5000000000e+00 1.0000000000e+01
7.7608711705e-05 -9.5000000000e+00 -6.5000000000e+00 1.0000000000e+01
1.9919097066e-04 -1.0000000000e+01 -6.5000000000e+00 1.0000000000e+01
3.9599203959e-04 -1.0500000000e+01 -6.5000000000e+00 1.0000000000e+01
6.0059009218e-04 -1.1000000000e+01 -6.5000000000e+00 1.0000000000e+01
1.3262801079e-04 -1.0500000000e+01 -6.5000000000e+00 8.5000000000e+00
3.3369160330e-04 -1.2000000000e+01 -6.5000000000e+00 9.0000000000e+00
2.2199798831e-04 -1.2500000000e+01 -6.5000000000e+00 9.0000000000e+00
1.1407147534e-04 -1.3000000000e+01 -6.5000000000e+00 9.0000000000e+00
5.1504986154e-05 -1.3500000000e+01 -6.5000000000e+00 9.0000000000e+00
5.2295858754e-05 -9.5000000000e+00 -6.5000000000e+00 9.0000000000e+00
1.2985423396e-04 -1.0000000000e+01 -6.5000000000e+00 9.0000000000e+00
2.4345049982e-04 -1.0500000000e+01 -6.5000000000e+00 9.0000000000e+00
5.1807470973e-04 -1.2000000000e+01 -6.5000000000e+00 9.5000000000e+00
3.4870383845e-04 -1.2500000000e+01 -6.5000000000e+00 9.5000000000e+00
1.8272891564e-04 -1.3000000000e+01 -6.5000000000e+00 9.5000000000e+00
7.7951211424e-05 -1.3500000000e+01 -6.5000000000e+00 9.5000000000e+00
5.5597505800e-05 -1.2500000000e+01 -6.0000000000e+00 1.1500000000e+01
5.3029676358e-05 -1.1000000000e+01 -6.0000000000e+00 1.1500000000e+01
7.2135323177e-05 -1.2000000000e+01 -6.0000000000e+00 1.1500000000e+01
7.0546156817e-05 -1.1500000000e+01 -6.0000000000e+00 1.1500000000e+01
1.1651909498e-04 -1.2000000000e+01 -6.0000000000e+00 1.1000000000e+01
1.1606444950e-04 -1.1500000000e+01 -6.0000000000e+00 1.1000000000e+01
5.3270381308e-05 -1.3000000000e+01 -6.0000000000e+00 1.1000000000e+01
5.2384874588e-05 -1.0500000000e+01 -6.0000000000e+00 1.1000000000e+01
8.7510139533e-05 -1.2500000000e+01 -6.0000000000e+00 1.1000000000e+01
6.1893918722e-05 -1.3000000000e+01 -6.0000000000e+00 1.0500000000e+01
7.3737605104e-05 -1.0500000000e+01 -6.0000000000e+00 1.0500000000e+01
5.6111472722e-05 -1.3000000000e+01 -6.0000000000e+00 1.0000000000e+01
7.7385410154e-05 -1.0500000000e+01 -6.0000000000e+00 1.0000000000e+01
4.0832481489e-05 -1.2500000000e+01 -6.0000000000e+00 9.0000000000e+00
6.1846247589e-05 -1.1000000000e+01 -6.0000000000e+00 9.0000000000e+00
4.1438058729e-05 -1.0500000000e+01 -6.0000000000e+00 9.0000000000e+00
1.1319467202e-04 -1.1500000000e+01 -6.0000000000e+00 9.5000000000e+00
9.6487464712e-05 -1.1000000000e+01 -6.0000000000e+00 9.5000000000e+00
6.3099194412e-05 -1.0500000000e+01 -6.0000000000e+00 9.5000000000e+00
7.6803837294e-05 -1.2500000000e+01 -6.0000000000e+00 9.5000000000e+00
1.0337168534e-04 -1.2000000000e+01 -6.0000000000e+00 9.5000000000e+00
6.2602458022e-05 -1.2000000000e+01 -6.0000000000e+00 9.0000000000e+00
7.1175993153e-05 -1.1500000000e+01 -6.0000000000e+00 9.0000000000e+00
9.9164724760e-05 -1.2500000000e+01 -6.0000000000e+00 1.0000000000e+01
1.2195527343e-04 -1.1000000000e+01 -6.0000000000e+00 1.0000000000e+01
1.3829575403e-04 -1.2000000000e+01 -6.0000000000e+00 1.0000000000e+01
1.4665672196e-04 -1.1500000000e+01 -6.0000000000e+00 1.0000000000e+01
1.0514240159e-04 -1.2500000000e+01 -6.0000000000e+00 1.0500000000e+01
1.1945721348e-04 -1.1000000000e+01 -6.0000000000e+00 1.0500000000e+01
1.4313159408e-04 -1.2000000000e+01 -6.0000000000e+00 1.0500000000e+01
1.4692097046e-04 -1.1500000000e+01 -6.0000000000e+00 1.0500000000e+01
9.1533761203e-05 -1.1000000000e+01 -6.0000000000e+00 1.1000000000e+01
7.2875153092e-05 -9.5000000000e+00 -6.5000000000e+00 9.5000000000e+00
1.8438605427e-04 -1.0000000000e+01 -6.5000000000e+00 9.5000000000e+00
3.5368564187e-04 -1.0500000000e+01 -6.5000000000e+00 9.5000000000e+00
5.2374092494e-04 -1.1000000000e+01 -6.5000000000e+00 9.5000000000e+00
5.9373332432e-04 -1.1500000000e+01 -6.5000000000e+00 9.5000000000e+00
3.5200190805e-04 -1.1000000000e+01 -6.5000000000e+00 9.0000000000e+00
3.9073797271e-04 -1.1500000000e+01 -6.5000000000e+00 9.0000000000e+00
1.8768745922e-04 -1.1000000000e+01 -6.5000000000e+00 8.5000000000e+00
3.5388744872e-04 -1.0500000000e+01 -6.5000000000e+00 1.0500000000e+01
5.5153726199e-04 -1.1000000000e+01 -6.5000000000e+00 1.0500000000e+01
4.1267666450e-05 -1.1500000000e+01 -8.5000000000e+00 1.3000000000e+01
4.0208813408e-05 -8.5000000000e+00 -1.0000000000e+01 9.5000000000e+00
