inf
4.1135966684e-04 -1.1500000000e+01 -1.0000000000e+01 9.5000000000e+00
1.8834040120e-04 -1.1500000000e+01 -1.0000000000e+01 9.0000000000e+00
7.5420623051e-05 -1.1500000000e+01 -1.0500000000e+01 9.5000000000e+00
9.1061650781e-05 -1.2000000000e+01 -1.0000000000e+01 9.0000000000e+00
6.3271178896e-04 -1.1500000000e+01 -1.0000000000e+01 1.0000000000e+01
1.3365280828e-04 -1.1500000000e+01 -1.0500000000e+01 1.0000000000e+01
2.2305231541e-04 -1.2000000000e+01 -1.0000000000e+01 9.5000000000e+00
1.8892981947e-03 -1.1500000000e+01 -9.5000000000e+00 1.0000000000e+01
1.9963418980e-03 -1.1000000000e+01 -9.5000000000e+00 1.0000000000e+01
7.1854643049e-04 -1.1000000000e+01 -1.0000000000e+01 1.0000000000e+01
1.6657694716e-04 -1.1000000000e+01 -1.0500000000e+01 1.0000000000e+01
6.9813119101e-04 -1.1500000000e+01 -9.5000000000e+00 9.0000000000e+00
1.2784119999e-03 -1.2000000000e+01 -9.5000000000e+00 1.0000000000e+01
8.5017880731e-04 -1.1000000000e+01 -9.5000000000e+00 9.0000000000e+00
2.6463886747e-04 -1.1000000000e+01 -1.0000000000e+01 9.0000000000e+00
5.0498582907e-05 -1.1000000000e+01 -1.0500000000e+01 9.0000000000e+00
1.3660456636e-03 -1.1500000000e+01 -9.5000000000e+00 9.5000000000e+00
1.5676226297e-03 -1.1000000000e+01 -9.5000000000e+00 9.5000000000e+00
5.2981151953e-04 -1.1000000000e+01 -1.0000000000e+01 9.5000000000e+00
1.1106948172e-04 -1.1000000000e+01 -1.0500000000e+01 9.5000000000e+00
6.7506921203e-05 -1.1500000000e+01 -1.0000000000e+01 8.5000000000e+00
8.4181274309e-04 -1.2000000000e+01 -9.5000000000e+00 9.5000000000e+00
4.0569462912e-04 -1.2000000000e+01 -9.5000000000e+00 9.0000000000e+00
3.9599645477e-04 -1.2000000000e+01 -1.0000000000e+01 1.0000000000e+01
7.6601418716e-05 -1.2000000000e+01 -1.0500000000e+01 1.0000000000e+01
2.9327485883e-04 -1.1500000000e+01 -9.5000000000e+00 8.5000000000e+00
3.8519274856e-04 -1.1000000000e+01 -9.5000000000e+00 8.5000000000e+00
1.1055176929e-04 -1.1000000000e+01 -1.0000000000e+01 8.5000000000e+00
1.5289250224e-04 -1.2000000000e+01 -9.5000000000e+00 8.5000000000e+00
5.0925570015e-05 -1.2500000000e+01 -9.5000000000e+00 8.5000000000e+00
6.3528859365e-04 -1.2500000000e+01 -9.5000000000e+00 1.0000000000e+01
1.7614276141e-04 -1.2500000000e+01 -1.0000000000e+01 1.0000000000e+01
1.6502941969e-04 -1.2500000000e+01 -9.5000000000e+00 9.0000000000e+00
3.7443229006e-04 -1.2500000000e+01 -9.5000000000e+00 9.5000000000e+00
6.1951834617e-04 -1.1500000000e+01 -1.0000000000e+01 1.0500000000e+01
1.3407872359e-04 -1.1500000000e+01 -1.0500000000e+01 1.0500000000e+01
1.8435816614e-03 -1.1500000000e+01 -9.5000000000e+00 1.0500000000e+01
1.9187616784e-03 -1.1000000000e+01 -9.5000000000e+00 1.0500000000e+01
6.8853422930e-04 -1.1000000000e+01 -1.0000000000e+01 1.0500000000e+01
1.6085822148e-04 -1.1000000000e+01 -1.0500000000e+01 1.0500000000e+01
1.2719286684e-03 -1.2000000000e+01 -9.5000000000e+00 1.0500000000e+01
3.9848636368e-04 -1.2000000000e+01 -1.0000000000e+01 1.0500000000e+01
7.9969067475e-05 -1.2000000000e+01 -1.0500000000e+01 1.0500000000e+01
8.0809250594e-05 -1.2500000000e+01 -1.0000000000e+01 9.5000000000e+00
6.4591476622e-04 -1.2500000000e+01 -9.5000000000e+00 1.0500000000e+01
3.9161009473e-03 -1.1500000000e+01 -9.0000000000e+00 1.0500000000e+01
3.9306682151e-03 -1.1000000000e+01 -9.0000000000e+00 1.0500000000e+01
2.8162809161e-03 -1.2000000000e+01 -9.0000000000e+00 1.0500000000e+01
3.0198177085e-03 -1.0500000000e+01 -9.0000000000e+00 1.0500000000e+01
1.5221432721e-03 -1.0500000000e+01 -9.5000000000e+00 1.0500000000e+01
5.6972403844e-04 -1.0500000000e+01 -1.0000000000e+01 1.0500000000e+01
1.3942834490e-04 -1.0500000000e+01 -1.0500000000e+01 1.0500000000e+01
7.2322109655e-04 -1.1500000000e+01 -9.0000000000e+00 8.5000000000e+00
8.6361863128e-04 -1.1000000000e+01 -9.0000000000e+00 8.5000000000e+00
4.2708614443e-04 -1.2000000000e+01 -9.0000000000e+00 8.5000000000e+00
1.5077381176e-03 -1.2500000000e+01 -9.0000000000e+00 1.0500000000e+01
7.8159694463e-04 -1.0500000000e+01 -9.0000000000e+00 8.5000000000e+00
3.6800551112e-04 -1.0500000000e+01 -9.5000000000e+00 8.5000000000e+00
1.1875686486e-04 -1.0500000000e+01 -1.0000000000e+01 8.5000000000e+00
4.0092754446e-03 -1.1500000000e+01 -9.0000000000e+00 1.0000000000e+01
4.0733206977e-03 -1.1000000000e+01 -9.0000000000e+00 1.0000000000e+01
2.8361394790e-03 -1.2000000000e+01 -9.0000000000e+00 1.0000000000e+01
3.1752596426e-03 -1.0500000000e+01 -9.0000000000e+00 1.0000000000e+01
1.6025451823e-03 -1.0500000000e+01 -9.5000000000e+00 1.0000000000e+01
6.0258871646e-04 -1.0500000000e+01 -1.0000000000e+01 1.0000000000e+01
1.4816266735e-04 -1.0500000000e+01 -1.0500000000e+01 1.0000000000e+01
1.6379588578e-03 -1.1500000000e+01 -9.0000000000e+00 9.0000000000e+00
1.8486330110e-03 -1.1000000000e+01 -9.0000000000e+00 9.0000000000e+00
1.0287872515e-03 -1.2000000000e+01 -9.0000000000e+00 9.0000000000e+00
1.4928752292e-03 -1.2500000000e+01 -9.0000000000e+00 1.0000000000e+01
1.6031167022e-03 -1.0500000000e+01 -9.0000000000e+00 9.0000000000e+00
7.7062007680e-04 -1.0500000000e+01 -9.5000000000e+00 9.0000000000e+00
2.6065504860e-04 -1.0500000000e+01 -1.0000000000e+01 9.0000000000e+00
5.5711766655e-05 -1.0500000000e+01 -1.0500000000e+01 9.0000000000e+00
3.0236209711e-03 -1.1500000000e+01 -9.0000000000e+00 9.5000000000e+00
3.2604773473e-03 -1.1000000000e+01 -9.0000000000e+00 9.5000000000e+00
1.9889555892e-03 -1.2000000000e+01 -9.0000000000e+00 9.5000000000e+00
2.7197607363e-03 -1.0500000000e+01 -9.0000000000e+00 9.5000000000e+00
1.3623758822e-03 -1.0500000000e+01 -9.5000000000e+00 9.5000000000e+00
4.9265681432e-04 -1.0500000000e+01 -1.0000000000e+01 9.5000000000e+00
1.1377887623e-04 -1.0500000000e+01 -1.0500000000e+01 9.5000000000e+00
7.1788906714e-05 -1.1500000000e+01 -9.5000000000e+00 8.0000000000e+00
1.1300435449e-04 -1.1000000000e+01 -9.5000000000e+00 8.0000000000e+00
9.6719460282e-04 -1.2500000000e+01 -9.0000000000e+00 9.5000000000e+00
4.7384536891e-04 -1.2500000000e+01 -9.0000000000e+00 9.0000000000e+00
1.7983727458e-04 -1.2500000000e+01 -9.0000000000e+00 8.5000000000e+00
1.8424866527e-04 -1.2500000000e+01 -1.0000000000e+01 1.0500000000e+01
2.1245570244e-04 -1.1500000000e+01 -9.0000000000e+00 8.0000000000e+00
2.8196693741e-04 -1.1000000000e+01 -9.0000000000e+00 8.0000000000e+00
1.1034644302e-04 -1.2000000000e+01 -9.0000000000e+00 8.0000000000e+00
2.7426738217e-04 -1.0500000000e+01 -9.0000000000e+00 8.0000000000e+00
1.2029644806e-04 -1.0500000000e+01 -9.5000000000e+00 8.0000000000e+00
5.9101404802e-04 -1.3000000000e+01 -9.0000000000e+00 1.0500000000e+01
2.3763020856e-04 -1.3000000000e+01 -9.5000000000e+00 1.0500000000e+01
6.0097014507e-05 -1.3000000000e+01 -1.0000000000e+01 1.0500000000e+01
5.0075147170e-05 -1.3000000000e+01 -9.0000000000e+00 8.5000000000e+00
5.7020586808e-04 -1.3000000000e+01 -9.0000000000e+00 1.0000000000e+01
2.2452006588e-04 -1.3000000000e+01 -9.5000000000e+00 1.0000000000e+01
5.2204390986e-05 -1.3000000000e+01 -1.0000000000e+01 1.0000000000e+01
1.5230431331e-04 -1.3000000000e+01 -9.0000000000e+00 9.0000000000e+00
4.2240436097e-05 -1.3000000000e+01 -9.5000000000e+00 9.0000000000e+00
3.3645330098e-04 -1.3000000000e+01 -9.0000000000e+00 9.5000000000e+00
1.1310180880e-04 -1.3000000000e+01 -9.5000000000e+00 9.5000000000e+00
5.4693656124e-04 -1.1500000000e+01 -1.0000000000e+01 1.1000000000e+01
1.1837773421e-04 -1.1500000000e+01 -1.0500000000e+01 1.1000000000e+01
1.6009434335e-03 -1.1500000000e+01 -9.5000000000e+00 1.1000000000e+01
1.6120693627e-03 -1.1000000000e+01 -9.5000000000e+00 1.1000000000e+01
5.8778470144e-04 -1.1000000000e+01 -1.0000000000e+01 1.1000000000e+01
1.3718130959e-04 -1.1000000000e+01 -1.0500000000e+01 1.1000000000e+01
1.1456392173e-03 -1.2000000000e+01 -9.5000000000e+00 1.1000000000e+01
3.6386038275e-04 -1.2000000000e+01 -1.0000000000e+01 1.1000000000e+01
7.4364266064e-05 -1.2000000000e+01 -1.0500000000e+01 1.1000000000e+01
6.0351099096e-04 -1.2500000000e+01 -9.5000000000e+00 1.1000000000e+01
3.3517353590e-03 -1.1500000000e+01 -9.0000000000e+00 1.1000000000e+01
3.2556964188e-03 -1.1000000000e+01 -9.0000000000e+00 1.1000000000e+01
2.5074691068e-03 -1.2000000000e+01 -9.0000000000e+00 1.1000000000e+01
2.3798638512e-03 -1.0500000000e+01 -9.0000000000e+00 1.1000000000e+01
1.2208737191e-03 -1.0500000000e+01 -9.5000000000e+00 1.1000000000e+01
4.6863642612e-04 -1.0500000000e+01 -1.0000000000e+01 1.1000000000e+01
1.1669869907e-04 -1.0500000000e+01 -1.0500000000e+01 1.1000000000e+01
1.3903099012e-03 -1.2500000000e+01 -9.0000000000e+00 1.1000000000e+01
1.7449760159e-04 -1.2500000000e+01 -1.0000000000e+01 1.1000000000e+01
5.5992815120e-04 -1.3000000000e+01 -9.0000000000e+00 1.1000000000e+01
2.2700463939e-04 -1.3000000000e+01 -9.5000000000e+00 1.1000000000e+01
5.3519026749e-03 -1.1500000000e+01 -8.5000000000e+00 1.1000000000e+01
5.0359557997e-03 -1.1000000000e+01 -8.5000000000e+00 1.1000000000e+01
4.1656851270e-03 -1.2000000000e+01 -8.5000000000e+00 1.1000000000e+01
3.5400975488e-03 -1.0500000000e+01 -8.5000000000e+00 1.1000000000e+01
2.4052044696e-03 -1.2500000000e+01 -8.5000000000e+00 1.1000000000e+01
1.8207514081e-03 -1.0000000000e+01 -8.5000000000e+00 1.1000000000e+01
1.2641407049e-03 -1.0000000000e+01 -9.0000000000e+00 1.1000000000e+01
6.6924280109e-04 -1.0000000000e+01 -9.5000000000e+00 1.1000000000e+01
2.6884898006e-04 -1.0000000000e+01 -1.0000000000e+01 1.1000000000e+01
7.2100669197e-05 -1.0000000000e+01 -1.0500000000e+01 1.1000000000e+01
3.9487421851e-04 -1.1500000000e+01 -8.5000000000e+00 8.0000000000e+00
4.7973819709e-04 -1.1000000000e+01 -8.5000000000e+00 8.0000000000e+00
2.2775702789e-04 -1.2000000000e+01 -8.5000000000e+00 8.0000000000e+00
4.4320292158e-04 -1.0500000000e+01 -8.5000000000e+00 8.0000000000e+00
9.4491914097e-05 -1.2500000000e+01 -8.5000000000e+00 8.0000000000e+00
1.0215205897e-03 -1.3000000000e+01 -8.5000000000e+00 1.1000000000e+01
2.9306479078e-04 -1.0000000000e+01 -8.5000000000e+00 8.0000000000e+00
1.9177032858e-04 -1.0000000000e+01 -9.0000000000e+00 8.0000000000e+00
9.1477111524e-05 -1.0000000000e+01 -9.5000000000e+00 8.0000000000e+00
6.2767303009e-03 -1.1500000000e+01 -8.5000000000e+00 1.0500000000e+01
6.1149126141e-03 -1.1000000000e+01 -8.5000000000e+00 1.0500000000e+01
4.6828924973e-03 -1.2000000000e+01 -8.5000000000e+00 1.0500000000e+01
4.5344530020e-03 -1.0500000000e+01 -8.5000000000e+00 1.0500000000e+01
2.6146585070e-03 -1.2500000000e+01 -8.5000000000e+00 1.0500000000e+01
2.4473572957e-03 -1.0000000000e+01 -8.5000000000e+00 1.0500000000e+01
1.6839961465e-03 -1.0000000000e+01 -9.0000000000e+00 1.0500000000e+01
8.7771341073e-04 -1.0000000000e+01 -9.5000000000e+00 1.0500000000e+01
3.4370522673e-04 -1.0000000000e+01 -1.0000000000e+01 1.0500000000e+01
8.9414071007e-05 -1.0000000000e+01 -1.0500000000e+01 1.0500000000e+01
1.2374967626e-03 -1.1500000000e+01 -8.5000000000e+00 8.5000000000e+00
1.3886902955e-03 -1.1000000000e+01 -8.5000000000e+00 8.5000000000e+00
7.7688119005e-04 -1.2000000000e+01 -8.5000000000e+00 8.5000000000e+00
1.2117141028e-03 -1.0500000000e+01 -8.5000000000e+00 8.5000000000e+00
3.6099692789e-04 -1.2500000000e+01 -8.5000000000e+00 8.5000000000e+00
1.0843625734e-03 -1.3000000000e+01 -8.5000000000e+00 1.0500000000e+01
7.5685892251e-04 -1.0000000000e+01 -8.5000000000e+00 8.5000000000e+00
5.0918292457e-04 -1.0000000000e+01 -9.0000000000e+00 8.5000000000e+00
2.5409021063e-04 -1.0000000000e+01 -9.5000000000e+00 8.5000000000e+00
9.0227283090e-05 -1.0000000000e+01 -1.0000000000e+01 8.5000000000e+00
6.3790299206e-03 -1.1500000000e+01 -8.5000000000e+00 1.0000000000e+01
6.2871331591e-03 -1.1000000000e+01 -8.5000000000e+00 1.0000000000e+01
4.6880816542e-03 -1.2000000000e+01 -8.5000000000e+00 1.0000000000e+01
4.7451535637e-03 -1.0500000000e+01 -8.5000000000e+00 1.0000000000e+01
2.5754685451e-03 -1.2500000000e+01 -8.5000000000e+00 1.0000000000e+01
2.6028017111e-03 -1.0000000000e+01 -8.5000000000e+00 1.0000000000e+01
1.7916155467e-03 -1.0000000000e+01 -9.0000000000e+00 1.0000000000e+01
9.3291364368e-04 -1.0000000000e+01 -9.5000000000e+00 1.0000000000e+01
3.6513915414e-04 -1.0000000000e+01 -1.0000000000e+01 1.0000000000e+01
9.5389193804e-05 -1.0000000000e+01 -1.0500000000e+01 1.0000000000e+01
2.7379767024e-03 -1.1500000000e+01 -8.5000000000e+00 9.0000000000e+00
2.9313745551e-03 -1.1000000000e+01 -8.5000000000e+00 9.0000000000e+00
1.8089887100e-03 -1.2000000000e+01 -8.5000000000e+00 9.0000000000e+00
2.4560105157e-03 -1.0500000000e+01 -8.5000000000e+00 9.0000000000e+00
8.9093079461e-04 -1.2500000000e+01 -8.5000000000e+00 9.0000000000e+00
1.0361294029e-03 -1.3000000000e+01 -8.5000000000e+00 1.0000000000e+01
1.4734746775e-03 -1.0000000000e+01 -8.5000000000e+00 9.0000000000e+00
9.9991458860e-04 -1.0000000000e+01 -9.0000000000e+00 9.0000000000e+00
5.0578997176e-04 -1.0000000000e+01 -9.5000000000e+00 9.0000000000e+00
1.8514597803e-04 -1.0000000000e+01 -1.0000000000e+01 9.0000000000e+00
4.3332917896e-05 -1.0000000000e+01 -1.0500000000e+01 9.0000000000e+00
4.8801997792e-03 -1.1500000000e+01 -8.5000000000e+00 9.5000000000e+00
5.0318554962e-03 -1.1000000000e+01 -8.5000000000e+00 9.5000000000e+00
3.3692623440e-03 -1.2000000000e+01 -8.5000000000e+00 9.5000000000e+00
4.0488061044e-03 -1.0500000000e+01 -8.5000000000e+00 9.5000000000e+00
1.7367247148e-03 -1.2500000000e+01 -8.5000000000e+00 9.5000000000e+00
2.3340403708e-03 -1.0000000000e+01 -8.5000000000e+00 9.5000000000e+00
1.6272869029e-03 -1.0000000000e+01 -9.0000000000e+00 9.5000000000e+00
8.5221155301e-04 -1.0000000000e+01 -9.5000000000e+00 9.5000000000e+00
3.2988644857e-04 -1.0000000000e+01 -1.0000000000e+01 9.5000000000e+00
8.3739084327e-05 -1.0000000000e+01 -1.0500000000e+01 9.5000000000e+00
4.4283965097e-05 -1.1500000000e+01 -9.0000000000e+00 7.5000000000e+00
6.3921602322e-05 -1.1000000000e+01 -9.0000000000e+00 7.5000000000e+00
6.6389458798e-05 -1.0500000000e+01 -9.0000000000e+00 7.5000000000e+00
6.5193563794e-04 -1.3000000000e+01 -8.5000000000e+00 9.5000000000e+00
3.1692704584e-04 -1.3000000000e+01 -8.5000000000e+00 9.0000000000e+00
1.1753173585e-04 -1.3000000000e+01 -8.5000000000e+00 8.5000000000e+00
5.7509405843e-05 -1.3000000000e+01 -1.0000000000e+01 1.1000000000e+01
8.9352475989e-05 -1.1500000000e+01 -8.5000000000e+00 7.5000000000e+00
1.1699191322e-04 -1.1000000000e+01 -8.5000000000e+00 7.5000000000e+00
4.8284873494e-05 -1.2000000000e+01 -8.5000000000e+00 7.5000000000e+00
1.1459746440e-04 -1.0500000000e+01 -8.5000000000e+00 7.5000000000e+00
8.1453048490e-05 -1.0000000000e+01 -8.5000000000e+00 7.5000000000e+00
5.0397380575e-05 -1.0000000000e+01 -9.0000000000e+00 7.5000000000e+00
3.0739591596e-04 -1.3500000000e+01 -8.5000000000e+00 1.1000000000e+01
1.5765374178e-04 -1.3500000000e+01 -9.0000000000e+00 1.1000000000e+01
5.8348202520e-05 -1.3500000000e+01 -9.5000000000e+00 1.1000000000e+01
3.2113991012e-04 -1.3500000000e+01 -8.5000000000e+00 1.0500000000e+01
1.6387555602e-04 -1.3500000000e+01 -9.0000000000e+00 1.0500000000e+01
6.0880670360e-05 -1.3500000000e+01 -9.5000000000e+00 1.0500000000e+01
2.9294057727e-04 -1.3500000000e+01 -8.5000000000e+00 1.0000000000e+01
1.4988111989e-04 -1.3500000000e+01 -9.0000000000e+00 1.0000000000e+01
5.2450420355e-05 -1.3500000000e+01 -9.5000000000e+00 1.0000000000e+01
7.6981004167e-05 -1.3500000000e+01 -8.5000000000e+00 9.0000000000e+00
1.6958562546e-04 -1.3500000000e+01 -8.5000000000e+00 9.5000000000e+00
7.8575055381e-05 -1.3500000000e+01 -9.0000000000e+00 9.5000000000e+00
3.8958561263e-04 -1.1500000000e+01 -1.0000000000e+01 1.1500000000e+01
8.8755894425e-05 -1.1500000000e+01 -1.0500000000e+01 1.1500000000e+01
1.0738002762e-03 -1.1500000000e+01 -9.5000000000e+00 1.1500000000e+01
1.0276345682e-03 -1.1000000000e+01 -9.5000000000e+00 1.1500000000e+01
3.9212926641e-04 -1.1000000000e+01 -1.0000000000e+01 1.1500000000e+01
9.6749077266e-05 -1.1000000000e+01 -1.0500000000e+01 1.1500000000e+01
8.1370454840e-04 -1.2000000000e+01 -9.5000000000e+00 1.1500000000e+01
2.7577709430e-04 -1.2000000000e+01 -1.0000000000e+01 1.1500000000e+01
5.8130590437e-05 -1.2000000000e+01 -1.0500000000e+01 1.1500000000e+01
4.5230401850e-04 -1.2500000000e+01 -9.5000000000e+00 1.1500000000e+01
2.1773071264e-03 -1.1500000000e+01 -9.0000000000e+00 1.1500000000e+01
2.0237524046e-03 -1.1000000000e+01 -9.0000000000e+00 1.1500000000e+01
1.7173671825e-03 -1.2000000000e+01 -9.0000000000e+00 1.1500000000e+01
1.3963370738e-03 -1.0500000000e+01 -9.0000000000e+00 1.1500000000e+01
7.2835335645e-04 -1.0500000000e+01 -9.5000000000e+00 1.1500000000e+01
2.8933173160e-04 -1.0500000000e+01 -1.0000000000e+01 1.1500000000e+01
7.6799046464e-05 -1.0500000000e+01 -1.0500000000e+01 1.1500000000e+01
1.0000847549e-03 -1.2500000000e+01 -9.0000000000e+00 1.1500000000e+01
1.4024893326e-04 -1.2500000000e+01 -1.0000000000e+01 1.1500000000e+01
4.2736207730e-04 -1.3000000000e+01 -9.0000000000e+00 1.1500000000e+01
1.8266732027e-04 -1.3000000000e+01 -9.5000000000e+00 1.1500000000e+01
3.4344021450e-03 -1.1500000000e+01 -8.5000000000e+00 1.1500000000e+01
3.1054412790e-03 -1.1000000000e+01 -8.5000000000e+00 1.1500000000e+01
2.8044959506e-03 -1.2000000000e+01 -8.5000000000e+00 1.1500000000e+01
2.0776858637e-03 -1.0500000000e+01 -8.5000000000e+00 1.1500000000e+01
1.6959943582e-03 -1.2500000000e+01 -8.5000000000e+00 1.1500000000e+01
1.0216118841e-03 -1.0000000000e+01 -8.5000000000e+00 1.1500000000e+01
7.0658687286e-04 -1.0000000000e+01 -9.0000000000e+00 1.1500000000e+01
3.7740163716e-04 -1.0000000000e+01 -9.5000000000e+00 1.1500000000e+01
1.5500482020e-04 -1.0000000000e+01 -1.0000000000e+01 1.1500000000e+01
4.3412891475e-05 -1.0000000000e+01 -1.0500000000e+01 1.1500000000e+01
7.6037993770e-04 -1.3000000000e+01 -8.5000000000e+00 1.1500000000e+01
5.0209431424e-05 -1.3000000000e+01 -1.0000000000e+01 1.1500000000e+01
2.4409222114e-04 -1.3500000000e+01 -8.5000000000e+00 1.1500000000e+01
1.2975573084e-04 -1.3500000000e+01 -9.0000000000e+00 1.1500000000e+01
5.0950830380e-05 -1.3500000000e+01 -9.5000000000e+00 1.1500000000e+01
3.9656019089e-03 -1.1500000000e+01 -8.0000000000e+00 1.1500000000e+01
3.4981872188e-03 -1.1000000000e+01 -8.0000000000e+00 1.1500000000e+01
3.3711471364e-03 -1.2000000000e+01 -8.0000000000e+00 1.1500000000e+01
2.2893557571e-03 -1.0500000000e+01 -8.0000000000e+00 1.1500000000e+01
2.1414070177e-03 -1.2500000000e+01 -8.0000000000e+00 1.1500000000e+01
1.1042874828e-03 -1.0000000000e+01 -8.0000000000e+00 1.1500000000e+01
1.0076478230e-03 -1.3000000000e+01 -8.0000000000e+00 1.1500000000e+01
3.8958245612e-04 -9.5000000000e+00 -8.0000000000e+00 1.1500000000e+01
3.6877933220e-04 -9.5000000000e+00 -8.5000000000e+00 1.1500000000e+01
2.6419589829e-04 -9.5000000000e+00 -9.0000000000e+00 1.1500000000e+01
1.4497207449e-04 -9.5000000000e+00 -9.5000000000e+00 1.1500000000e+01
6.0888917267e-05 -9.5000000000e+00 -1.0000000000e+01 1.1500000000e+01
1.2632887318e-04 -1.1500000000e+01 -8.0000000000e+00 7.5000000000e+00
1.5403328663e-04 -1.1000000000e+01 -8.0000000000e+00 7.5000000000e+00
7.3438966851e-05 -1.2000000000e+01 -8.0000000000e+00 7.5000000000e+00
1.4431797055e-04 -1.0500000000e+01 -8.0000000000e+00 7.5000000000e+00
9.8065063836e-05 -1.0000000000e+01 -8.0000000000e+00 7.5000000000e+00
3.4527371630e-04 -1.3500000000e+01 -8.0000000000e+00 1.1500000000e+01
4.8628761290e-05 -9.5000000000e+00 -8.0000000000e+00 7.5000000000e+00
4.2190422972e-05 -9.5000000000e+00 -8.5000000000e+00 7.5000000000e+00
6.1961160797e-03 -1.1500000000e+01 -8.0000000000e+00 1.1000000000e+01
5.6745325948e-03 -1.1000000000e+01 -8.0000000000e+00 1.1000000000e+01
5.0228803291e-03 -1.2000000000e+01 -8.0000000000e+00 1.1000000000e+01
3.8921186784e-03 -1.0500000000e+01 -8.0000000000e+00 1.1000000000e+01
3.0445970878e-03 -1.2500000000e+01 -8.0000000000e+00 1.1000000000e+01
1.9649055082e-03 -1.0000000000e+01 -8.0000000000e+00 1.1000000000e+01
1.3602175615e-03 -1.3000000000e+01 -8.0000000000e+00 1.1000000000e+01
7.2641375367e-04 -9.5000000000e+00 -8.0000000000e+00 1.1000000000e+01
6.8801677490e-04 -9.5000000000e+00 -8.5000000000e+00 1.1000000000e+01
4.9619135025e-04 -9.5000000000e+00 -9.0000000000e+00 1.1000000000e+01
2.7154267674e-04 -9.5000000000e+00 -9.5000000000e+00 1.1000000000e+01
1.1245912829e-04 -9.5000000000e+00 -1.0000000000e+01 1.1000000000e+01
5.1784976101e-04 -1.1500000000e+01 -8.0000000000e+00 8.0000000000e+00
5.9044900700e-04 -1.1000000000e+01 -8.0000000000e+00 8.0000000000e+00
3.1847150435e-04 -1.2000000000e+01 -8.0000000000e+00 8.0000000000e+00
5.2618715723e-04 -1.0500000000e+01 -8.0000000000e+00 8.0000000000e+00
1.4509415292e-04 -1.2500000000e+01 -8.0000000000e+00 8.0000000000e+00
3.3616807325e-04 -1.0000000000e+01 -8.0000000000e+00 8.0000000000e+00
4.6544038787e-05 -1.3000000000e+01 -8.0000000000e+00 8.0000000000e+00
4.3860299701e-04 -1.3500000000e+01 -8.0000000000e+00 1.1000000000e+01
1.5753738844e-04 -9.5000000000e+00 -8.0000000000e+00 8.0000000000e+00
1.4195414810e-04 -9.5000000000e+00 -8.5000000000e+00 8.0000000000e+00
9.7765886625e-05 -9.5000000000e+00 -9.0000000000e+00 8.0000000000e+00
4.9927347235e-05 -9.5000000000e+00 -9.5000000000e+00 8.0000000000e+00
7.3082903401e-03 -1.1500000000e+01 -8.0000000000e+00 1.0500000000e+01
6.9417216279e-03 -1.1000000000e+01 -8.0000000000e+00 1.0500000000e+01
5.6597705216e-03 -1.2000000000e+01 -8.0000000000e+00 1.0500000000e+01
5.0234373078e-03 -1.0500000000e+01 -8.0000000000e+00 1.0500000000e+01
3.3127867273e-03 -1.2500000000e+01 -8.0000000000e+00 1.0500000000e+01
2.6645211840e-03 -1.0000000000e+01 -8.0000000000e+00 1.0500000000e+01
1.4423330671e-03 -1.3000000000e+01 -8.0000000000e+00 1.0500000000e+01
1.0368798585e-03 -9.5000000000e+00 -8.0000000000e+00 1.0500000000e+01
9.7374124153e-04 -9.5000000000e+00 -8.5000000000e+00 1.0500000000e+01
6.9774445236e-04 -9.5000000000e+00 -9.0000000000e+00 1.0500000000e+01
3.7754724135e-04 -9.5000000000e+00 -9.5000000000e+00 1.0500000000e+01
1.5284133434e-04 -9.5000000000e+00 -1.0000000000e+01 1.0500000000e+01
4.1784135838e-05 -9.5000000000e+00 -1.0500000000e+01 1.0500000000e+01
1.5237366828e-03 -1.1500000000e+01 -8.0000000000e+00 8.5000000000e+00
1.6363393136e-03 -1.1000000000e+01 -8.0000000000e+00 8.5000000000e+00
1.0029797298e-03 -1.2000000000e+01 -8.0000000000e+00 8.5000000000e+00
1.3914382228e-03 -1.0500000000e+01 -8.0000000000e+00 8.5000000000e+00
4.9432635284e-04 -1.2500000000e+01 -8.0000000000e+00 8.5000000000e+00
8.4846742931e-04 -1.0000000000e+01 -8.0000000000e+00 8.5000000000e+00
1.7632973473e-04 -1.3000000000e+01 -8.0000000000e+00 8.5000000000e+00
4.5651493147e-04 -1.3500000000e+01 -8.0000000000e+00 1.0500000000e+01
3.8162019459e-04 -9.5000000000e+00 -8.0000000000e+00 8.5000000000e+00
3.4913195903e-04 -9.5000000000e+00 -8.5000000000e+00 8.5000000000e+00
2.4539452884e-04 -9.5000000000e+00 -9.0000000000e+00 8.5000000000e+00
1.2903515728e-04 -9.5000000000e+00 -9.5000000000e+00 8.5000000000e+00
4.8756494303e-05 -9.5000000000e+00 -1.0000000000e+01 8.5000000000e+00
7.3470128667e-03 -1.1500000000e+01 -8.0000000000e+00 1.0000000000e+01
7.0788531065e-03 -1.1000000000e+01 -8.0000000000e+00 1.0000000000e+01
5.5820711352e-03 -1.2000000000e+01 -8.0000000000e+00 1.0000000000e+01
5.2384059582e-03 -1.0500000000e+01 -8.0000000000e+00 1.0000000000e+01
3.1891435825e-03 -1.2500000000e+01 -8.0000000000e+00 1.0000000000e+01
2.8370786383e-03 -1.0000000000e+01 -8.0000000000e+00 1.0000000000e+01
1.3457855156e-03 -1.3000000000e+01 -8.0000000000e+00 1.0000000000e+01
1.1353830939e-03 -9.5000000000e+00 -8.0000000000e+00 1.0000000000e+01
1.0599133706e-03 -9.5000000000e+00 -8.5000000000e+00 1.0000000000e+01
7.5717188244e-04 -9.5000000000e+00 -9.0000000000e+00 1.0000000000e+01
4.0827912350e-04 -9.5000000000e+00 -9.5000000000e+00 1.0000000000e+01
1.6438596288e-04 -9.5000000000e+00 -1.0000000000e+01 1.0000000000e+01
4.4832759822e-05 -9.5000000000e+00 -1.0500000000e+01 1.0000000000e+01
3.2914963907e-03 -1.1500000000e+01 -8.0000000000e+00 9.0000000000e+00
3.4003998302e-03 -1.1000000000e+01 -8.0000000000e+00 9.0000000000e+00
2.2659123022e-03 -1.2000000000e+01 -8.0000000000e+00 9.0000000000e+00
2.7814149193e-03 -1.0500000000e+01 -8.0000000000e+00 9.0000000000e+00
1.1769463815e-03 -1.2500000000e+01 -8.0000000000e+00 9.0000000000e+00
1.6331904069e-03 -1.0000000000e+01 -8.0000000000e+00 9.0000000000e+00
4.4610509976e-04 -1.3000000000e+01 -8.0000000000e+00 9.0000000000e+00
4.0519266545e-04 -1.3500000000e+01 -8.0000000000e+00 1.0000000000e+01
7.0903213464e-04 -9.5000000000e+00 -8.0000000000e+00 9.0000000000e+00
6.5382840317e-04 -9.5000000000e+00 -8.5000000000e+00 9.0000000000e+00
4.6319756393e-04 -9.5000000000e+00 -9.0000000000e+00 9.0000000000e+00
2.4579962584e-04 -9.5000000000e+00 -9.5000000000e+00 9.0000000000e+00
9.4780269371e-05 -9.5000000000e+00 -1.0000000000e+01 9.0000000000e+00
5.6931895439e-03 -1.1500000000e+01 -8.0000000000e+00 9.5000000000e+00
5.7073064850e-03 -1.1000000000e+01 -8.0000000000e+00 9.5000000000e+00
4.0874168619e-03 -1.2000000000e+01 -8.0000000000e+00 9.5000000000e+00
4.4756967084e-03 -1.0500000000e+01 -8.0000000000e+00 9.5000000000e+00
2.2152354589e-03 -1.2500000000e+01 -8.0000000000e+00 9.5000000000e+00
2.5380019449e-03 -1.0000000000e+01 -8.0000000000e+00 9.5000000000e+00
8.8136589968e-04 -1.3000000000e+01 -8.0000000000e+00 9.5000000000e+00
1.0596620859e-03 -9.5000000000e+00 -8.0000000000e+00 9.5000000000e+00
9.9333776281e-04 -9.5000000000e+00 -8.5000000000e+00 9.5000000000e+00
7.2006507684e-04 -9.5000000000e+00 -9.0000000000e+00 9.5000000000e+00
3.9280891743e-04 -9.5000000000e+00 -9.5000000000e+00 9.5000000000e+00
1.5826093193e-04 -9.5000000000e+00 -1.0000000000e+01 9.5000000000e+00
4.2978527415e-05 -9.5000000000e+00 -1.0500000000e+01 9.5000000000e+00
2.4758135829e-04 -1.3500000000e+01 -8.0000000000e+00 9.5000000000e+00
1.1860266404e-04 -1.3500000000e+01 -8.0000000000e+00 9.0000000000e+00
4.3296743995e-05 -1.3500000000e+01 -8.0000000000e+00 8.5000000000e+00
8.0618592229e-05 -1.4000000000e+01 -8.0000000000e+00 1.1500000000e+01
5.3199066589e-05 -1.4000000000e+01 -8.5000000000e+00 1.1500000000e+01
9.7384610850e-05 -1.4000000000e+01 -8.0000000000e+00 1.1000000000e+01
6.3704326659e-05 -1.4000000000e+01 -8.5000000000e+00 1.1000000000e+01
1.0070380812e-04 -1.4000000000e+01 -8.0000000000e+00 1.0500000000e+01
6.6323374992e-05 -1.4000000000e+01 -8.5000000000e+00 1.0500000000e+01
8.4233112841e-05 -1.4000000000e+01 -8.0000000000e+00 1.0000000000e+01
5.6838448605e-05 -1.4000000000e+01 -8.5000000000e+00 1.0000000000e+01
4.8872512420e-05 -1.4000000000e+01 -8.0000000000e+00 9.5000000000e+00
1.9385910565e-04 -1.1500000000e+01 -1.0000000000e+01 1.2000000000e+01
4.8674998346e-05 -1.1500000000e+01 -1.0500000000e+01 1.2000000000e+01
5.1182294761e-04 -1.1500000000e+01 -9.5000000000e+00 1.2000000000e+01
4.6451667344e-04 -1.1000000000e+01 -9.5000000000e+00 1.2000000000e+01
1.8127566103e-04 -1.1000000000e+01 -1.0000000000e+01 1.2000000000e+01
4.7922033998e-05 -1.1000000000e+01 -1.0500000000e+01 1.2000000000e+01
4.1323069502e-04 -1.2000000000e+01 -9.5000000000e+00 1.2000000000e+01
1.4933895029e-04 -1.2000000000e+01 -1.0000000000e+01 1.2000000000e+01
2.4453650949e-04 -1.2500000000e+01 -9.5000000000e+00 1.2000000000e+01
1.0232780018e-03 -1.1500000000e+01 -9.0000000000e+00 1.2000000000e+01
9.1060921560e-04 -1.1000000000e+01 -9.0000000000e+00 1.2000000000e+01
8.4914005433e-04 -1.2000000000e+01 -9.0000000000e+00 1.2000000000e+01
5.9684032036e-04 -1.0500000000e+01 -9.0000000000e+00 1.2000000000e+01
3.0986651351e-04 -1.0500000000e+01 -9.5000000000e+00 1.2000000000e+01
1.2392636093e-04 -1.0500000000e+01 -1.0000000000e+01 1.2000000000e+01
5.2049162189e-04 -1.2500000000e+01 -9.0000000000e+00 1.2000000000e+01
8.2755272824e-05 -1.2500000000e+01 -1.0000000000e+01 1.2000000000e+01
2.3416372665e-04 -1.3000000000e+01 -9.0000000000e+00 1.2000000000e+01
1.0493963893e-04 -1.3000000000e+01 -9.5000000000e+00 1.2000000000e+01
1.6230050825e-03 -1.1500000000e+01 -8.5000000000e+00 1.2000000000e+01
1.4167292839e-03 -1.1000000000e+01 -8.5000000000e+00 1.2000000000e+01
1.3822300264e-03 -1.2000000000e+01 -8.5000000000e+00 1.2000000000e+01
9.0773380193e-04 -1.0500000000e+01 -8.5000000000e+00 1.2000000000e+01
8.7583762816e-04 -1.2500000000e+01 -8.5000000000e+00 1.2000000000e+01
4.2690722569e-04 -1.0000000000e+01 -8.5000000000e+00 1.2000000000e+01
2.8762576024e-04 -1.0000000000e+01 -9.0000000000e+00 1.2000000000e+01
1.5204402267e-04 -1.0000000000e+01 -9.5000000000e+00 1.2000000000e+01
6.2238921144e-05 -1.0000000000e+01 -1.0000000000e+01 1.2000000000e+01
4.0994955115e-04 -1.3000000000e+01 -8.5000000000e+00 1.2000000000e+01
1.3780980768e-04 -1.3500000000e+01 -8.5000000000e+00 1.2000000000e+01
7.4940969044e-05 -1.3500000000e+01 -9.0000000000e+00 1.2000000000e+01
1.9140757025e-03 -1.1500000000e+01 -8.0000000000e+00 1.2000000000e+01
1.6268084379e-03 -1.1000000000e+01 -8.0000000000e+00 1.2000000000e+01
1.7048442037e-03 -1.2000000000e+01 -8.0000000000e+00 1.2000000000e+01
1.0182544520e-03 -1.0500000000e+01 -8.0000000000e+00 1.2000000000e+01
1.1245648549e-03 -1.2500000000e+01 -8.0000000000e+00 1.2000000000e+01
4.6970051475e-04 -1.0000000000e+01 -8.0000000000e+00 1.2000000000e+01
5.5173172362e-04 -1.3000000000e+01 -8.0000000000e+00 1.2000000000e+01
1.5798779186e-04 -9.5000000000e+00 -8.0000000000e+00 1.2000000000e+01
1.4716548881e-04 -9.5000000000e+00 -8.5000000000e+00 1.2000000000e+01
1.0242770168e-04 -9.5000000000e+00 -9.0000000000e+00 1.2000000000e+01
5.5280234149e-05 -9.5000000000e+00 -9.5000000000e+00 1.2000000000e+01
1.9756326669e-04 -1.3500000000e+01 -8.0000000000e+00 1.2000000000e+01
4.7828686921e-05 -1.4000000000e+01 -8.0000000000e+00 1.2000000000e+01
1.8748727534e-03 -1.1500000000e+01 -7.5000000000e+00 1.2000000000e+01
1.5846904448e-03 -1.1000000000e+01 -7.5000000000e+00 1.2000000000e+01
1.6910011029e-03 -1.2000000000e+01 -7.5000000000e+00 1.2000000000e+01
9.8502295069e-04 -1.0500000000e+01 -7.5000000000e+00 1.2000000000e+01
1.1317503915e-03 -1.2500000000e+01 -7.5000000000e+00 1.2000000000e+01
4.5121172901e-04 -1.0000000000e+01 -7.5000000000e+00 1.2000000000e+01
5.6660786439e-04 -1.3000000000e+01 -7.5000000000e+00 1.2000000000e+01
1.5018914189e-04 -9.5000000000e+00 -7.5000000000e+00 1.2000000000e+01
2.0886228649e-04 -1.3500000000e+01 -7.5000000000e+00 1.2000000000e+01
5.2941238548e-05 -1.4000000000e+01 -7.5000000000e+00 1.2000000000e+01
3.8866917883e-03 -1.1500000000e+01 -7.5000000000e+00 1.1500000000e+01
3.4040674677e-03 -1.1000000000e+01 -7.5000000000e+00 1.1500000000e+01
3.3397844437e-03 -1.2000000000e+01 -7.5000000000e+00 1.1500000000e+01
2.2102055145e-03 -1.0500000000e+01 -7.5000000000e+00 1.1500000000e+01
2.1460332185e-03 -1.2500000000e+01 -7.5000000000e+00 1.1500000000e+01
1.0575641367e-03 -1.0000000000e+01 -7.5000000000e+00 1.1500000000e+01
1.0280454623e-03 -1.3000000000e+01 -7.5000000000e+00 1.1500000000e+01
3.6926181863e-04 -9.5000000000e+00 -7.5000000000e+00 1.1500000000e+01
3.6166570778e-04 -1.3500000000e+01 -7.5000000000e+00 1.1500000000e+01
9.2589646238e-05 -9.0000000000e+00 -7.5000000000e+00 1.1500000000e+01
1.0058764748e-04 -9.0000000000e+00 -8.0000000000e+00 1.1500000000e+01
9.7961881747e-05 -9.0000000000e+00 -8.5000000000e+00 1.1500000000e+01
7.3426003797e-05 -9.0000000000e+00 -9.0000000000e+00 1.1500000000e+01
4.0664190294e-05 -9.0000000000e+00 -9.5000000000e+00 1.1500000000e+01
1.3498250333e-04 -1.1500000000e+01 -7.5000000000e+00 7.5000000000e+00
1.5939683256e-04 -1.1000000000e+01 -7.5000000000e+00 7.5000000000e+00
8.1314832574e-05 -1.2000000000e+01 -7.5000000000e+00 7.5000000000e+00
1.4703065809e-04 -1.0500000000e+01 -7.5000000000e+00 7.5000000000e+00
9.7786241068e-05 -1.0000000000e+01 -7.5000000000e+00 7.5000000000e+00
4.7063050554e-05 -9.5000000000e+00 -7.5000000000e+00 7.5000000000e+00
8.7659354854e-05 -1.4000000000e+01 -7.5000000000e+00 1.1500000000e+01
6.1096932936e-03 -1.1500000000e+01 -7.5000000000e+00 1.1000000000e+01
5.5535330487e-03 -1.1000000000e+01 -7.5000000000e+00 1.1000000000e+01
5.0041642222e-03 -1.2000000000e+01 -7.5000000000e+00 1.1000000000e+01
3.7732770346e-03 -1.0500000000e+01 -7.5000000000e+00 1.1000000000e+01
3.0643462756e-03 -1.2500000000e+01 -7.5000000000e+00 1.1000000000e+01
1.8882600869e-03 -1.0000000000e+01 -7.5000000000e+00 1.1000000000e+01
1.3922874198e-03 -1.3000000000e+01 -7.5000000000e+00 1.1000000000e+01
6.9007033140e-04 -9.5000000000e+00 -7.5000000000e+00 1.1000000000e+01
4.6015421310e-04 -1.3500000000e+01 -7.5000000000e+00 1.1000000000e+01
1.8188210606e-04 -9.0000000000e+00 -7.5000000000e+00 1.1000000000e+01
1.9697318200e-04 -9.0000000000e+00 -8.0000000000e+00 1.1000000000e+01
1.9172815470e-04 -9.0000000000e+00 -8.5000000000e+00 1.1000000000e+01
1.4487059704e-04 -9.0000000000e+00 -9.0000000000e+00 1.1000000000e+01
8.0295916164e-05 -9.0000000000e+00 -9.5000000000e+00 1.1000000000e+01
5.3647485456e-04 -1.1500000000e+01 -7.5000000000e+00 8.0000000000e+00
5.9899500039e-04 -1.1000000000e+01 -7.5000000000e+00 8.0000000000e+00
3.3916371457e-04 -1.2000000000e+01 -7.5000000000e+00 8.0000000000e+00
5.2710149456e-04 -1.0500000000e+01 -7.5000000000e+00 8.0000000000e+00
1.6049956680e-04 -1.2500000000e+01 -7.5000000000e+00 8.0000000000e+00
3.3134635841e-04 -1.0000000000e+01 -7.5000000000e+00 8.0000000000e+00
5.4295528326e-05 -1.3000000000e+01 -7.5000000000e+00 8.0000000000e+00
1.5264116645e-04 -9.5000000000e+00 -7.5000000000e+00 8.0000000000e+00
1.0577910633e-04 -1.4000000000e+01 -7.5000000000e+00 1.1000000000e+01
5.0898124560e-05 -9.0000000000e+00 -7.5000000000e+00 8.0000000000e+00
5.4546782121e-05 -9.0000000000e+00 -8.0000000000e+00 8.0000000000e+00
5.0773459758e-05 -9.0000000000e+00 -8.5000000000e+00 8.0000000000e+00
7.2477644872e-03 -1.1500000000e+01 -7.5000000000e+00 1.0500000000e+01
6.8414925676e-03 -1.1000000000e+01 -7.5000000000e+00 1.0500000000e+01
5.6632854006e-03 -1.2000000000e+01 -7.5000000000e+00 1.0500000000e+01
4.9062141582e-03 -1.0500000000e+01 -7.5000000000e+00 1.0500000000e+01
3.3408891609e-03 -1.2500000000e+01 -7.5000000000e+00 1.0500000000e+01
2.5813011119e-03 -1.0000000000e+01 -7.5000000000e+00 1.0500000000e+01
1.4745904798e-03 -1.3000000000e+01 -7.5000000000e+00 1.0500000000e+01
9.9189543422e-04 -9.5000000000e+00 -7.5000000000e+00 1.0500000000e+01
4.7604424711e-04 -1.3500000000e+01 -7.5000000000e+00 1.0500000000e+01
2.7551538085e-04 -9.0000000000e+00 -7.5000000000e+00 1.0500000000e+01
2.9544435332e-04 -9.0000000000e+00 -8.0000000000e+00 1.0500000000e+01
2.8587583188e-04 -9.0000000000e+00 -8.5000000000e+00 1.0500000000e+01
2.1473371715e-04 -9.0000000000e+00 -9.0000000000e+00 1.0500000000e+01
1.1814474793e-04 -9.0000000000e+00 -9.5000000000e+00 1.0500000000e+01
4.8252289201e-05 -9.0000000000e+00 -1.0000000000e+01 1.0500000000e+01
1.5476769838e-03 -1.1500000000e+01 -7.5000000000e+00 8.5000000000e+00
1.6408036751e-03 -1.1000000000e+01 -7.5000000000e+00 8.5000000000e+00
1.0312647039e-03 -1.2000000000e+01 -7.5000000000e+00 8.5000000000e+00
1.3803527959e-03 -1.0500000000e+01 -7.5000000000e+00 8.5000000000e+00
5.2090400350e-04 -1.2500000000e+01 -7.5000000000e+00 8.5000000000e+00
8.3141763420e-04 -1.0000000000e+01 -7.5000000000e+00 8.5000000000e+00
1.9193979464e-04 -1.3000000000e+01 -7.5000000000e+00 8.5000000000e+00
3.6858230871e-04 -9.5000000000e+00 -7.5000000000e+00 8.5000000000e+00
4.8913403225e-05 -1.3500000000e+01 -7.5000000000e+00 8.5000000000e+00
1.0789755502e-04 -1.4000000000e+01 -7.5000000000e+00 1.0500000000e+01
1.1885375683e-04 -9.0000000000e+00 -7.5000000000e+00 8.5000000000e+00
1.2689945109e-04 -9.0000000000e+00 -8.0000000000e+00 8.5000000000e+00
1.1946594192e-04 -9.0000000000e+00 -8.5000000000e+00 8.5000000000e+00
8.8049387659e-05 -9.0000000000e+00 -9.0000000000e+00 8.5000000000e+00
4.7689190153e-05 -9.0000000000e+00 -9.5000000000e+00 8.5000000000e+00
7.2806365233e-03 -1.1500000000e+01 -7.5000000000e+00 1.0000000000e+01
6.9721721999e-03 -1.1000000000e+01 -7.5000000000e+00 1.0000000000e+01
5.5779506584e-03 -1.2000000000e+01 -7.5000000000e+00 1.0000000000e+01
5.1170376948e-03 -1.0500000000e+01 -7.5000000000e+00 1.0000000000e+01
3.2119701354e-03 -1.2500000000e+01 -7.5000000000e+00 1.0000000000e+01
2.7543861455e-03 -1.0000000000e+01 -7.5000000000e+00 1.0000000000e+01
1.3709099688e-03 -1.3000000000e+01 -7.5000000000e+00 1.0000000000e+01
1.0917065503e-03 -9.5000000000e+00 -7.5000000000e+00 1.0000000000e+01
4.2103555242e-04 -1.3500000000e+01 -7.5000000000e+00 1.0000000000e+01
3.1560448202e-04 -9.0000000000e+00 -7.5000000000e+00 1.0000000000e+01
3.3588987101e-04 -9.0000000000e+00 -8.0000000000e+00 1.0000000000e+01
3.2201837033e-04 -9.0000000000e+00 -8.5000000000e+00 1.0000000000e+01
2.4038408873e-04 -9.0000000000e+00 -9.0000000000e+00 1.0000000000e+01
1.3194035457e-04 -9.0000000000e+00 -9.5000000000e+00 1.0000000000e+01
5.3554727322e-05 -9.0000000000e+00 -1.0000000000e+01 1.0000000000e+01
3.3178362712e-03 -1.1500000000e+01 -7.5000000000e+00 9.0000000000e+00
3.3937573356e-03 -1.1000000000e+01 -7.5000000000e+00 9.0000000000e+00
2.3048675049e-03 -1.2000000000e+01 -7.5000000000e+00 9.0000000000e+00
2.7473275469e-03 -1.0500000000e+01 -7.5000000000e+00 9.0000000000e+00
1.2139086209e-03 -1.2500000000e+01 -7.5000000000e+00 9.0000000000e+00
1.5965009196e-03 -1.0000000000e+01 -7.5000000000e+00 9.0000000000e+00
4.7241072036e-04 -1.3000000000e+01 -7.5000000000e+00 9.0000000000e+00
6.8389870862e-04 -9.5000000000e+00 -7.5000000000e+00 9.0000000000e+00
1.2957479288e-04 -1.3500000000e+01 -7.5000000000e+00 9.0000000000e+00
9.0067549071e-05 -1.4000000000e+01 -7.5000000000e+00 1.0000000000e+01
2.1315052068e-04 -9.0000000000e+00 -7.5000000000e+00 9.0000000000e+00
2.2721366496e-04 -9.0000000000e+00 -8.0000000000e+00 9.0000000000e+00
2.1550897267e-04 -9.0000000000e+00 -8.5000000000e+00 9.0000000000e+00
1.5984423320e-04 -9.0000000000e+00 -9.0000000000e+00 9.0000000000e+00
8.7099206079e-05 -9.0000000000e+00 -9.5000000000e+00 9.0000000000e+00
5.6848051014e-03 -1.1500000000e+01 -7.5000000000e+00 9.5000000000e+00
5.6530910683e-03 -1.1000000000e+01 -7.5000000000e+00 9.5000000000e+00
4.1223365171e-03 -1.2000000000e+01 -7.5000000000e+00 9.5000000000e+00
4.3808735310e-03 -1.0500000000e+01 -7.5000000000e+00 9.5000000000e+00
2.2547807677e-03 -1.2500000000e+01 -7.5000000000e+00 9.5000000000e+00
2.4582259563e-03 -1.0000000000e+01 -7.5000000000e+00 9.5000000000e+00
9.1335775574e-04 -1.3000000000e+01 -7.5000000000e+00 9.5000000000e+00
1.0121717358e-03 -9.5000000000e+00 -7.5000000000e+00 9.5000000000e+00
2.6441581139e-04 -1.3500000000e+01 -7.5000000000e+00 9.5000000000e+00
3.0279197787e-04 -9.0000000000e+00 -7.5000000000e+00 9.5000000000e+00
3.2492262834e-04 -9.0000000000e+00 -8.0000000000e+00 9.5000000000e+00
3.1257593983e-04 -9.0000000000e+00 -8.5000000000e+00 9.5000000000e+00
2.3683605771e-04 -9.0000000000e+00 -9.0000000000e+00 9.5000000000e+00
1.3131462187e-04 -9.0000000000e+00 -9.5000000000e+00 9.5000000000e+00
5.3466763754e-05 -9.0000000000e+00 -1.0000000000e+01 9.5000000000e+00
5.3898485432e-05 -1.4000000000e+01 -7.5000000000e+00 9.5000000000e+00
5.9481241867e-05 -1.1500000000e+01 -1.0000000000e+01 1.2500000000e+01
1.5895464219e-04 -1.1500000000e+01 -9.5000000000e+00 1.2500000000e+01
1.3655662268e-04 -1.1000000000e+01 -9.5000000000e+00 1.2500000000e+01
5.1641427970e-05 -1.1000000000e+01 -1.0000000000e+01 1.2500000000e+01
1.3633017872e-04 -1.2000000000e+01 -9.5000000000e+00 1.2500000000e+01
5.0036463506e-05 -1.2000000000e+01 -1.0000000000e+01 1.2500000000e+01
8.6572148356e-05 -1.2500000000e+01 -9.5000000000e+00 1.2500000000e+01
3.2451721517e-04 -1.1500000000e+01 -9.0000000000e+00 1.2500000000e+01
2.7652449206e-04 -1.1000000000e+01 -9.0000000000e+00 1.2500000000e+01
2.8245301917e-04 -1.2000000000e+01 -9.0000000000e+00 1.2500000000e+01
1.7247098639e-04 -1.0500000000e+01 -9.0000000000e+00 1.2500000000e+01
8.5886650755e-05 -1.0500000000e+01 -9.5000000000e+00 1.2500000000e+01
1.8254971353e-04 -1.2500000000e+01 -9.0000000000e+00 1.2500000000e+01
8.8897070170e-05 -1.3000000000e+01 -9.0000000000e+00 1.2500000000e+01
4.2042904026e-05 -1.3000000000e+01 -9.5000000000e+00 1.2500000000e+01
5.3373700703e-04 -1.1500000000e+01 -8.5000000000e+00 1.2500000000e+01
4.4929577268e-04 -1.1000000000e+01 -8.5000000000e+00 1.2500000000e+01
4.7696511962e-04 -1.2000000000e+01 -8.5000000000e+00 1.2500000000e+01
2.7632937001e-04 -1.0500000000e+01 -8.5000000000e+00 1.2500000000e+01
3.1410816676e-04 -1.2500000000e+01 -8.5000000000e+00 1.2500000000e+01
1.2490295195e-04 -1.0000000000e+01 -8.5000000000e+00 1.2500000000e+01
7.9213135697e-05 -1.0000000000e+01 -9.0000000000e+00 1.2500000000e+01
1.5479924898e-04 -1.3000000000e+01 -8.5000000000e+00 1.2500000000e+01
6.0308372517e-05 -1.3500000000e+01 -8.5000000000e+00 1.2500000000e+01
6.6965244654e-04 -1.1500000000e+01 -8.0000000000e+00 1.2500000000e+01
5.5060391898e-04 -1.1000000000e+01 -8.0000000000e+00 1.2500000000e+01
6.2439683401e-04 -1.2000000000e+01 -8.0000000000e+00 1.2500000000e+01
3.2847819444e-04 -1.0500000000e+01 -8.0000000000e+00 1.2500000000e+01
4.2679647654e-04 -1.2500000000e+01 -8.0000000000e+00 1.2500000000e+01
1.4429294879e-04 -1.0000000000e+01 -8.0000000000e+00 1.2500000000e+01
2.1907221649e-04 -1.3000000000e+01 -8.0000000000e+00 1.2500000000e+01
4.6456674200e-05 -9.5000000000e+00 -8.0000000000e+00 1.2500000000e+01
4.1435153236e-05 -9.5000000000e+00 -8.5000000000e+00 1.2500000000e+01
8.5355562065e-05 -1.3500000000e+01 -8.0000000000e+00 1.2500000000e+01
6.6371348769e-04 -1.1500000000e+01 -7.5000000000e+00 1.2500000000e+01
5.4215096297e-04 -1.1000000000e+01 -7.5000000000e+00 1.2500000000e+01
6.3121179675e-04 -1.2000000000e+01 -7.5000000000e+00 1.2500000000e+01
3.2137625495e-04 -1.0500000000e+01 -7.5000000000e+00 1.2500000000e+01
4.3934267125e-04 -1.2500000000e+01 -7.5000000000e+00 1.2500000000e+01
1.4031342539e-04 -1.0000000000e+01 -7.5000000000e+00 1.2500000000e+01
2.3103539484e-04 -1.3000000000e+01 -7.5000000000e+00 1.2500000000e+01
4.4665609670e-05 -9.5000000000e+00 -7.5000000000e+00 1.2500000000e+01
9.2810740871e-05 -1.3500000000e+01 -7.5000000000e+00 1.2500000000e+01
5.7217671103e-04 -1.1500000000e+01 -7.0000000000e+00 1.2500000000e+01
4.6162044475e-04 -1.1000000000e+01 -7.0000000000e+00 1.2500000000e+01
5.6299461314e-04 -1.2000000000e+01 -7.0000000000e+00 1.2500000000e+01
2.6833828168e-04 -1.0500000000e+01 -7.0000000000e+00 1.2500000000e+01
3.9840359597e-04 -1.2500000000e+01 -7.0000000000e+00 1.2500000000e+01
1.1503320859e-04 -1.0000000000e+01 -7.0000000000e+00 1.2500000000e+01
2.1450627346e-04 -1.3000000000e+01 -7.0000000000e+00 1.2500000000e+01
8.9330421532e-05 -1.3500000000e+01 -7.0000000000e+00 1.2500000000e+01
1.5707358958e-03 -1.1500000000e+01 -7.0000000000e+00 1.2000000000e+01
1.3074656501e-03 -1.1000000000e+01 -7.0000000000e+00 1.2000000000e+01
1.4670081802e-03 -1.2000000000e+01 -7.0000000000e+00 1.2000000000e+01
7.9288000430e-04 -1.0500000000e+01 -7.0000000000e+00 1.2000000000e+01
1.0029493256e-03 -1.2500000000e+01 -7.0000000000e+00 1.2000000000e+01
3.5475263126e-04 -1.0000000000e+01 -7.0000000000e+00 1.2000000000e+01
5.1635619020e-04 -1.3000000000e+01 -7.0000000000e+00 1.2000000000e+01
1.1556767478e-04 -9.5000000000e+00 -7.0000000000e+00 1.2000000000e+01
1.9402337305e-04 -1.3500000000e+01 -7.0000000000e+00 1.2000000000e+01
5.1931757786e-05 -1.4000000000e+01 -7.0000000000e+00 1.2000000000e+01
3.2309703212e-03 -1.1500000000e+01 -7.0000000000e+00 1.1500000000e+01
2.7673975604e-03 -1.1000000000e+01 -7.0000000000e+00 1.1500000000e+01
2.8709487298e-03 -1.2000000000e+01 -7.0000000000e+00 1.1500000000e+01
1.7495812994e-03 -1.0500000000e+01 -7.0000000000e+00 1.1500000000e+01
1.8970289003e-03 -1.2500000000e+01 -7.0000000000e+00 1.1500000000e+01
8.1979295792e-04 -1.0000000000e+01 -7.0000000000e+00 1.1500000000e+01
9.3693029096e-04 -1.3000000000e+01 -7.0000000000e+00 1.1500000000e+01
2.7976778182e-04 -9.5000000000e+00 -7.0000000000e+00 1.1500000000e+01
3.3957323940e-04 -1.3500000000e+01 -7.0000000000e+00 1.1500000000e+01
6.7265250499e-05 -9.0000000000e+00 -7.0000000000e+00 1.1500000000e+01
8.7048480116e-05 -1.4000000000e+01 -7.0000000000e+00 1.1500000000e+01
1.2966432342e-04 -1.1500000000e+01 -7.0000000000e+00 7.5000000000e+00
1.4237348720e-04 -1.1000000000e+01 -7.0000000000e+00 7.5000000000e+00
8.2788484894e-05 -1.2000000000e+01 -7.0000000000e+00 7.5000000000e+00
1.2453285370e-04 -1.0500000000e+01 -7.0000000000e+00 7.5000000000e+00
4.1994356296e-05 -1.2500000000e+01 -7.0000000000e+00 7.5000000000e+00
7.8807113689e-05 -1.0000000000e+01 -7.0000000000e+00 7.5000000000e+00
5.1114836056e-03 -1.1500000000e+01 -7.0000000000e+00 1.1000000000e+01
4.5269225689e-03 -1.1000000000e+01 -7.0000000000e+00 1.1000000000e+01
4.3350153957e-03 -1.2000000000e+01 -7.0000000000e+00 1.1000000000e+01
2.9827113604e-03 -1.0500000000e+01 -7.0000000000e+00 1.1000000000e+01
2.7454436793e-03 -1.2500000000e+01 -7.0000000000e+00 1.1000000000e+01
1.4562927436e-03 -1.0000000000e+01 -7.0000000000e+00 1.1000000000e+01
1.2932314772e-03 -1.3000000000e+01 -7.0000000000e+00 1.1000000000e+01
5.1972354965e-04 -9.5000000000e+00 -7.0000000000e+00 1.1000000000e+01
4.4149146618e-04 -1.3500000000e+01 -7.0000000000e+00 1.1000000000e+01
1.3155991461e-04 -9.0000000000e+00 -7.0000000000e+00 1.1000000000e+01
1.0610549004e-04 -1.4000000000e+01 -7.0000000000e+00 1.1000000000e+01
4.7626722234e-04 -1.1500000000e+01 -7.0000000000e+00 8.0000000000e+00
5.0080138023e-04 -1.1000000000e+01 -7.0000000000e+00 8.0000000000e+00
3.1566434264e-04 -1.2000000000e+01 -7.0000000000e+00 8.0000000000e+00
4.2098073160e-04 -1.0500000000e+01 -7.0000000000e+00 8.0000000000e+00
1.5844136218e-04 -1.2500000000e+01 -7.0000000000e+00 8.0000000000e+00
2.5382590098e-04 -1.0000000000e+01 -7.0000000000e+00 8.0000000000e+00
6.0901348163e-05 -1.3000000000e+01 -7.0000000000e+00 8.0000000000e+00
1.1278916793e-04 -9.5000000000e+00 -7.0000000000e+00 8.0000000000e+00
6.1290205500e-03 -1.1500000000e+01 -7.0000000000e+00 1.0500000000e+01
5.6481914275e-03 -1.1000000000e+01 -7.0000000000e+00 1.0500000000e+01
4.9642089434e-03 -1.2000000000e+01 -7.0000000000e+00 1.0500000000e+01
3.9118215290e-03 -1.0500000000e+01 -7.0000000000e+00 1.0500000000e+01
3.0301304330e-03 -1.2500000000e+01 -7.0000000000e+00 1.0500000000e+01
2.0014325796e-03 -1.0000000000e+01 -7.0000000000e+00 1.0500000000e+01
1.3816418910e-03 -1.3000000000e+01 -7.0000000000e+00 1.0500000000e+01
7.4769574291e-04 -9.5000000000e+00 -7.0000000000e+00 1.0500000000e+01
4.5804846779e-04 -1.3500000000e+01 -7.0000000000e+00 1.0500000000e+01
1.9902662158e-04 -9.0000000000e+00 -7.0000000000e+00 1.0500000000e+01
1.0855495281e-04 -1.4000000000e+01 -7.0000000000e+00 1.0500000000e+01
5.5208479160e-05 -8.5000000000e+00 -7.5000000000e+00 1.0500000000e+01
6.1168306327e-05 -8.5000000000e+00 -8.0000000000e+00 1.0500000000e+01
5.9591115350e-05 -8.5000000000e+00 -8.5000000000e+00 1.0500000000e+01
4.3550779761e-05 -8.5000000000e+00 -9.0000000000e+00 1.0500000000e+01
1.3366969493e-03 -1.1500000000e+01 -7.0000000000e+00 8.5000000000e+00
1.3577622287e-03 -1.1000000000e+01 -7.0000000000e+00 8.5000000000e+00
9.3659898335e-04 -1.2000000000e+01 -7.0000000000e+00 8.5000000000e+00
1.0943695574e-03 -1.0500000000e+01 -7.0000000000e+00 8.5000000000e+00
4.9382412446e-04 -1.2500000000e+01 -7.0000000000e+00 8.5000000000e+00
6.3593541567e-04 -1.0000000000e+01 -7.0000000000e+00 8.5000000000e+00
1.8636792000e-04 -1.3000000000e+01 -7.0000000000e+00 8.5000000000e+00
2.7180978079e-04 -9.5000000000e+00 -7.0000000000e+00 8.5000000000e+00
5.4935139082e-05 -1.3500000000e+01 -7.0000000000e+00 8.5000000000e+00
8.4591876288e-05 -9.0000000000e+00 -7.0000000000e+00 8.5000000000e+00
4.0172051375e-05 -1.4000000000e+01 -7.0000000000e+00 8.5000000000e+00
6.1077660656e-03 -1.1500000000e+01 -7.0000000000e+00 1.0000000000e+01
5.7171923523e-03 -1.1000000000e+01 -7.0000000000e+00 1.0000000000e+01
4.8363894211e-03 -1.2000000000e+01 -7.0000000000e+00 1.0000000000e+01
4.0640264667e-03 -1.0500000000e+01 -7.0000000000e+00 1.0000000000e+01
2.8814030324e-03 -1.2500000000e+01 -7.0000000000e+00 1.0000000000e+01
2.1368575902e-03 -1.0000000000e+01 -7.0000000000e+00 1.0000000000e+01
1.2743827163e-03 -1.3000000000e+01 -7.0000000000e+00 1.0000000000e+01
8.2416033276e-04 -9.5000000000e+00 -7.0000000000e+00 1.0000000000e+01
4.0299937778e-04 -1.3500000000e+01 -7.0000000000e+00 1.0000000000e+01
2.2922337075e-04 -9.0000000000e+00 -7.0000000000e+00 1.0000000000e+01
9.3463487729e-05 -1.4000000000e+01 -7.0000000000e+00 1.0000000000e+01
4.6648527179e-05 -8.5000000000e+00 -7.0000000000e+00 1.0000000000e+01
6.6266888254e-05 -8.5000000000e+00 -7.5000000000e+00 1.0000000000e+01
7.2516693528e-05 -8.5000000000e+00 -8.0000000000e+00 1.0000000000e+01
7.0139134524e-05 -8.5000000000e+00 -8.5000000000e+00 1.0000000000e+01
5.0774179450e-05 -8.5000000000e+00 -9.0000000000e+00 1.0000000000e+01
2.8377610739e-03 -1.1500000000e+01 -7.0000000000e+00 9.0000000000e+00
2.8139791199e-03 -1.1000000000e+01 -7.0000000000e+00 9.0000000000e+00
2.0702735702e-03 -1.2000000000e+01 -7.0000000000e+00 9.0000000000e+00
2.1787117358e-03 -1.0500000000e+01 -7.0000000000e+00 9.0000000000e+00
1.1379593508e-03 -1.2500000000e+01 -7.0000000000e+00 9.0000000000e+00
1.2273145100e-03 -1.0000000000e+01 -7.0000000000e+00 9.0000000000e+00
4.5910807302e-04 -1.3000000000e+01 -7.0000000000e+00 9.0000000000e+00
5.0769393052e-04 -9.5000000000e+00 -7.0000000000e+00 9.0000000000e+00
1.3024088347e-04 -1.3500000000e+01 -7.0000000000e+00 9.0000000000e+00
1.5229438919e-04 -9.0000000000e+00 -7.0000000000e+00 9.0000000000e+00
4.7793450113e-05 -8.5000000000e+00 -7.5000000000e+00 9.0000000000e+00
5.2798834344e-05 -8.5000000000e+00 -8.0000000000e+00 9.0000000000e+00
5.0546937645e-05 -8.5000000000e+00 -8.5000000000e+00 9.0000000000e+00
4.7827284251e-03 -1.1500000000e+01 -7.0000000000e+00 9.5000000000e+00
4.6206105935e-03 -1.1000000000e+01 -7.0000000000e+00 9.5000000000e+00
3.6235234596e-03 -1.2000000000e+01 -7.0000000000e+00 9.5000000000e+00
3.4336788333e-03 -1.0500000000e+01 -7.0000000000e+00 9.5000000000e+00
2.0689866770e-03 -1.2500000000e+01 -7.0000000000e+00 9.5000000000e+00
1.8701805614e-03 -1.0000000000e+01 -7.0000000000e+00 9.5000000000e+00
8.7240153464e-04 -1.3000000000e+01 -7.0000000000e+00 9.5000000000e+00
7.4868548073e-04 -9.5000000000e+00 -7.0000000000e+00 9.5000000000e+00
2.5959302378e-04 -1.3500000000e+01 -7.0000000000e+00 9.5000000000e+00
2.1570355681e-04 -9.0000000000e+00 -7.0000000000e+00 9.5000000000e+00
5.5689115589e-05 -1.4000000000e+01 -7.0000000000e+00 9.5000000000e+00
4.5074114549e-05 -8.5000000000e+00 -7.0000000000e+00 9.5000000000e+00
6.5159418480e-05 -8.5000000000e+00 -7.5000000000e+00 9.5000000000e+00
7.2187004688e-05 -8.5000000000e+00 -8.0000000000e+00 9.5000000000e+00
6.9987980270e-05 -8.5000000000e+00 -8.5000000000e+00 9.5000000000e+00
5.1114692130e-05 -8.5000000000e+00 -9.0000000000e+00 9.5000000000e+00
4.2267175219e-05 -1.2000000000e+01 -8.5000000000e+00 1.3000000000e+01
9.9821857292e-05 -1.2000000000e+01 -8.0000000000e+00 1.3000000000e+01
7.2341923223e-05 -1.2500000000e+01 -8.0000000000e+00 1.3000000000e+01
4.0083996603e-05 -1.3000000000e+01 -8.0000000000e+00 1.3000000000e+01
1.2636137941e-04 -1.2000000000e+01 -7.5000000000e+00 1.3000000000e+01
1.2333584189e-04 -1.2000000000e+01 -7.0000000000e+00 1.3000000000e+01
9.4386966883e-05 -1.2500000000e+01 -7.0000000000e+00 1.3000000000e+01
5.4321843793e-05 -1.3000000000e+01 -7.0000000000e+00 1.3000000000e+01
4.5458705636e-05 -1.3000000000e+01 -6.5000000000e+00 1.3000000000e+01
7.8910754170e-05 -1.2500000000e+01 -6.5000000000e+00 1.3000000000e+01
6.5676736113e-05 -1.1000000000e+01 -6.5000000000e+00 1.3000000000e+01
1.0145022305e-04 -1.2000000000e+01 -6.5000000000e+00 1.3000000000e+01
9.2856162630e-05 -1.1500000000e+01 -6.5000000000e+00 1.3000000000e+01
4.3998081120e-05 -1.0500000000e+01 -7.0000000000e+00 1.3000000000e+01
4.0201448729e-04 -1.2000000000e+01 -6.5000000000e+00 1.2500000000e+01
4.4692324922e-05 -1.4000000000e+01 -6.5000000000e+00 1.2500000000e+01
7.2879931523e-05 -1.3500000000e+01 -6.5000000000e+00 1.2500000000e+01
7.4554047232e-05 -1.0000000000e+01 -6.5000000000e+00 1.2500000000e+01
1.6420414220e-04 -1.3000000000e+01 -6.5000000000e+00 1.2500000000e+01
1.7571948242e-04 -1.0500000000e+01 -6.5000000000e+00 1.2500000000e+01
2.9402869000e-04 -1.2500000000e+01 -6.5000000000e+00 1.2500000000e+01
3.0880265762e-04 -1.1000000000e+01 -6.5000000000e+00 1.2500000000e+01
3.9422199395e-04 -1.1500000000e+01 -6.5000000000e+00 1.2500000000e+01
8.4073337889e-05 -1.1000000000e+01 -7.0000000000e+00 1.3000000000e+01
1.1551970311e-04 -1.1500000000e+01 -7.0000000000e+00 1.3000000000e+01
5.5186133234e-05 -1.3000000000e+01 -7.5000000000e+00 1.3000000000e+01
4.5758203594e-05 -1.0500000000e+01 -7.5000000000e+00 1.3000000000e+01
9.6201240487e-05 -1.2500000000e+01 -7.5000000000e+00 1.3000000000e+01
8.7226951904e-05 -1.1000000000e+01 -7.5000000000e+00 1.3000000000e+01
1.0088781774e-03 -1.2000000000e+01 -6.5000000000e+00 1.2000000000e+01
7.1046884492e-04 -1.2500000000e+01 -6.5000000000e+00 1.2000000000e+01
3.8035582069e-04 -1.3000000000e+01 -6.5000000000e+00 1.2000000000e+01
7.0784368258e-05 -9.5000000000e+00 -6.5000000000e+00 1.2000000000e+01
1.5067638358e-04 -1.3500000000e+01 -6.5000000000e+00 1.2000000000e+01
2.1827632775e-04 -1.0000000000e+01 -6.5000000000e+00 1.2000000000e+01
4.9788069581e-04 -1.0500000000e+01 -6.5000000000e+00 1.2000000000e+01
8.4242603248e-04 -1.1000000000e+01 -6.5000000000e+00 1.2000000000e+01
1.0342078847e-03 -1.1500000000e+01 -6.5000000000e+00 1.2000000000e+01
1.1907250436e-04 -1.1500000000e+01 -7.5000000000e+00 1.3000000000e+01
1.9287029588e-03 -1.2000000000e+01 -6.5000000000e+00 1.1500000000e+01
1.3160419212e-03 -1.2500000000e+01 -6.5000000000e+00 1.1500000000e+01
2.5729955064e-04 -1.3500000000e+01 -6.5000000000e+00 1.1500000000e+01
7.2047828246e-05 -1.4000000000e+01 -6.5000000000e+00 1.1500000000e+01
4.0373355527e-05 -9.0000000000e+00 -6.5000000000e+00 1.1500000000e+01
5.5625584347e-05 -1.2000000000e+01 -6.5000000000e+00 7.5000000000e+00
8.3014826242e-05 -1.1500000000e+01 -6.5000000000e+00 7.5000000000e+00
4.1072971732e-05 -1.2500000000e+01 -6.5000000000e+00 7.5000000000e+00
4.5250877372e-05 -1.0000000000e+01 -6.5000000000e+00 7.5000000000e+00
7.2441443748e-05 -1.0500000000e+01 -6.5000000000e+00 7.5000000000e+00
8.6365709370e-05 -1.1000000000e+01 -6.5000000000e+00 7.5000000000e+00
1.6533301921e-04 -9.5000000000e+00 -6.5000000000e+00 1.1500000000e+01
4.9312391992e-04 -1.0000000000e+01 -6.5000000000e+00 1.1500000000e+01
6.7850438537e-04 -1.3000000000e+01 -6.5000000000e+00 1.1500000000e+01
1.0766241118e-03 -1.0500000000e+01 -6.5000000000e+00 1.1500000000e+01
1.7446063580e-03 -1.1000000000e+01 -6.5000000000e+00 1.1500000000e+01
2.0793947955e-03 -1.1500000000e+01 -6.5000000000e+00 1.1500000000e+01
7.2294454077e-05 -1.1000000000e+01 -8.0000000000e+00 1.3000000000e+01
9.6801487649e-05 -1.1500000000e+01 -8.0000000000e+00 1.3000000000e+01
2.8687543878e-03 -1.2000000000e+01 -6.5000000000e+00 1.1000000000e+01
1.8915832231e-03 -1.2500000000e+01 -6.5000000000e+00 1.1000000000e+01
9.3482694323e-04 -1.3000000000e+01 -6.5000000000e+00 1.1000000000e+01
3.3733346688e-04 -1.3500000000e+01 -6.5000000000e+00 1.1000000000e+01
9.0690002544e-05 -1.4000000000e+01 -6.5000000000e+00 1.1000000000e+01
7.5278646239e-05 -9.0000000000e+00 -6.5000000000e+00 1.1000000000e+01
3.0240634407e-04 -9.5000000000e+00 -6.5000000000e+00 1.1000000000e+01
8.6418086753e-04 -1.0000000000e+01 -6.5000000000e+00 1.1000000000e+01
2.0616954223e-04 -1.2000000000e+01 -6.5000000000e+00 8.0000000000e+00
2.9024519611e-04 -1.1500000000e+01 -6.5000000000e+00 8.0000000000e+00
1.1488388425e-04 -1.2500000000e+01 -6.5000000000e+00 8.0000000000e+00
5.1829541722e-05 -1.3000000000e+01 -6.5000000000e+00 8.0000000000e+00
6.2256283648e-05 -9.5000000000e+00 -6.5000000000e+00 8.0000000000e+00
1.4129522084e-04 -1.0000000000e+01 -6.5000000000e+00 8.0000000000e+00
2.3811483416e-04 -1.0500000000e+01 -6.5000000000e+00 8.0000000000e+00
2.9372518807e-04 -1.1000000000e+01 -6.5000000000e+00 8.0000000000e+00
1.8085923550e-03 -1.0500000000e+01 -6.5000000000e+00 1.1000000000e+01
2.8140907170e-03 -1.1000000000e+01 -6.5000000000e+00 1.1000000000e+01
3.2558102368e-03 -1.1500000000e+01 -6.5000000000e+00 1.1000000000e+01
3.2794937412e-03 -1.2000000000e+01 -6.5000000000e+00 1.0500000000e+01
3.8894459235e-03 -1.1500000000e+01 -6.5000000000e+00 1.0500000000e+01
2.0919183510e-03 -1.2500000000e+01 -6.5000000000e+00 1.0500000000e+01
1.0014916585e-03 -1.3000000000e+01 -6.5000000000e+00 1.0500000000e+01
3.5105047013e-04 -1.3500000000e+01 -6.5000000000e+00 1.0500000000e+01
9.1766497330e-05 -1.4000000000e+01 -6.5000000000e+00 1.0500000000e+01
1.1247086495e-04 -9.0000000000e+00 -6.5000000000e+00 1.0500000000e+01
4.3107411335e-04 -9.5000000000e+00 -6.5000000000e+00 1.0500000000e+01
1.1767718852e-03 -1.0000000000e+01 -6.5000000000e+00 1.0500000000e+01
5.9448848425e-04 -1.2000000000e+01 -6.5000000000e+00 8.5000000000e+00
8.0668205708e-04 -1.1500000000e+01 -6.5000000000e+00 8.5000000000e+00
3.3355956990e-04 -1.2500000000e+01 -6.5000000000e+00 8.5000000000e+00
1.4215396986e-04 -1.3000000000e+01 -6.5000000000e+00 8.5000000000e+00
4.5073220724e-05 -1.3500000000e+01 -6.5000000000e+00 8.5000000000e+00
4.6548129996e-05 -9.0000000000e+00 -6.5000000000e+00 8.5000000000e+00
1.4959130106e-04 -9.5000000000e+00 -6.5000000000e+00 8.5000000000e+00
3.5376660556e-04 -1.0000000000e+01 -6.5000000000e+00 8.5000000000e+00
3.1226633299e-03 -1.2000000000e+01 -6.5000000000e+00 1.0000000000e+01
3.8070235620e-03 -1.1500000000e+01 -6.5000000000e+00 1.0000000000e+01
1.9378960190e-03 -1.2500000000e+01 -6.5000000000e+00 1.0000000000e+01
8.9845714951e-04 -1.3000000000e+01 -6.5000000000e+00 1.0000000000e+01
3.0495180848e-04 -1.3500000000e+01 -6.5000000000e+00 1.0000000000e+01
7.2804197820e-05 -1.4000000000e+01 -6.5000000000e+00 1.0000000000e+01
1.2865692956e-04 -9.0000000000e+00 -6.5000000000e+00 1.0000000000e+01
4.7256787429e-04 -9.5000000000e+00 -6.5000000000e+00 1.0000000000e+01
1.2441440315e-03 -1.0000000000e+01 -6.5000000000e+00 1.0000000000e+01
2.4096277450e-03 -1.0500000000e+01 -6.5000000000e+00 1.0000000000e+01
3.4828056493e-03 -1.1000000000e+01 -6.5000000000e+00 1.0000000000e+01
6.2025653587e-04 -1.0500000000e+01 -6.5000000000e+00 8.5000000000e+00
1.3222274133e-03 -1.2000000000e+01 -6.5000000000e+00 9.0000000000e+00
7.6497649801e-04 -1.2500000000e+01 -6.5000000000e+00 9.0000000000e+00
3.3067272288e-04 -1.3000000000e+01 -6.5000000000e+00 9.0000000000e+00
1.0899769776e-04 -1.3500000000e+01 -6.5000000000e+00 9.0000000000e+00
4.2400269884e-05 -1.4000000000e+01 -6.5000000000e+00 9.0000000000e+00
8.3792474687e-05 -9.0000000000e+00 -6.5000000000e+00 9.0000000000e+00
2.8256388709e-04 -9.5000000000e+00 -6.5000000000e+00 9.0000000000e+00
6.9227861959e-04 -1.0000000000e+01 -6.5000000000e+00 9.0000000000e+00
1.2523852904e-03 -1.0500000000e+01 -6.5000000000e+00 9.0000000000e+00
2.3130422221e-03 -1.2000000000e+01 -6.5000000000e+00 9.5000000000e+00
1.3840555569e-03 -1.2500000000e+01 -6.5000000000e+00 9.5000000000e+00
6.1797141980e-04 -1.3000000000e+01 -6.5000000000e+00 9.5000000000e+00
2.0381376872e-04 -1.3500000000e+01 -6.5000000000e+00 9.5000000000e+00
4.7903562576e-05 -1.4000000000e+01 -6.5000000000e+00 9.5000000000e+00
5.4760870937e-05 -1.1500000000e+01 -6.0000000000e+00 1.3000000000e+01
4.8811742808e-05 -1.2500000000e+01 -6.0000000000e+00 1.3000000000e+01
6.1554745486e-05 -1.2000000000e+01 -6.0000000000e+00 1.3000000000e+01
2.1359815549e-04 -1.1500000000e+01 -6.0000000000e+00 1.2500000000e+01
1.6056866641e-04 -1.1000000000e+01 -6.0000000000e+00 1.2500000000e+01
8.9703908022e-05 -1.0500000000e+01 -6.0000000000e+00 1.2500000000e+01
4.0136747472e-05 -1.0000000000e+01 -6.0000000000e+00 1.2500000000e+01
4.3340365236e-05 -1.3500000000e+01 -6.0000000000e+00 1.2500000000e+01
1.0375699265e-04 -1.3000000000e+01 -6.0000000000e+00 1.2500000000e+01
1.7286723306e-04 -1.2500000000e+01 -6.0000000000e+00 1.2500000000e+01
2.2483793547e-04 -1.2000000000e+01 -6.0000000000e+00 1.2500000000e+01
5.3109244071e-04 -1.1500000000e+01 -6.0000000000e+00 1.2000000000e+01
4.1856682579e-04 -1.1000000000e+01 -6.0000000000e+00 1.2000000000e+01
2.4128831044e-04 -1.0500000000e+01 -6.0000000000e+00 1.2000000000e+01
4.9440543153e-05 -1.4000000000e+01 -6.0000000000e+00 1.2000000000e+01
9.5267303177e-05 -1.3500000000e+01 -6.0000000000e+00 1.2000000000e+01
1.0426376962e-04 -1.0000000000e+01 -6.0000000000e+00 1.2000000000e+01
2.2129055527e-04 -1.3000000000e+01 -6.0000000000e+00 1.2000000000e+01
3.9517755190e-04 -1.2500000000e+01 -6.0000000000e+00 1.2000000000e+01
5.3937288448e-04 -1.2000000000e+01 -6.0000000000e+00 1.2000000000e+01
4.2748777935e-05 -1.4000000000e+01 -6.0000000000e+00 1.1500000000e+01
7.5473691215e-05 -9.5000000000e+00 -6.0000000000e+00 1.1500000000e+01
1.5526912553e-04 -1.3500000000e+01 -6.0000000000e+00 1.1500000000e+01
2.2766210788e-04 -1.0000000000e+01 -6.0000000000e+00 1.1500000000e+01
3.8168723545e-04 -1.3000000000e+01 -6.0000000000e+00 1.1500000000e+01
5.0764895503e-04 -1.0500000000e+01 -6.0000000000e+00 1.1500000000e+01
7.0843059240e-04 -1.2500000000e+01 -6.0000000000e+00 1.1500000000e+01
8.4574536504e-04 -1.1000000000e+01 -6.0000000000e+00 1.1500000000e+01
1.0025745087e-03 -1.2000000000e+01 -6.0000000000e+00 1.1500000000e+01
1.0320130858e-03 -1.1500000000e+01 -6.0000000000e+00 1.1500000000e+01
1.4552598974e-03 -1.2000000000e+01 -6.0000000000e+00 1.1000000000e+01
1.5807054900e-03 -1.1500000000e+01 -6.0000000000e+00 1.1000000000e+01
5.1407472524e-04 -1.3000000000e+01 -6.0000000000e+00 1.1000000000e+01
8.3480659047e-04 -1.0500000000e+01 -6.0000000000e+00 1.1000000000e+01
5.2755530289e-05 -1.4000000000e+01 -6.0000000000e+00 1.1000000000e+01
5.8358681260e-05 -1.2500000000e+01 -6.0000000000e+00 8.0000000000e+00
5.3402863049e-05 -1.0000000000e+01 -6.0000000000e+00 8.0000000000e+00
9.4139533797e-05 -1.0500000000e+01 -6.0000000000e+00 8.0000000000e+00
1.2090567618e-04 -1.1000000000e+01 -6.0000000000e+00 8.0000000000e+00
9.1345145960e-05 -1.2000000000e+01 -6.0000000000e+00 8.0000000000e+00
1.2232572250e-04 -1.1500000000e+01 -6.0000000000e+00 8.0000000000e+00
1.3448825574e-04 -9.5000000000e+00 -6.0000000000e+00 1.1000000000e+01
2.0036017615e-04 -1.3500000000e+01 -6.0000000000e+00 1.1000000000e+01
3.9003105161e-04 -1.0000000000e+01 -6.0000000000e+00 1.1000000000e+01
9.9384083554e-04 -1.2500000000e+01 -6.0000000000e+00 1.1000000000e+01
2.0658428379e-04 -1.3500000000e+01 -6.0000000000e+00 1.0500000000e+01
5.3137779846e-05 -1.4000000000e+01 -6.0000000000e+00 1.0500000000e+01
4.8264528181e-05 -9.0000000000e+00 -6.0000000000e+00 1.0500000000e+01
1.8866295370e-04 -9.5000000000e+00 -6.0000000000e+00 1.0500000000e+01
5.2268505257e-04 -1.0000000000e+01 -6.0000000000e+00 1.0500000000e+01
1.5758679794e-04 -1.2500000000e+01 -6.0000000000e+00 8.5000000000e+00
7.0681791872e-05 -1.3000000000e+01 -6.0000000000e+00 8.5000000000e+00
5.9194568308e-05 -9.5000000000e+00 -6.0000000000e+00 8.5000000000e+00
1.4181650095e-04 -1.0000000000e+01 -6.0000000000e+00 8.5000000000e+00
2.5175147128e-04 -1.0500000000e+01 -6.0000000000e+00 8.5000000000e+00
3.3471283796e-04 -1.1000000000e+01 -6.0000000000e+00 8.5000000000e+00
2.6568122436e-04 -1.2000000000e+01 -6.0000000000e+00 8.5000000000e+00
3.4607259528e-04 -1.1500000000e+01 -6.0000000000e+00 8.5000000000e+00
5.4339180438e-04 -1.3000000000e+01 -6.0000000000e+00 1.0500000000e+01
1.0664585164e-03 -1.0500000000e+01 -6.0000000000e+00 1.0500000000e+01
4.7101057726e-04 -1.3000000000e+01 -6.0000000000e+00 1.0000000000e+01
1.0707454775e-03 -1.0500000000e+01 -6.0000000000e+00 1.0000000000e+01
1.7410724437e-04 -1.3500000000e+01 -6.0000000000e+00 1.0000000000e+01
4.9382143112e-05 -1.4000000000e+01 -6.0000000000e+00 1.0000000000e+01
5.5020204991e-05 -9.0000000000e+00 -6.0000000000e+00 1.0000000000e+01
2.0401510855e-04 -9.5000000000e+00 -6.0000000000e+00 1.0000000000e+01
3.6589795531e-04 -1.2500000000e+01 -6.0000000000e+00 9.0000000000e+00
7.2217653768e-04 -1.1000000000e+01 -6.0000000000e+00 9.0000000000e+00
1.7103190649e-04 -1.3000000000e+01 -6.0000000000e+00 9.0000000000e+00
6.1949740785e-05 -1.3500000000e+01 -6.0000000000e+00 9.0000000000e+00
1.1558488963e-04 -9.5000000000e+00 -6.0000000000e+00 9.0000000000e+00
2.8447201741e-04 -1.0000000000e+01 -6.0000000000e+00 9.0000000000e+00
5.2434784473e-04 -1.0500000000e+01 -6.0000000000e+00 9.0000000000e+00
1.3242404993e-03 -1.1500000000e+01 -6.0000000000e+00 9.5000000000e+00
1.2197543707e-03 -1.1000000000e+01 -6.0000000000e+00 9.5000000000e+00
1.1598255791e-04 -1.3500000000e+01 -6.0000000000e+00 9.5000000000e+00
9.6420806580e-05 -1.2000000000e+01 -5.5000000000e+00 1.2500000000e+01
5.1080341075e-05 -1.3000000000e+01 -5.5000000000e+00 1.2500000000e+01
7.8907446185e-05 -1.2500000000e+01 -5.5000000000e+00 1.2500000000e+01
6.1865289203e-05 -1.1000000000e+01 -5.5000000000e+00 1.2500000000e+01
8.7600294686e-05 -1.1500000000e+01 -5.5000000000e+00 1.2500000000e+01
2.0486755412e-04 -1.1500000000e+01 -5.5000000000e+00 1.2000000000e+01
2.1662242336e-04 -1.2000000000e+01 -5.5000000000e+00 1.2000000000e+01
1.5426937625e-04 -1.1000000000e+01 -5.5000000000e+00 1.2000000000e+01
4.2835998811e-05 -1.3500000000e+01 -5.5000000000e+00 1.2000000000e+01
1.0047751855e-04 -1.3000000000e+01 -5.5000000000e+00 1.2000000000e+01
8.5234870308e-05 -1.0500000000e+01 -5.5000000000e+00 1.2000000000e+01
1.6741253965e-04 -1.2500000000e+01 -5.5000000000e+00 1.2000000000e+01
4.9017156427e-05 -9.0000000000e+00 -6.0000000000e+00 9.5000000000e+00
3.7953861219e-04 -1.1500000000e+01 -5.5000000000e+00 1.1500000000e+01
2.9640876408e-04 -1.1000000000e+01 -5.5000000000e+00 1.1500000000e+01
7.4823666377e-05 -1.3500000000e+01 -5.5000000000e+00 1.1500000000e+01
7.2946969520e-05 -1.0000000000e+01 -5.5000000000e+00 1.1500000000e+01
1.6679636293e-04 -1.3000000000e+01 -5.5000000000e+00 1.1500000000e+01
1.7266284484e-04 -1.0500000000e+01 -5.5000000000e+00 1.1500000000e+01
2.8770168582e-04 -1.2500000000e+01 -5.5000000000e+00 1.1500000000e+01
3.8730928813e-04 -1.2000000000e+01 -5.5000000000e+00 1.1500000000e+01
9.3055448592e-05 -1.3500000000e+01 -5.5000000000e+00 1.1000000000e+01
1.2073752606e-04 -1.0000000000e+01 -5.5000000000e+00 1.1000000000e+01
2.1549887036e-04 -1.3000000000e+01 -5.5000000000e+00 1.1000000000e+01
2.6736154069e-04 -1.0500000000e+01 -5.5000000000e+00 1.1000000000e+01
6.2329045644e-04 -1.1500000000e+01 -5.5000000000e+00 1.0500000000e+01
5.8445152016e-04 -1.2000000000e+01 -5.5000000000e+00 1.0500000000e+01
5.2146252139e-04 -1.1000000000e+01 -5.5000000000e+00 1.0500000000e+01
6.7394211468e-05 -1.2000000000e+01 -5.5000000000e+00 8.5000000000e+00
8.1583888405e-05 -1.1500000000e+01 -5.5000000000e+00 8.5000000000e+00
4.0593050973e-05 -1.2500000000e+01 -5.5000000000e+00 8.5000000000e+00
7.5261003166e-05 -1.1000000000e+01 -5.5000000000e+00 8.5000000000e+00
5.3096849871e-05 -1.0500000000e+01 -5.5000000000e+00 8.5000000000e+00
5.2888629039e-05 -9.5000000000e+00 -5.5000000000e+00 1.0500000000e+01
9.1027611452e-05 -1.3500000000e+01 -5.5000000000e+00 1.0500000000e+01
1.5088084217e-04 -1.0000000000e+01 -5.5000000000e+00 1.0500000000e+01
2.2007482345e-04 -1.3000000000e+01 -5.5000000000e+00 1.0500000000e+01
3.2468434384e-04 -1.0500000000e+01 -5.5000000000e+00 1.0500000000e+01
4.0743676475e-04 -1.2500000000e+01 -5.5000000000e+00 1.0500000000e+01
5.0077693278e-04 -1.2000000000e+01 -5.5000000000e+00 1.0000000000e+01
5.4139282444e-05 -9.5000000000e+00 -5.5000000000e+00 1.0000000000e+01
6.8888302948e-05 -1.3500000000e+01 -5.5000000000e+00 1.0000000000e+01
1.9811168309e-04 -1.1500000000e+01 -5.5000000000e+00 9.0000000000e+00
1.7898018815e-04 -1.1000000000e+01 -5.5000000000e+00 9.0000000000e+00
5.5724887633e-05 -1.3000000000e+01 -5.5000000000e+00 9.0000000000e+00
6.6164258304e-05 -1.0000000000e+01 -5.5000000000e+00 9.0000000000e+00
1.2316701834e-04 -1.0500000000e+01 -5.5000000000e+00 9.0000000000e+00
1.1212166872e-04 -1.2500000000e+01 -5.5000000000e+00 9.0000000000e+00
1.6819561646e-04 -1.2000000000e+01 -5.5000000000e+00 9.0000000000e+00
1.5029041105e-04 -1.0000000000e+01 -5.5000000000e+00 1.0000000000e+01
1.7928837633e-04 -1.3000000000e+01 -5.5000000000e+00 1.0000000000e+01
3.0508262901e-04 -1.0500000000e+01 -5.5000000000e+00 1.0000000000e+01
3.4048051581e-04 -1.2500000000e+01 -5.5000000000e+00 1.0000000000e+01
4.7341614867e-04 -1.1000000000e+01 -5.5000000000e+00 1.0000000000e+01
5.5149068503e-04 -1.1500000000e+01 -5.5000000000e+00 1.0000000000e+01
3.2869964149e-04 -1.2000000000e+01 -5.5000000000e+00 9.5000000000e+00
3.7494771632e-04 -1.1500000000e+01 -5.5000000000e+00 9.5000000000e+00
2.2386961188e-04 -1.2500000000e+01 -5.5000000000e+00 9.5000000000e+00
1.1561782390e-04 -1.3000000000e+01 -5.5000000000e+00 9.5000000000e+00
4.2016069674e-05 -1.3500000000e+01 -5.5000000000e+00 9.5000000000e+00
5.9814123002e-05 -1.2000000000e+01 -5.0000000000e+00 1.2000000000e+01
4.9336007849e-05 -1.2500000000e+01 -5.0000000000e+00 1.2000000000e+01
5.1547199664e-05 -1.1500000000e+01 -5.0000000000e+00 1.2000000000e+01
8.9876066527e-05 -1.2000000000e+01 -5.0000000000e+00 1.1500000000e+01
8.6198587268e-05 -1.1500000000e+01 -5.0000000000e+00 1.1500000000e+01
4.6781909624e-05 -1.3000000000e+01 -5.0000000000e+00 1.1500000000e+01
5.3427080505e-05 -1.3000000000e+01 -5.0000000000e+00 1.1000000000e+01
4.4648930708e-05 -1.0500000000e+01 -5.0000000000e+00 1.1000000000e+01
9.4058402483e-05 -1.2500000000e+01 -5.0000000000e+00 1.1000000000e+01
7.5428151405e-05 -1.1000000000e+01 -5.0000000000e+00 1.1000000000e+01
1.1162201837e-04 -1.2000000000e+01 -5.0000000000e+00 1.1000000000e+01
1.0307553345e-04 -1.1500000000e+01 -5.0000000000e+00 1.1000000000e+01
1.0618441315e-04 -1.2000000000e+01 -5.0000000000e+00 1.0500000000e+01
1.0018657305e-04 -1.1500000000e+01 -5.0000000000e+00 1.0500000000e+01
8.5720184316e-05 -1.2500000000e+01 -5.0000000000e+00 1.0500000000e+01
4.6890871613e-05 -1.3000000000e+01 -5.0000000000e+00 1.0500000000e+01
6.8764599366e-05 -1.1000000000e+01 -5.0000000000e+00 1.0000000000e+01
5.8416560091e-05 -1.2500000000e+01 -5.0000000000e+00 1.0000000000e+01
8.0552862952e-05 -1.2000000000e+01 -5.0000000000e+00 1.0000000000e+01
7.9302800073e-05 -1.1500000000e+01 -5.0000000000e+00 1.0000000000e+01
4.2632981953e-05 -1.1000000000e+01 -5.0000000000e+00 9.5000000000e+00
4.4037873723e-05 -1.2000000000e+01 -5.0000000000e+00 9.5000000000e+00
5.0036780179e-05 -1.1500000000e+01 -5.0000000000e+00 9.5000000000e+00
4.2838329611e-05 -1.0500000000e+01 -5.0000000000e+00 1.0000000000e+01
5.0039586385e-05 -1.0500000000e+01 -5.0000000000e+00 1.0500000000e+01
7.9263613862e-05 -1.1000000000e+01 -5.0000000000e+00 1.0500000000e+01
7.9737588670e-05 -1.2500000000e+01 -5.0000000000e+00 1.1500000000e+01
5.9614225751e-05 -1.1000000000e+01 -5.0000000000e+00 1.1500000000e+01
4.1854451018e-05 -9.5000000000e+00 -5.5000000000e+00 9.5000000000e+00
1.1223050214e-04 -1.0000000000e+01 -5.5000000000e+00 9.5000000000e+00
2.2061423672e-04 -1.0500000000e+01 -5.5000000000e+00 9.5000000000e+00
3.3033368663e-04 -1.1000000000e+01 -5.5000000000e+00 9.5000000000e+00
3.8696971688e-04 -1.2500000000e+01 -5.5000000000e+00 1.1000000000e+01
4.4913939619e-04 -1.1000000000e+01 -5.5000000000e+00 1.1000000000e+01
5.4093199351e-04 -1.2000000000e+01 -5.5000000000e+00 1.1000000000e+01
5.5229688485e-04 -1.1500000000e+01 -5.5000000000e+00 1.1000000000e+01
1.7540045941e-04 -9.5000000000e+00 -6.0000000000e+00 9.5000000000e+00
4.4961512931e-04 -1.0000000000e+01 -6.0000000000e+00 9.5000000000e+00
3.1841588712e-04 -1.3000000000e+01 -6.0000000000e+00 9.5000000000e+00
8.5409502154e-04 -1.0500000000e+01 -6.0000000000e+00 9.5000000000e+00
6.7486374981e-04 -1.2500000000e+01 -6.0000000000e+00 9.5000000000e+00
1.0839382166e-03 -1.2000000000e+01 -6.0000000000e+00 9.5000000000e+00
6.0441937960e-04 -1.2000000000e+01 -6.0000000000e+00 9.0000000000e+00
7.6428626989e-04 -1.1500000000e+01 -6.0000000000e+00 9.0000000000e+00
5.4273340427e-04 -1.0000000000e+01 -6.0000000000e+00 1.0000000000e+01
9.6948726217e-04 -1.2500000000e+01 -6.0000000000e+00 1.0000000000e+01
1.5862606120e-03 -1.1000000000e+01 -6.0000000000e+00 1.0000000000e+01
1.5073927015e-03 -1.2000000000e+01 -6.0000000000e+00 1.0000000000e+01
1.7744936440e-03 -1.1500000000e+01 -6.0000000000e+00 1.0000000000e+01
1.0835870485e-03 -1.2500000000e+01 -6.0000000000e+00 1.0500000000e+01
1.6289976203e-03 -1.1000000000e+01 -6.0000000000e+00 1.0500000000e+01
1.6360324750e-03 -1.2000000000e+01 -6.0000000000e+00 1.0500000000e+01
1.8655481591e-03 -1.1500000000e+01 -6.0000000000e+00 1.0500000000e+01
1.3350992716e-03 -1.1000000000e+01 -6.0000000000e+00 1.1000000000e+01
1.1864375581e-04 -9.0000000000e+00 -6.5000000000e+00 9.5000000000e+00
4.1967465500e-04 -9.5000000000e+00 -6.5000000000e+00 9.5000000000e+00
1.0654097316e-03 -1.0000000000e+01 -6.5000000000e+00 9.5000000000e+00
1.9901116073e-03 -1.0500000000e+01 -6.5000000000e+00 9.5000000000e+00
2.7611550904e-03 -1.1000000000e+01 -6.5000000000e+00 9.5000000000e+00
2.9293756590e-03 -1.1500000000e+01 -6.5000000000e+00 9.5000000000e+00
1.6715796291e-03 -1.1000000000e+01 -6.5000000000e+00 9.0000000000e+00
1.7308365940e-03 -1.1500000000e+01 -6.5000000000e+00 9.0000000000e+00
7.9673541635e-04 -1.1000000000e+01 -6.5000000000e+00 8.5000000000e+00
2.3497936854e-03 -1.0500000000e+01 -6.5000000000e+00 1.0500000000e+01
3.4881123468e-03 -1.1000000000e+01 -6.5000000000e+00 1.0500000000e+01
4.0730812993e-05 -1.1500000000e+01 -8.5000000000e+00 1.3000000000e+01
