inf
1.7867398884e-03 -1.1500000000e+01 -1.0000000000e+01 9.5000000000e+00
1.0107268932e-03 -1.1500000000e+01 -1.0000000000e+01 9.0000000000e+00
3.3262926625e-04 -1.1500000000e+01 -1.0500000000e+01 9.0000000000e+00
6.3251950865e-04 -1.1500000000e+01 -1.0500000000e+01 9.5000000000e+00
6.8462437211e-04 -1.2000000000e+01 -1.0000000000e+01 9.0000000000e+00
2.0857204136e-03 -1.1500000000e+01 -1.0000000000e+01 1.0000000000e+01
7.6820378001e-04 -1.1500000000e+01 -1.0500000000e+01 1.0000000000e+01
1.2619930528e-03 -1.2000000000e+01 -1.0000000000e+01 9.5000000000e+00
4.2486610640e-03 -1.1500000000e+01 -9.5000000000e+00 1.0000000000e+01
4.1167754811e-03 -1.1000000000e+01 -9.5000000000e+00 1.0000000000e+01
2.0641012308e-03 -1.1000000000e+01 -1.0000000000e+01 1.0000000000e+01
7.8689691751e-04 -1.1000000000e+01 -1.0500000000e+01 1.0000000000e+01
2.1852026789e-03 -1.1500000000e+01 -9.5000000000e+00 9.0000000000e+00
3.2749120362e-03 -1.2000000000e+01 -9.5000000000e+00 1.0000000000e+01
2.2716517331e-03 -1.1000000000e+01 -9.5000000000e+00 9.0000000000e+00
1.0934680641e-03 -1.1000000000e+01 -1.0000000000e+01 9.0000000000e+00
3.8657947823e-04 -1.1000000000e+01 -1.0500000000e+01 9.0000000000e+00
3.6966558337e-03 -1.1500000000e+01 -9.5000000000e+00 9.5000000000e+00
3.7211074658e-03 -1.1000000000e+01 -9.5000000000e+00 9.5000000000e+00
1.8552943275e-03 -1.1000000000e+01 -1.0000000000e+01 9.5000000000e+00
6.9493627753e-04 -1.1000000000e+01 -1.0500000000e+01 9.5000000000e+00
4.8030488949e-04 -1.1500000000e+01 -1.0000000000e+01 8.5000000000e+00
1.4946068944e-04 -1.1500000000e+01 -1.0500000000e+01 8.5000000000e+00
2.7012923929e-03 -1.2000000000e+01 -9.5000000000e+00 9.5000000000e+00
1.5438667002e-03 -1.2000000000e+01 -9.5000000000e+00 9.0000000000e+00
1.5694897976e-03 -1.2000000000e+01 -1.0000000000e+01 1.0000000000e+01
5.5631051412e-04 -1.2000000000e+01 -1.0500000000e+01 1.0000000000e+01
4.2081187857e-04 -1.2000000000e+01 -1.0500000000e+01 9.5000000000e+00
2.0931423435e-04 -1.2000000000e+01 -1.0500000000e+01 9.0000000000e+00
1.0700479597e-03 -1.1500000000e+01 -9.5000000000e+00 8.5000000000e+00
1.1492787537e-03 -1.1000000000e+01 -9.5000000000e+00 8.5000000000e+00
5.4232454768e-04 -1.1000000000e+01 -1.0000000000e+01 8.5000000000e+00
1.8433781121e-04 -1.1000000000e+01 -1.0500000000e+01 8.5000000000e+00
7.2684312066e-04 -1.2000000000e+01 -9.5000000000e+00 8.5000000000e+00
3.1000980685e-04 -1.2000000000e+01 -1.0000000000e+01 8.5000000000e+00
8.7310270672e-05 -1.2000000000e+01 -1.0500000000e+01 8.5000000000e+00
3.6883907518e-04 -1.2500000000e+01 -9.5000000000e+00 8.5000000000e+00
1.8168798133e-04 -1.1500000000e+01 -1.1000000000e+01 1.0000000000e+01
1.9698512870e-04 -1.1000000000e+01 -1.1000000000e+01 1.0000000000e+01
1.2425459542e-04 -1.2000000000e+01 -1.1000000000e+01 1.0000000000e+01
1.4696433474e-04 -1.2500000000e+01 -1.0000000000e+01 8.5000000000e+00
1.9030533050e-03 -1.2500000000e+01 -9.5000000000e+00 1.0000000000e+01
6.6765932113e-05 -1.1500000000e+01 -1.1000000000e+01 9.0000000000e+00
8.5897076103e-05 -1.1000000000e+01 -1.1000000000e+01 9.0000000000e+00
8.8532193974e-04 -1.2500000000e+01 -1.0000000000e+01 1.0000000000e+01
2.9826066228e-04 -1.2500000000e+01 -1.0500000000e+01 1.0000000000e+01
6.1938223070e-05 -1.2500000000e+01 -1.1000000000e+01 1.0000000000e+01
8.1943226995e-04 -1.2500000000e+01 -9.5000000000e+00 9.0000000000e+00
1.3849187737e-04 -1.1500000000e+01 -1.1000000000e+01 9.5000000000e+00
1.6765405660e-04 -1.1000000000e+01 -1.1000000000e+01 9.5000000000e+00
8.4319400853e-05 -1.2000000000e+01 -1.1000000000e+01 9.5000000000e+00
3.4464910471e-04 -1.2500000000e+01 -1.0000000000e+01 9.0000000000e+00
9.4827555384e-05 -1.2500000000e+01 -1.0500000000e+01 9.0000000000e+00
1.4876684601e-03 -1.2500000000e+01 -9.5000000000e+00 9.5000000000e+00
1.9948550501e-03 -1.1500000000e+01 -1.0000000000e+01 1.0500000000e+01
7.3308194282e-04 -1.1500000000e+01 -1.0500000000e+01 1.0500000000e+01
4.0583325219e-03 -1.1500000000e+01 -9.5000000000e+00 1.0500000000e+01
3.8962957462e-03 -1.1000000000e+01 -9.5000000000e+00 1.0500000000e+01
1.9602266433e-03 -1.1000000000e+01 -1.0000000000e+01 1.0500000000e+01
7.4812983369e-04 -1.1000000000e+01 -1.0500000000e+01 1.0500000000e+01
1.7197779665e-04 -1.1500000000e+01 -1.1000000000e+01 1.0500000000e+01
3.1543377502e-03 -1.2000000000e+01 -9.5000000000e+00 1.0500000000e+01
1.5109206832e-03 -1.2000000000e+01 -1.0000000000e+01 1.0500000000e+01
5.3395999646e-04 -1.2000000000e+01 -1.0500000000e+01 1.0500000000e+01
1.8667127602e-04 -1.1000000000e+01 -1.1000000000e+01 1.0500000000e+01
1.1957957496e-04 -1.2000000000e+01 -1.1000000000e+01 1.0500000000e+01
6.6557783217e-04 -1.2500000000e+01 -1.0000000000e+01 9.5000000000e+00
2.0542723779e-04 -1.2500000000e+01 -1.0500000000e+01 9.5000000000e+00
1.8510476612e-03 -1.2500000000e+01 -9.5000000000e+00 1.0500000000e+01
6.3467265924e-03 -1.1500000000e+01 -9.0000000000e+00 1.0500000000e+01
5.9402741711e-03 -1.1000000000e+01 -9.0000000000e+00 1.0500000000e+01
5.0676930665e-03 -1.2000000000e+01 -9.0000000000e+00 1.0500000000e+01
4.2094608421e-03 -1.0500000000e+01 -9.0000000000e+00 1.0500000000e+01
2.8358603917e-03 -1.0500000000e+01 -9.5000000000e+00 1.0500000000e+01
1.4598641889e-03 -1.0500000000e+01 -1.0000000000e+01 1.0500000000e+01
5.7435996461e-04 -1.0500000000e+01 -1.0500000000e+01 1.0500000000e+01
1.5098951114e-04 -1.0500000000e+01 -1.1000000000e+01 1.0500000000e+01
1.7382747729e-03 -1.1500000000e+01 -9.0000000000e+00 8.5000000000e+00
1.7997778607e-03 -1.1000000000e+01 -9.0000000000e+00 8.5000000000e+00
1.2267544280e-03 -1.2000000000e+01 -9.0000000000e+00 8.5000000000e+00
3.0556699958e-03 -1.2500000000e+01 -9.0000000000e+00 1.0500000000e+01
1.4494088248e-03 -1.0500000000e+01 -9.0000000000e+00 8.5000000000e+00
9.5116151167e-04 -1.0500000000e+01 -9.5000000000e+00 8.5000000000e+00
4.6351744205e-04 -1.0500000000e+01 -1.0000000000e+01 8.5000000000e+00
1.6650787376e-04 -1.0500000000e+01 -1.0500000000e+01 8.5000000000e+00
6.6479500621e-03 -1.1500000000e+01 -9.0000000000e+00 1.0000000000e+01
6.2884458778e-03 -1.1000000000e+01 -9.0000000000e+00 1.0000000000e+01
5.2446947358e-03 -1.2000000000e+01 -9.0000000000e+00 1.0000000000e+01
4.5358534882e-03 -1.0500000000e+01 -9.0000000000e+00 1.0000000000e+01
3.0437235141e-03 -1.0500000000e+01 -9.5000000000e+00 1.0000000000e+01
1.5575159573e-03 -1.0500000000e+01 -1.0000000000e+01 1.0000000000e+01
6.0913163530e-04 -1.0500000000e+01 -1.0500000000e+01 1.0000000000e+01
1.5971618247e-04 -1.0500000000e+01 -1.1000000000e+01 1.0000000000e+01
3.5000727372e-03 -1.1500000000e+01 -9.0000000000e+00 9.0000000000e+00
3.5254846750e-03 -1.1000000000e+01 -9.0000000000e+00 9.0000000000e+00
2.5587156934e-03 -1.2000000000e+01 -9.0000000000e+00 9.0000000000e+00
3.1292771049e-03 -1.2500000000e+01 -9.0000000000e+00 1.0000000000e+01
2.7409978733e-03 -1.0500000000e+01 -9.0000000000e+00 9.0000000000e+00
1.8180296349e-03 -1.0500000000e+01 -9.5000000000e+00 9.0000000000e+00
9.0094827644e-04 -1.0500000000e+01 -1.0000000000e+01 9.0000000000e+00
3.3339504130e-04 -1.0500000000e+01 -1.0500000000e+01 9.0000000000e+00
7.9471417853e-05 -1.0500000000e+01 -1.1000000000e+01 9.0000000000e+00
5.7376350400e-03 -1.1500000000e+01 -9.0000000000e+00 9.5000000000e+00
5.6189753056e-03 -1.1000000000e+01 -9.0000000000e+00 9.5000000000e+00
4.3369974749e-03 -1.2000000000e+01 -9.0000000000e+00 9.5000000000e+00
4.2117067830e-03 -1.0500000000e+01 -9.0000000000e+00 9.5000000000e+00
2.8619521391e-03 -1.0500000000e+01 -9.5000000000e+00 9.5000000000e+00
1.4635174845e-03 -1.0500000000e+01 -1.0000000000e+01 9.5000000000e+00
5.6791770531e-04 -1.0500000000e+01 -1.0500000000e+01 9.5000000000e+00
1.4699012068e-04 -1.0500000000e+01 -1.1000000000e+01 9.5000000000e+00
1.5699147973e-04 -1.1500000000e+01 -1.0000000000e+01 8.0000000000e+00
4.0866871218e-05 -1.1500000000e+01 -1.0500000000e+01 8.0000000000e+00
3.7858696590e-04 -1.1500000000e+01 -9.5000000000e+00 8.0000000000e+00
4.3028658480e-04 -1.1000000000e+01 -9.5000000000e+00 8.0000000000e+00
1.9257299855e-04 -1.1000000000e+01 -1.0000000000e+01 8.0000000000e+00
5.8488859431e-05 -1.1000000000e+01 -1.0500000000e+01 8.0000000000e+00
2.4008923333e-04 -1.2000000000e+01 -9.5000000000e+00 8.0000000000e+00
9.1488391392e-05 -1.2000000000e+01 -1.0000000000e+01 8.0000000000e+00
2.4778122813e-03 -1.2500000000e+01 -9.0000000000e+00 9.5000000000e+00
1.4134457345e-03 -1.2500000000e+01 -9.0000000000e+00 9.0000000000e+00
6.5286059184e-04 -1.2500000000e+01 -9.0000000000e+00 8.5000000000e+00
8.6094536856e-04 -1.2500000000e+01 -1.0000000000e+01 1.0500000000e+01
2.8972401183e-04 -1.2500000000e+01 -1.0500000000e+01 1.0500000000e+01
6.1121400718e-05 -1.2500000000e+01 -1.1000000000e+01 1.0500000000e+01
1.1173039087e-04 -1.2500000000e+01 -9.5000000000e+00 8.0000000000e+00
6.4140676753e-04 -1.1500000000e+01 -9.0000000000e+00 8.0000000000e+00
6.9283620427e-04 -1.1000000000e+01 -9.0000000000e+00 8.0000000000e+00
4.2931126668e-04 -1.2000000000e+01 -9.0000000000e+00 8.0000000000e+00
5.8103718309e-04 -1.0500000000e+01 -9.0000000000e+00 8.0000000000e+00
3.7309434690e-04 -1.0500000000e+01 -9.5000000000e+00 8.0000000000e+00
1.7510633223e-04 -1.0500000000e+01 -1.0000000000e+01 8.0000000000e+00
5.8410983338e-05 -1.0500000000e+01 -1.0500000000e+01 8.0000000000e+00
2.1477963399e-04 -1.2500000000e+01 -9.0000000000e+00 8.0000000000e+00
7.8255260297e-05 -1.3000000000e+01 -9.0000000000e+00 8.0000000000e+00
1.3831374958e-03 -1.3000000000e+01 -9.0000000000e+00 1.0500000000e+01
8.1221879986e-04 -1.3000000000e+01 -9.5000000000e+00 1.0500000000e+01
3.6515550640e-04 -1.3000000000e+01 -1.0000000000e+01 1.0500000000e+01
1.1556074798e-04 -1.3000000000e+01 -1.0500000000e+01 1.0500000000e+01
2.5708728059e-04 -1.3000000000e+01 -9.0000000000e+00 8.5000000000e+00
1.3695263209e-04 -1.3000000000e+01 -9.5000000000e+00 8.5000000000e+00
4.9557196518e-05 -1.3000000000e+01 -1.0000000000e+01 8.5000000000e+00
1.4013052015e-03 -1.3000000000e+01 -9.0000000000e+00 1.0000000000e+01
8.2551267285e-04 -1.3000000000e+01 -9.5000000000e+00 1.0000000000e+01
3.7076119553e-04 -1.3000000000e+01 -1.0000000000e+01 1.0000000000e+01
1.1701851869e-04 -1.3000000000e+01 -1.0500000000e+01 1.0000000000e+01
5.8153166363e-04 -1.3000000000e+01 -9.0000000000e+00 9.0000000000e+00
3.2114981141e-04 -1.3000000000e+01 -9.5000000000e+00 9.0000000000e+00
1.2626175333e-04 -1.3000000000e+01 -1.0000000000e+01 9.0000000000e+00
1.0583747322e-03 -1.3000000000e+01 -9.0000000000e+00 9.5000000000e+00
6.1116440552e-04 -1.3000000000e+01 -9.5000000000e+00 9.5000000000e+00
1.6088173429e-03 -1.1500000000e+01 -1.0000000000e+01 1.1000000000e+01
6.1244681628e-04 -1.1500000000e+01 -1.0500000000e+01 1.1000000000e+01
3.1882888124e-03 -1.1500000000e+01 -9.5000000000e+00 1.1000000000e+01
2.9492271174e-03 -1.1000000000e+01 -9.5000000000e+00 1.1000000000e+01
1.5179925733e-03 -1.1000000000e+01 -1.0000000000e+01 1.1000000000e+01
5.9755800550e-04 -1.1000000000e+01 -1.0500000000e+01 1.1000000000e+01
1.4906894546e-04 -1.1500000000e+01 -1.1000000000e+01 1.1000000000e+01
2.5762760535e-03 -1.2000000000e+01 -9.5000000000e+00 1.1000000000e+01
1.2668241719e-03 -1.2000000000e+01 -1.0000000000e+01 1.1000000000e+01
4.6327806461e-04 -1.2000000000e+01 -1.0500000000e+01 1.1000000000e+01
1.5603209312e-04 -1.1000000000e+01 -1.1000000000e+01 1.1000000000e+01
1.0491433366e-04 -1.2000000000e+01 -1.1000000000e+01 1.1000000000e+01
1.5644060418e-03 -1.2500000000e+01 -9.5000000000e+00 1.1000000000e+01
4.9160275714e-03 -1.1500000000e+01 -9.0000000000e+00 1.1000000000e+01
4.4440486121e-03 -1.1000000000e+01 -9.0000000000e+00 1.1000000000e+01
4.0849069296e-03 -1.2000000000e+01 -9.0000000000e+00 1.1000000000e+01
3.0216487625e-03 -1.0500000000e+01 -9.0000000000e+00 1.1000000000e+01
2.0505397068e-03 -1.0500000000e+01 -9.5000000000e+00 1.1000000000e+01
1.0753046935e-03 -1.0500000000e+01 -1.0000000000e+01 1.1000000000e+01
4.3561551628e-04 -1.0500000000e+01 -1.0500000000e+01 1.1000000000e+01
1.1967852218e-04 -1.0500000000e+01 -1.1000000000e+01 1.1000000000e+01
2.5510351279e-03 -1.2500000000e+01 -9.0000000000e+00 1.1000000000e+01
7.4542845744e-04 -1.2500000000e+01 -1.0000000000e+01 1.1000000000e+01
2.5854656856e-04 -1.2500000000e+01 -1.0500000000e+01 1.1000000000e+01
5.4735041330e-05 -1.2500000000e+01 -1.1000000000e+01 1.1000000000e+01
2.5949737823e-04 -1.3000000000e+01 -1.0000000000e+01 9.5000000000e+00
7.1788603939e-05 -1.3000000000e+01 -1.0500000000e+01 9.5000000000e+00
1.1951377076e-03 -1.3000000000e+01 -9.0000000000e+00 1.1000000000e+01
7.1051941688e-04 -1.3000000000e+01 -9.5000000000e+00 1.1000000000e+01
5.5430326750e-03 -1.1500000000e+01 -8.5000000000e+00 1.1000000000e+01
4.9234056264e-03 -1.1000000000e+01 -8.5000000000e+00 1.1000000000e+01
4.7122446280e-03 -1.2000000000e+01 -8.5000000000e+00 1.1000000000e+01
3.2955685219e-03 -1.0500000000e+01 -8.5000000000e+00 1.1000000000e+01
3.0374376442e-03 -1.2500000000e+01 -8.5000000000e+00 1.1000000000e+01
1.6536431844e-03 -1.0000000000e+01 -8.5000000000e+00 1.1000000000e+01
1.5382771385e-03 -1.0000000000e+01 -9.0000000000e+00 1.1000000000e+01
1.0678139242e-03 -1.0000000000e+01 -9.5000000000e+00 1.1000000000e+01
5.7101874324e-04 -1.0000000000e+01 -1.0000000000e+01 1.1000000000e+01
2.3646411860e-04 -1.0000000000e+01 -1.0500000000e+01 1.1000000000e+01
6.7423668295e-05 -1.0000000000e+01 -1.1000000000e+01 1.1000000000e+01
7.7215488373e-04 -1.1500000000e+01 -8.5000000000e+00 8.0000000000e+00
8.0696395252e-04 -1.1000000000e+01 -8.5000000000e+00 8.0000000000e+00
5.3697302693e-04 -1.2000000000e+01 -8.5000000000e+00 8.0000000000e+00
6.6203359627e-04 -1.0500000000e+01 -8.5000000000e+00 8.0000000000e+00
2.8271274053e-04 -1.2500000000e+01 -8.5000000000e+00 8.0000000000e+00
1.4770322003e-03 -1.3000000000e+01 -8.5000000000e+00 1.1000000000e+01
3.9659531779e-04 -1.0000000000e+01 -8.5000000000e+00 8.0000000000e+00
3.5590205843e-04 -1.0000000000e+01 -9.0000000000e+00 8.0000000000e+00
2.3711164888e-04 -1.0000000000e+01 -9.5000000000e+00 8.0000000000e+00
1.1708011330e-04 -1.0000000000e+01 -1.0000000000e+01 8.0000000000e+00
4.1975364306e-05 -1.0000000000e+01 -1.0500000000e+01 8.0000000000e+00
7.1893230930e-03 -1.1500000000e+01 -8.5000000000e+00 1.0500000000e+01
6.6128951185e-03 -1.1000000000e+01 -8.5000000000e+00 1.0500000000e+01
5.8843553118e-03 -1.2000000000e+01 -8.5000000000e+00 1.0500000000e+01
4.6098576597e-03 -1.0500000000e+01 -8.5000000000e+00 1.0500000000e+01
3.6531720579e-03 -1.2500000000e+01 -8.5000000000e+00 1.0500000000e+01
2.4011972105e-03 -1.0000000000e+01 -8.5000000000e+00 1.0500000000e+01
2.2251319532e-03 -1.0000000000e+01 -9.0000000000e+00 1.0500000000e+01
1.5382745960e-03 -1.0000000000e+01 -9.5000000000e+00 1.0500000000e+01
8.1209115279e-04 -1.0000000000e+01 -1.0000000000e+01 1.0500000000e+01
3.2880250601e-04 -1.0000000000e+01 -1.0500000000e+01 1.0500000000e+01
9.0568928762e-05 -1.0000000000e+01 -1.1000000000e+01 1.0500000000e+01
2.0268239775e-03 -1.1500000000e+01 -8.5000000000e+00 8.5000000000e+00
2.0487876679e-03 -1.1000000000e+01 -8.5000000000e+00 8.5000000000e+00
1.4701646041e-03 -1.2000000000e+01 -8.5000000000e+00 8.5000000000e+00
1.6185391817e-03 -1.0500000000e+01 -8.5000000000e+00 8.5000000000e+00
8.1087485303e-04 -1.2500000000e+01 -8.5000000000e+00 8.5000000000e+00
1.7126888446e-03 -1.3000000000e+01 -8.5000000000e+00 1.0500000000e+01
9.4131409169e-04 -1.0000000000e+01 -8.5000000000e+00 8.5000000000e+00
8.5535380675e-04 -1.0000000000e+01 -9.0000000000e+00 8.5000000000e+00
5.8005056308e-04 -1.0000000000e+01 -9.5000000000e+00 8.5000000000e+00
2.9375259321e-04 -1.0000000000e+01 -1.0000000000e+01 8.5000000000e+00
1.1061540525e-04 -1.0000000000e+01 -1.0500000000e+01 8.5000000000e+00
7.5037674445e-03 -1.1500000000e+01 -8.5000000000e+00 1.0000000000e+01
6.9952682458e-03 -1.1000000000e+01 -8.5000000000e+00 1.0000000000e+01
6.0475643674e-03 -1.2000000000e+01 -8.5000000000e+00 1.0000000000e+01
4.9808167988e-03 -1.0500000000e+01 -8.5000000000e+00 1.0000000000e+01
3.7002495146e-03 -1.2500000000e+01 -8.5000000000e+00 1.0000000000e+01
2.6589897373e-03 -1.0000000000e+01 -8.5000000000e+00 1.0000000000e+01
2.4510599911e-03 -1.0000000000e+01 -9.0000000000e+00 1.0000000000e+01
1.6858521368e-03 -1.0000000000e+01 -9.5000000000e+00 1.0000000000e+01
8.8322525822e-04 -1.0000000000e+01 -1.0000000000e+01 1.0000000000e+01
3.5408255657e-04 -1.0000000000e+01 -1.0500000000e+01 1.0000000000e+01
9.6761735784e-05 -1.0000000000e+01 -1.1000000000e+01 1.0000000000e+01
4.0269446934e-03 -1.1500000000e+01 -8.5000000000e+00 9.0000000000e+00
3.9684736874e-03 -1.1000000000e+01 -8.5000000000e+00 9.0000000000e+00
3.0191977772e-03 -1.2000000000e+01 -8.5000000000e+00 9.0000000000e+00
3.0360549256e-03 -1.0500000000e+01 -8.5000000000e+00 9.0000000000e+00
1.7207631576e-03 -1.2500000000e+01 -8.5000000000e+00 9.0000000000e+00
1.7100426900e-03 -1.3000000000e+01 -8.5000000000e+00 1.0000000000e+01
1.7184483739e-03 -1.0000000000e+01 -8.5000000000e+00 9.0000000000e+00
1.5724559832e-03 -1.0000000000e+01 -9.0000000000e+00 9.0000000000e+00
1.0747468119e-03 -1.0000000000e+01 -9.5000000000e+00 9.0000000000e+00
5.5117023994e-04 -1.0000000000e+01 -1.0000000000e+01 9.0000000000e+00
2.1216237069e-04 -1.0000000000e+01 -1.0500000000e+01 9.0000000000e+00
5.4340425731e-05 -1.0000000000e+01 -1.1000000000e+01 9.0000000000e+00
6.4515981700e-03 -1.1500000000e+01 -8.5000000000e+00 9.5000000000e+00
6.2163979016e-03 -1.1000000000e+01 -8.5000000000e+00 9.5000000000e+00
4.9948765229e-03 -1.2000000000e+01 -8.5000000000e+00 9.5000000000e+00
4.5954924616e-03 -1.0500000000e+01 -8.5000000000e+00 9.5000000000e+00
2.9384058238e-03 -1.2500000000e+01 -8.5000000000e+00 9.5000000000e+00
2.5212823253e-03 -1.0000000000e+01 -8.5000000000e+00 9.5000000000e+00
2.3387054785e-03 -1.0000000000e+01 -9.0000000000e+00 9.5000000000e+00
1.6294850841e-03 -1.0000000000e+01 -9.5000000000e+00 9.5000000000e+00
8.5681185782e-04 -1.0000000000e+01 -1.0000000000e+01 9.5000000000e+00
3.4304379980e-04 -1.0000000000e+01 -1.0500000000e+01 9.5000000000e+00
9.3630781436e-05 -1.0000000000e+01 -1.1000000000e+01 9.5000000000e+00
9.0014160731e-05 -1.1500000000e+01 -9.5000000000e+00 7.5000000000e+00
1.1072766702e-04 -1.1000000000e+01 -9.5000000000e+00 7.5000000000e+00
4.4992269019e-05 -1.1000000000e+01 -1.0000000000e+01 7.5000000000e+00
5.2822642326e-05 -1.2000000000e+01 -9.5000000000e+00 7.5000000000e+00
1.6467355367e-04 -1.1500000000e+01 -9.0000000000e+00 7.5000000000e+00
1.8955794031e-04 -1.1000000000e+01 -9.0000000000e+00 7.5000000000e+00
1.0341398396e-04 -1.2000000000e+01 -9.0000000000e+00 7.5000000000e+00
1.6838478289e-04 -1.0500000000e+01 -9.0000000000e+00 7.5000000000e+00
1.0244394076e-04 -1.0500000000e+01 -9.5000000000e+00 7.5000000000e+00
4.4479664547e-05 -1.0500000000e+01 -1.0000000000e+01 7.5000000000e+00
4.8201414306e-05 -1.2500000000e+01 -9.0000000000e+00 7.5000000000e+00
1.2993105834e-03 -1.3000000000e+01 -8.5000000000e+00 9.5000000000e+00
7.3725490441e-04 -1.3000000000e+01 -8.5000000000e+00 9.0000000000e+00
3.3480023233e-04 -1.3000000000e+01 -8.5000000000e+00 8.5000000000e+00
1.0992641805e-04 -1.3000000000e+01 -8.5000000000e+00 8.0000000000e+00
3.2646977987e-04 -1.3000000000e+01 -1.0000000000e+01 1.1000000000e+01
1.0599971057e-04 -1.3000000000e+01 -1.0500000000e+01 1.1000000000e+01
2.1221462358e-04 -1.1500000000e+01 -8.5000000000e+00 7.5000000000e+00
2.3279269102e-04 -1.1000000000e+01 -8.5000000000e+00 7.5000000000e+00
1.3995858216e-04 -1.2000000000e+01 -8.5000000000e+00 7.5000000000e+00
2.0058008712e-04 -1.0500000000e+01 -8.5000000000e+00 7.5000000000e+00
6.9383196299e-05 -1.2500000000e+01 -8.5000000000e+00 7.5000000000e+00
1.2556841370e-04 -1.0000000000e+01 -8.5000000000e+00 7.5000000000e+00
1.0898556321e-04 -1.0000000000e+01 -9.0000000000e+00 7.5000000000e+00
6.9636475802e-05 -1.0000000000e+01 -9.5000000000e+00 7.5000000000e+00
5.3723182199e-04 -1.3500000000e+01 -8.5000000000e+00 1.1000000000e+01
4.1531044994e-04 -1.3500000000e+01 -9.0000000000e+00 1.1000000000e+01
2.3783376737e-04 -1.3500000000e+01 -9.5000000000e+00 1.1000000000e+01
1.0475568568e-04 -1.3500000000e+01 -1.0000000000e+01 1.1000000000e+01
5.9938773731e-04 -1.3500000000e+01 -8.5000000000e+00 1.0500000000e+01
4.6381983183e-04 -1.3500000000e+01 -9.0000000000e+00 1.0500000000e+01
2.6276350089e-04 -1.3500000000e+01 -9.5000000000e+00 1.0500000000e+01
1.1343214209e-04 -1.3500000000e+01 -1.0000000000e+01 1.0500000000e+01
1.0045697081e-04 -1.3500000000e+01 -8.5000000000e+00 8.5000000000e+00
7.2728541772e-05 -1.3500000000e+01 -9.0000000000e+00 8.5000000000e+00
5.8978100054e-04 -1.3500000000e+01 -8.5000000000e+00 1.0000000000e+01
4.6356365595e-04 -1.3500000000e+01 -9.0000000000e+00 1.0000000000e+01
2.6322650688e-04 -1.3500000000e+01 -9.5000000000e+00 1.0000000000e+01
1.1309368132e-04 -1.3500000000e+01 -1.0000000000e+01 1.0000000000e+01
2.3232010588e-04 -1.3500000000e+01 -8.5000000000e+00 9.0000000000e+00
1.7414616919e-04 -1.3500000000e+01 -9.0000000000e+00 9.0000000000e+00
9.0179379565e-05 -1.3500000000e+01 -9.5000000000e+00 9.0000000000e+00
4.2603625246e-04 -1.3500000000e+01 -8.5000000000e+00 9.5000000000e+00
3.3070744946e-04 -1.3500000000e+01 -9.0000000000e+00 9.5000000000e+00
1.8117555905e-04 -1.3500000000e+01 -9.5000000000e+00 9.5000000000e+00
9.4887181366e-04 -1.1500000000e+01 -1.0000000000e+01 1.1500000000e+01
3.7325404712e-04 -1.1500000000e+01 -1.0500000000e+01 1.1500000000e+01
1.8468164367e-03 -1.1500000000e+01 -9.5000000000e+00 1.1500000000e+01
1.6503402206e-03 -1.1000000000e+01 -9.5000000000e+00 1.1500000000e+01
8.6021227867e-04 -1.1000000000e+01 -1.0000000000e+01 1.1500000000e+01
3.4585044609e-04 -1.1000000000e+01 -1.0500000000e+01 1.1500000000e+01
9.8419690867e-05 -1.1500000000e+01 -1.1000000000e+01 1.1500000000e+01
1.5525973910e-03 -1.2000000000e+01 -9.5000000000e+00 1.1500000000e+01
7.8193326673e-04 -1.2000000000e+01 -1.0000000000e+01 1.1500000000e+01
2.9909950864e-04 -1.2000000000e+01 -1.0500000000e+01 1.1500000000e+01
9.4988827315e-05 -1.1000000000e+01 -1.1000000000e+01 1.1500000000e+01
7.4885355044e-05 -1.2000000000e+01 -1.1000000000e+01 1.1500000000e+01
9.8171306299e-04 -1.2500000000e+01 -9.5000000000e+00 1.1500000000e+01
2.8446562640e-03 -1.1500000000e+01 -9.0000000000e+00 1.1500000000e+01
2.4956411894e-03 -1.1000000000e+01 -9.0000000000e+00 1.1500000000e+01
2.4449785602e-03 -1.2000000000e+01 -9.0000000000e+00 1.1500000000e+01
1.6414374923e-03 -1.0500000000e+01 -9.0000000000e+00 1.1500000000e+01
1.1067108465e-03 -1.0500000000e+01 -9.5000000000e+00 1.1500000000e+01
5.8459476587e-04 -1.0500000000e+01 -1.0000000000e+01 1.1500000000e+01
2.3992009806e-04 -1.0500000000e+01 -1.0500000000e+01 1.1500000000e+01
6.8039496761e-05 -1.0500000000e+01 -1.1000000000e+01 1.1500000000e+01
1.5808087392e-03 -1.2500000000e+01 -9.0000000000e+00 1.1500000000e+01
4.8263734939e-04 -1.2500000000e+01 -1.0000000000e+01 1.1500000000e+01
1.7803527060e-04 -1.2500000000e+01 -1.0500000000e+01 1.1500000000e+01
4.1559934517e-05 -1.2500000000e+01 -1.1000000000e+01 1.1500000000e+01
7.6813878663e-04 -1.3000000000e+01 -9.0000000000e+00 1.1500000000e+01
4.6539006935e-04 -1.3000000000e+01 -9.5000000000e+00 1.1500000000e+01
3.2281267691e-03 -1.1500000000e+01 -8.5000000000e+00 1.1500000000e+01
2.7856981057e-03 -1.1000000000e+01 -8.5000000000e+00 1.1500000000e+01
2.8417781641e-03 -1.2000000000e+01 -8.5000000000e+00 1.1500000000e+01
1.8025354212e-03 -1.0500000000e+01 -8.5000000000e+00 1.1500000000e+01
1.8949736022e-03 -1.2500000000e+01 -8.5000000000e+00 1.1500000000e+01
8.7365739139e-04 -1.0000000000e+01 -8.5000000000e+00 1.1500000000e+01
8.0779232066e-04 -1.0000000000e+01 -9.0000000000e+00 1.1500000000e+01
5.5616877437e-04 -1.0000000000e+01 -9.5000000000e+00 1.1500000000e+01
2.9857567556e-04 -1.0000000000e+01 -1.0000000000e+01 1.1500000000e+01
1.2473655448e-04 -1.0000000000e+01 -1.0500000000e+01 1.1500000000e+01
9.5569937498e-04 -1.3000000000e+01 -8.5000000000e+00 1.1500000000e+01
2.2231435358e-04 -1.3000000000e+01 -1.0000000000e+01 1.1500000000e+01
7.8019721853e-05 -1.3000000000e+01 -1.0500000000e+01 1.1500000000e+01
7.1566941190e-05 -1.3500000000e+01 -1.0000000000e+01 9.5000000000e+00
3.6064285893e-04 -1.3500000000e+01 -8.5000000000e+00 1.1500000000e+01
2.7861882604e-04 -1.3500000000e+01 -9.0000000000e+00 1.1500000000e+01
1.6347633277e-04 -1.3500000000e+01 -9.5000000000e+00 1.1500000000e+01
3.1261405840e-03 -1.1500000000e+01 -8.0000000000e+00 1.1500000000e+01
2.6812348608e-03 -1.1000000000e+01 -8.0000000000e+00 1.1500000000e+01
2.7758912104e-03 -1.2000000000e+01 -8.0000000000e+00 1.1500000000e+01
1.7215686089e-03 -1.0500000000e+01 -8.0000000000e+00 1.1500000000e+01
1.8665375574e-03 -1.2500000000e+01 -8.0000000000e+00 1.1500000000e+01
8.2877238382e-04 -1.0000000000e+01 -8.0000000000e+00 1.1500000000e+01
9.5060162972e-04 -1.3000000000e+01 -8.0000000000e+00 1.1500000000e+01
2.9696805337e-04 -9.5000000000e+00 -8.0000000000e+00 1.1500000000e+01
3.1587707005e-04 -9.5000000000e+00 -8.5000000000e+00 1.1500000000e+01
2.9795714785e-04 -9.5000000000e+00 -9.0000000000e+00 1.1500000000e+01
2.1097017894e-04 -9.5000000000e+00 -9.5000000000e+00 1.1500000000e+01
1.1476238897e-04 -9.5000000000e+00 -1.0000000000e+01 1.1500000000e+01
4.8452341224e-05 -9.5000000000e+00 -1.0500000000e+01 1.1500000000e+01
2.1837750313e-04 -1.1500000000e+01 -8.0000000000e+00 7.5000000000e+00
2.3571652424e-04 -1.1000000000e+01 -8.0000000000e+00 7.5000000000e+00
1.4610189547e-04 -1.2000000000e+01 -8.0000000000e+00 7.5000000000e+00
2.0027526189e-04 -1.0500000000e+01 -8.0000000000e+00 7.5000000000e+00
7.4735820272e-05 -1.2500000000e+01 -8.0000000000e+00 7.5000000000e+00
1.2344393183e-04 -1.0000000000e+01 -8.0000000000e+00 7.5000000000e+00
3.6434153346e-04 -1.3500000000e+01 -8.0000000000e+00 1.1500000000e+01
5.6810414176e-05 -9.5000000000e+00 -8.0000000000e+00 7.5000000000e+00
5.8765838172e-05 -9.5000000000e+00 -8.5000000000e+00 7.5000000000e+00
5.2696133822e-05 -9.5000000000e+00 -9.0000000000e+00 7.5000000000e+00
5.3801669672e-03 -1.1500000000e+01 -8.0000000000e+00 1.1000000000e+01
4.7468888766e-03 -1.1000000000e+01 -8.0000000000e+00 1.1000000000e+01
4.6176657735e-03 -1.2000000000e+01 -8.0000000000e+00 1.1000000000e+01
3.1512784452e-03 -1.0500000000e+01 -8.0000000000e+00 1.1000000000e+01
3.0030070821e-03 -1.2500000000e+01 -8.0000000000e+00 1.1000000000e+01
1.5689722443e-03 -1.0000000000e+01 -8.0000000000e+00 1.1000000000e+01
1.4745757432e-03 -1.3000000000e+01 -8.0000000000e+00 1.1000000000e+01
5.8162692026e-04 -9.5000000000e+00 -8.0000000000e+00 1.1000000000e+01
6.1919175725e-04 -9.5000000000e+00 -8.5000000000e+00 1.1000000000e+01
5.8707169999e-04 -9.5000000000e+00 -9.0000000000e+00 1.1000000000e+01
4.1987992815e-04 -9.5000000000e+00 -9.5000000000e+00 1.1000000000e+01
2.2820527858e-04 -9.5000000000e+00 -1.0000000000e+01 1.1000000000e+01
9.5740835604e-05 -9.5000000000e+00 -1.0500000000e+01 1.1000000000e+01
7.7828950449e-04 -1.1500000000e+01 -8.0000000000e+00 8.0000000000e+00
8.0226022696e-04 -1.1000000000e+01 -8.0000000000e+00 8.0000000000e+00
5.4769376042e-04 -1.2000000000e+01 -8.0000000000e+00 8.0000000000e+00
6.5082093609e-04 -1.0500000000e+01 -8.0000000000e+00 8.0000000000e+00
2.9175528731e-04 -1.2500000000e+01 -8.0000000000e+00 8.0000000000e+00
3.8551549042e-04 -1.0000000000e+01 -8.0000000000e+00 8.0000000000e+00
1.1639659081e-04 -1.3000000000e+01 -8.0000000000e+00 8.0000000000e+00
5.4278598200e-04 -1.3500000000e+01 -8.0000000000e+00 1.1000000000e+01
1.7085443334e-04 -9.5000000000e+00 -8.0000000000e+00 8.0000000000e+00
1.7878159157e-04 -9.5000000000e+00 -8.5000000000e+00 8.0000000000e+00
1.6373128503e-04 -9.5000000000e+00 -9.0000000000e+00 8.0000000000e+00
1.1371028732e-04 -9.5000000000e+00 -9.5000000000e+00 8.0000000000e+00
5.8167327323e-05 -9.5000000000e+00 -1.0000000000e+01 8.0000000000e+00
7.0325014221e-03 -1.1500000000e+01 -8.0000000000e+00 1.0500000000e+01
6.4239997712e-03 -1.1000000000e+01 -8.0000000000e+00 1.0500000000e+01
5.8024905044e-03 -1.2000000000e+01 -8.0000000000e+00 1.0500000000e+01
4.4377701822e-03 -1.0500000000e+01 -8.0000000000e+00 1.0500000000e+01
3.6305043608e-03 -1.2500000000e+01 -8.0000000000e+00 1.0500000000e+01
2.2907171914e-03 -1.0000000000e+01 -8.0000000000e+00 1.0500000000e+01
1.7159738446e-03 -1.3000000000e+01 -8.0000000000e+00 1.0500000000e+01
8.8055182767e-04 -9.5000000000e+00 -8.0000000000e+00 1.0500000000e+01
9.3378637551e-04 -9.5000000000e+00 -8.5000000000e+00 1.0500000000e+01
8.8196781484e-04 -9.5000000000e+00 -9.0000000000e+00 1.0500000000e+01
6.2952463765e-04 -9.5000000000e+00 -9.5000000000e+00 1.0500000000e+01
3.3873335160e-04 -9.5000000000e+00 -1.0000000000e+01 1.0500000000e+01
1.3965891343e-04 -9.5000000000e+00 -1.0500000000e+01 1.0500000000e+01
4.0072488781e-05 -9.5000000000e+00 -1.1000000000e+01 1.0500000000e+01
2.0180263051e-03 -1.1500000000e+01 -8.0000000000e+00 8.5000000000e+00
2.0218216280e-03 -1.1000000000e+01 -8.0000000000e+00 8.5000000000e+00
1.4794725690e-03 -1.2000000000e+01 -8.0000000000e+00 8.5000000000e+00
1.5804309102e-03 -1.0500000000e+01 -8.0000000000e+00 8.5000000000e+00
8.2349602226e-04 -1.2500000000e+01 -8.0000000000e+00 8.5000000000e+00
9.0992967928e-04 -1.0000000000e+01 -8.0000000000e+00 8.5000000000e+00
3.4305097200e-04 -1.3000000000e+01 -8.0000000000e+00 8.5000000000e+00
6.0638489018e-04 -1.3500000000e+01 -8.0000000000e+00 1.0500000000e+01
3.9143937293e-04 -9.5000000000e+00 -8.0000000000e+00 8.5000000000e+00
4.1136397654e-04 -9.5000000000e+00 -8.5000000000e+00 8.5000000000e+00
3.8062488260e-04 -9.5000000000e+00 -9.0000000000e+00 8.5000000000e+00
2.6787671603e-04 -9.5000000000e+00 -9.5000000000e+00 8.5000000000e+00
1.3958475296e-04 -9.5000000000e+00 -1.0000000000e+01 8.5000000000e+00
5.4124717340e-05 -9.5000000000e+00 -1.0500000000e+01 8.5000000000e+00
7.3427519323e-03 -1.1500000000e+01 -8.0000000000e+00 1.0000000000e+01
6.8091322784e-03 -1.1000000000e+01 -8.0000000000e+00 1.0000000000e+01
5.9595562383e-03 -1.2000000000e+01 -8.0000000000e+00 1.0000000000e+01
4.8132105565e-03 -1.0500000000e+01 -8.0000000000e+00 1.0000000000e+01
3.6729128441e-03 -1.2500000000e+01 -8.0000000000e+00 1.0000000000e+01
2.5506490290e-03 -1.0000000000e+01 -8.0000000000e+00 1.0000000000e+01
1.7106450298e-03 -1.3000000000e+01 -8.0000000000e+00 1.0000000000e+01
1.0104621759e-03 -9.5000000000e+00 -8.0000000000e+00 1.0000000000e+01
1.0654231680e-03 -9.5000000000e+00 -8.5000000000e+00 1.0000000000e+01
9.9926685313e-04 -9.5000000000e+00 -9.0000000000e+00 1.0000000000e+01
7.0989670645e-04 -9.5000000000e+00 -9.5000000000e+00 1.0000000000e+01
3.7922331539e-04 -9.5000000000e+00 -1.0000000000e+01 1.0000000000e+01
1.5450171969e-04 -9.5000000000e+00 -1.0500000000e+01 1.0000000000e+01
4.3928360092e-05 -9.5000000000e+00 -1.1000000000e+01 1.0000000000e+01
3.9871931552e-03 -1.1500000000e+01 -8.0000000000e+00 9.0000000000e+00
3.8996912203e-03 -1.1000000000e+01 -8.0000000000e+00 9.0000000000e+00
3.0180685776e-03 -1.2000000000e+01 -8.0000000000e+00 9.0000000000e+00
2.9529403780e-03 -1.0500000000e+01 -8.0000000000e+00 9.0000000000e+00
1.7359200602e-03 -1.2500000000e+01 -8.0000000000e+00 9.0000000000e+00
1.6556414208e-03 -1.0000000000e+01 -8.0000000000e+00 9.0000000000e+00
7.4921287231e-04 -1.3000000000e+01 -8.0000000000e+00 9.0000000000e+00
5.9432459527e-04 -1.3500000000e+01 -8.0000000000e+00 1.0000000000e+01
6.9327854074e-04 -9.5000000000e+00 -8.0000000000e+00 9.0000000000e+00
7.3003400435e-04 -9.5000000000e+00 -8.5000000000e+00 9.0000000000e+00
6.7994128754e-04 -9.5000000000e+00 -9.0000000000e+00 9.0000000000e+00
4.8145887289e-04 -9.5000000000e+00 -9.5000000000e+00 9.0000000000e+00
2.5331955081e-04 -9.5000000000e+00 -1.0000000000e+01 9.0000000000e+00
1.0001343634e-04 -9.5000000000e+00 -1.0500000000e+01 9.0000000000e+00
6.3306059869e-03 -1.1500000000e+01 -8.0000000000e+00 9.5000000000e+00
6.0486891679e-03 -1.1000000000e+01 -8.0000000000e+00 9.5000000000e+00
4.9463141826e-03 -1.2000000000e+01 -8.0000000000e+00 9.5000000000e+00
4.4257614480e-03 -1.0500000000e+01 -8.0000000000e+00 9.5000000000e+00
2.9358095207e-03 -1.2500000000e+01 -8.0000000000e+00 9.5000000000e+00
2.4060030641e-03 -1.0000000000e+01 -8.0000000000e+00 9.5000000000e+00
1.3098987656e-03 -1.3000000000e+01 -8.0000000000e+00 9.5000000000e+00
9.7627651293e-04 -9.5000000000e+00 -8.0000000000e+00 9.5000000000e+00
1.0356216429e-03 -9.5000000000e+00 -8.5000000000e+00 9.5000000000e+00
9.7635002218e-04 -9.5000000000e+00 -9.0000000000e+00 9.5000000000e+00
7.0164627725e-04 -9.5000000000e+00 -9.5000000000e+00 9.5000000000e+00
3.7646318264e-04 -9.5000000000e+00 -1.0000000000e+01 9.5000000000e+00
1.5347813947e-04 -9.5000000000e+00 -1.0500000000e+01 9.5000000000e+00
4.3743660536e-05 -9.5000000000e+00 -1.1000000000e+01 9.5000000000e+00
4.2523944845e-05 -1.1500000000e+01 -8.5000000000e+00 7.0000000000e+00
4.9218210682e-05 -1.1000000000e+01 -8.5000000000e+00 7.0000000000e+00
4.4251189752e-05 -1.0500000000e+01 -8.5000000000e+00 7.0000000000e+00
4.3303987767e-04 -1.3500000000e+01 -8.0000000000e+00 9.5000000000e+00
2.3851276410e-04 -1.3500000000e+01 -8.0000000000e+00 9.0000000000e+00
1.0515229211e-04 -1.3500000000e+01 -8.0000000000e+00 8.5000000000e+00
7.5377876537e-05 -1.3500000000e+01 -1.0000000000e+01 1.1500000000e+01
4.5329611533e-05 -1.1500000000e+01 -8.0000000000e+00 7.0000000000e+00
5.1084416539e-05 -1.1000000000e+01 -8.0000000000e+00 7.0000000000e+00
4.5257865166e-05 -1.0500000000e+01 -8.0000000000e+00 7.0000000000e+00
1.0058219343e-04 -1.4000000000e+01 -8.0000000000e+00 1.1500000000e+01
9.7714534592e-05 -1.4000000000e+01 -8.5000000000e+00 1.1500000000e+01
7.2236399843e-05 -1.4000000000e+01 -9.0000000000e+00 1.1500000000e+01
4.0893200772e-05 -1.4000000000e+01 -9.5000000000e+00 1.1500000000e+01
1.4277232120e-04 -1.4000000000e+01 -8.0000000000e+00 1.1000000000e+01
1.3903921254e-04 -1.4000000000e+01 -8.5000000000e+00 1.1000000000e+01
1.0288796458e-04 -1.4000000000e+01 -9.0000000000e+00 1.1000000000e+01
5.6532779758e-05 -1.4000000000e+01 -9.5000000000e+00 1.1000000000e+01
1.5425972012e-04 -1.4000000000e+01 -8.0000000000e+00 1.0500000000e+01
1.5057640418e-04 -1.4000000000e+01 -8.5000000000e+00 1.0500000000e+01
1.1111366725e-04 -1.4000000000e+01 -9.0000000000e+00 1.0500000000e+01
6.0422650305e-05 -1.4000000000e+01 -9.5000000000e+00 1.0500000000e+01
1.4763038773e-04 -1.4000000000e+01 -8.0000000000e+00 1.0000000000e+01
1.4493586637e-04 -1.4000000000e+01 -8.5000000000e+00 1.0000000000e+01
1.0946561134e-04 -1.4000000000e+01 -9.0000000000e+00 1.0000000000e+01
5.9538699787e-05 -1.4000000000e+01 -9.5000000000e+00 1.0000000000e+01
5.4582379191e-05 -1.4000000000e+01 -8.0000000000e+00 9.0000000000e+00
5.2098544037e-05 -1.4000000000e+01 -8.5000000000e+00 9.0000000000e+00
1.0230679805e-04 -1.4000000000e+01 -8.0000000000e+00 9.5000000000e+00
9.9532418717e-05 -1.4000000000e+01 -8.5000000000e+00 9.5000000000e+00
7.3420699039e-05 -1.4000000000e+01 -9.0000000000e+00 9.5000000000e+00
3.9785847666e-04 -1.1500000000e+01 -1.0000000000e+01 1.2000000000e+01
1.5627194260e-04 -1.1500000000e+01 -1.0500000000e+01 1.2000000000e+01
7.7945225992e-04 -1.1500000000e+01 -9.5000000000e+00 1.2000000000e+01
6.7560704459e-04 -1.1000000000e+01 -9.5000000000e+00 1.2000000000e+01
3.4897746476e-04 -1.1000000000e+01 -1.0000000000e+01 1.2000000000e+01
1.3918006683e-04 -1.1000000000e+01 -1.0500000000e+01 1.2000000000e+01
4.2300119299e-05 -1.1500000000e+01 -1.1000000000e+01 1.2000000000e+01
6.7601897889e-04 -1.2000000000e+01 -9.5000000000e+00 1.2000000000e+01
3.3962041018e-04 -1.2000000000e+01 -1.0000000000e+01 1.2000000000e+01
1.3066895431e-04 -1.2000000000e+01 -1.0500000000e+01 1.2000000000e+01
4.4054829378e-04 -1.2500000000e+01 -9.5000000000e+00 1.2000000000e+01
1.2219129227e-03 -1.1500000000e+01 -9.0000000000e+00 1.2000000000e+01
1.0447908286e-03 -1.1000000000e+01 -9.0000000000e+00 1.2000000000e+01
1.0784663640e-03 -1.2000000000e+01 -9.0000000000e+00 1.2000000000e+01
6.6542557420e-04 -1.0500000000e+01 -9.0000000000e+00 1.2000000000e+01
4.3748657391e-04 -1.0500000000e+01 -9.5000000000e+00 1.2000000000e+01
2.2835845844e-04 -1.0500000000e+01 -1.0000000000e+01 1.2000000000e+01
9.2455546404e-05 -1.0500000000e+01 -1.0500000000e+01 1.2000000000e+01
7.1637556095e-04 -1.2500000000e+01 -9.0000000000e+00 1.2000000000e+01
2.1700766294e-04 -1.2500000000e+01 -1.0000000000e+01 1.2000000000e+01
8.1068483174e-05 -1.2500000000e+01 -1.0500000000e+01 1.2000000000e+01
3.5913171729e-04 -1.3000000000e+01 -9.0000000000e+00 1.2000000000e+01
2.1538929419e-04 -1.3000000000e+01 -9.5000000000e+00 1.2000000000e+01
1.4228836033e-03 -1.1500000000e+01 -8.5000000000e+00 1.2000000000e+01
1.1928196921e-03 -1.1000000000e+01 -8.5000000000e+00 1.2000000000e+01
1.2974733666e-03 -1.2000000000e+01 -8.5000000000e+00 1.2000000000e+01
7.4671600573e-04 -1.0500000000e+01 -8.5000000000e+00 1.2000000000e+01
8.9125663330e-04 -1.2500000000e+01 -8.5000000000e+00 1.2000000000e+01
3.4998659228e-04 -1.0000000000e+01 -8.5000000000e+00 1.2000000000e+01
3.1682845308e-04 -1.0000000000e+01 -9.0000000000e+00 1.2000000000e+01
2.1203029568e-04 -1.0000000000e+01 -9.5000000000e+00 1.2000000000e+01
1.1214275992e-04 -1.0000000000e+01 -1.0000000000e+01 1.2000000000e+01
4.6111757345e-05 -1.0000000000e+01 -1.0500000000e+01 1.2000000000e+01
4.6174430498e-04 -1.3000000000e+01 -8.5000000000e+00 1.2000000000e+01
1.0368560740e-04 -1.3000000000e+01 -1.0000000000e+01 1.2000000000e+01
1.7926336248e-04 -1.3500000000e+01 -8.5000000000e+00 1.2000000000e+01
1.3410399884e-04 -1.3500000000e+01 -9.0000000000e+00 1.2000000000e+01
7.8054822077e-05 -1.3500000000e+01 -9.5000000000e+00 1.2000000000e+01
1.3833735843e-03 -1.1500000000e+01 -8.0000000000e+00 1.2000000000e+01
1.1538685050e-03 -1.1000000000e+01 -8.0000000000e+00 1.2000000000e+01
1.2735505397e-03 -1.2000000000e+01 -8.0000000000e+00 1.2000000000e+01
7.1774350597e-04 -1.0500000000e+01 -8.0000000000e+00 1.2000000000e+01
8.8220132164e-04 -1.2500000000e+01 -8.0000000000e+00 1.2000000000e+01
3.3408674187e-04 -1.0000000000e+01 -8.0000000000e+00 1.2000000000e+01
4.6377599894e-04 -1.3000000000e+01 -8.0000000000e+00 1.2000000000e+01
1.1559322023e-04 -9.5000000000e+00 -8.0000000000e+00 1.2000000000e+01
1.2208678529e-04 -9.5000000000e+00 -8.5000000000e+00 1.2000000000e+01
1.1293878454e-04 -9.5000000000e+00 -9.0000000000e+00 1.2000000000e+01
7.7599105843e-05 -9.5000000000e+00 -9.5000000000e+00 1.2000000000e+01
4.1498441876e-05 -9.5000000000e+00 -1.0000000000e+01 1.2000000000e+01
1.8322324626e-04 -1.3500000000e+01 -8.0000000000e+00 1.2000000000e+01
5.2612547090e-05 -1.4000000000e+01 -8.0000000000e+00 1.2000000000e+01
5.0253772680e-05 -1.4000000000e+01 -8.5000000000e+00 1.2000000000e+01
1.1250723842e-03 -1.1500000000e+01 -7.5000000000e+00 1.2000000000e+01
9.2316480740e-04 -1.1000000000e+01 -7.5000000000e+00 1.2000000000e+01
1.0654912752e-03 -1.2000000000e+01 -7.5000000000e+00 1.2000000000e+01
5.6131868251e-04 -1.0500000000e+01 -7.5000000000e+00 1.2000000000e+01
7.5341113501e-04 -1.2500000000e+01 -7.5000000000e+00 1.2000000000e+01
2.5663185821e-04 -1.0000000000e+01 -7.5000000000e+00 1.2000000000e+01
4.0544119665e-04 -1.3000000000e+01 -7.5000000000e+00 1.2000000000e+01
8.6654588162e-05 -9.5000000000e+00 -7.5000000000e+00 1.2000000000e+01
1.6408789775e-04 -1.3500000000e+01 -7.5000000000e+00 1.2000000000e+01
4.2800110753e-05 -1.1000000000e+01 -7.5000000000e+00 7.0000000000e+00
4.7466230476e-05 -1.4000000000e+01 -7.5000000000e+00 1.2000000000e+01
2.4914194531e-03 -1.1500000000e+01 -7.5000000000e+00 1.1500000000e+01
2.0959041192e-03 -1.1000000000e+01 -7.5000000000e+00 1.1500000000e+01
2.2781846757e-03 -1.2000000000e+01 -7.5000000000e+00 1.1500000000e+01
1.3206990752e-03 -1.0500000000e+01 -7.5000000000e+00 1.1500000000e+01
1.5680236309e-03 -1.2500000000e+01 -7.5000000000e+00 1.1500000000e+01
6.2511210493e-04 -1.0000000000e+01 -7.5000000000e+00 1.1500000000e+01
8.1913823497e-04 -1.3000000000e+01 -7.5000000000e+00 1.1500000000e+01
2.1958067353e-04 -9.5000000000e+00 -7.5000000000e+00 1.1500000000e+01
3.2224682532e-04 -1.3500000000e+01 -7.5000000000e+00 1.1500000000e+01
5.6214168829e-05 -9.0000000000e+00 -7.5000000000e+00 1.1500000000e+01
7.8987369518e-05 -9.0000000000e+00 -8.0000000000e+00 1.1500000000e+01
8.5840709562e-05 -9.0000000000e+00 -8.5000000000e+00 1.1500000000e+01
8.3008723329e-05 -9.0000000000e+00 -9.0000000000e+00 1.1500000000e+01
6.0076887684e-05 -9.0000000000e+00 -9.5000000000e+00 1.1500000000e+01
1.8559400173e-04 -1.1500000000e+01 -7.5000000000e+00 7.5000000000e+00
1.9063358669e-04 -1.1000000000e+01 -7.5000000000e+00 7.5000000000e+00
1.3074555643e-04 -1.2000000000e+01 -7.5000000000e+00 7.5000000000e+00
1.5499208136e-04 -1.0500000000e+01 -7.5000000000e+00 7.5000000000e+00
6.9062608459e-05 -1.2500000000e+01 -7.5000000000e+00 7.5000000000e+00
9.1622105446e-05 -1.0000000000e+01 -7.5000000000e+00 7.5000000000e+00
4.0349944931e-05 -9.5000000000e+00 -7.5000000000e+00 7.5000000000e+00
9.1222596181e-05 -1.4000000000e+01 -7.5000000000e+00 1.1500000000e+01
4.2618060413e-03 -1.1500000000e+01 -7.5000000000e+00 1.1000000000e+01
3.6822212233e-03 -1.1000000000e+01 -7.5000000000e+00 1.1000000000e+01
3.7685742464e-03 -1.2000000000e+01 -7.5000000000e+00 1.1000000000e+01
2.3974976704e-03 -1.0500000000e+01 -7.5000000000e+00 1.1000000000e+01
2.5196670688e-03 -1.2500000000e+01 -7.5000000000e+00 1.1000000000e+01
1.1731570763e-03 -1.0000000000e+01 -7.5000000000e+00 1.1000000000e+01
1.2753947817e-03 -1.3000000000e+01 -7.5000000000e+00 1.1000000000e+01
4.2643064329e-04 -9.5000000000e+00 -7.5000000000e+00 1.1000000000e+01
4.8434567995e-04 -1.3500000000e+01 -7.5000000000e+00 1.1000000000e+01
1.1346796151e-04 -9.0000000000e+00 -7.5000000000e+00 1.1000000000e+01
1.6015997884e-04 -9.0000000000e+00 -8.0000000000e+00 1.1000000000e+01
1.7448014413e-04 -9.0000000000e+00 -8.5000000000e+00 1.1000000000e+01
1.6916965983e-04 -9.0000000000e+00 -9.0000000000e+00 1.1000000000e+01
1.2374781693e-04 -9.0000000000e+00 -9.5000000000e+00 1.1000000000e+01
6.7421990565e-05 -9.0000000000e+00 -1.0000000000e+01 1.1000000000e+01
6.3559792455e-04 -1.1500000000e+01 -7.5000000000e+00 8.0000000000e+00
6.3338370475e-04 -1.1000000000e+01 -7.5000000000e+00 8.0000000000e+00
4.6854417876e-04 -1.2000000000e+01 -7.5000000000e+00 8.0000000000e+00
4.9425019111e-04 -1.0500000000e+01 -7.5000000000e+00 8.0000000000e+00
2.6211129243e-04 -1.2500000000e+01 -7.5000000000e+00 8.0000000000e+00
2.8451385893e-04 -1.0000000000e+01 -7.5000000000e+00 8.0000000000e+00
1.0888632097e-04 -1.3000000000e+01 -7.5000000000e+00 8.0000000000e+00
1.2240089958e-04 -9.5000000000e+00 -7.5000000000e+00 8.0000000000e+00
1.3123654728e-04 -1.4000000000e+01 -7.5000000000e+00 1.1000000000e+01
5.6436134337e-05 -9.0000000000e+00 -8.0000000000e+00 8.0000000000e+00
6.0694779949e-05 -9.0000000000e+00 -8.5000000000e+00 8.0000000000e+00
5.7090530305e-05 -9.0000000000e+00 -9.0000000000e+00 8.0000000000e+00
4.0821765357e-05 -9.0000000000e+00 -9.5000000000e+00 8.0000000000e+00
5.6214235613e-03 -1.1500000000e+01 -7.5000000000e+00 1.0500000000e+01
5.0100829003e-03 -1.1000000000e+01 -7.5000000000e+00 1.0500000000e+01
4.7795944441e-03 -1.2000000000e+01 -7.5000000000e+00 1.0500000000e+01
3.3769304306e-03 -1.0500000000e+01 -7.5000000000e+00 1.0500000000e+01
3.0802543185e-03 -1.2500000000e+01 -7.5000000000e+00 1.0500000000e+01
1.7107694968e-03 -1.0000000000e+01 -7.5000000000e+00 1.0500000000e+01
1.5014495668e-03 -1.3000000000e+01 -7.5000000000e+00 1.0500000000e+01
6.4405991835e-04 -9.5000000000e+00 -7.5000000000e+00 1.0500000000e+01
5.4868298314e-04 -1.3500000000e+01 -7.5000000000e+00 1.0500000000e+01
1.7793915013e-04 -9.0000000000e+00 -7.5000000000e+00 1.0500000000e+01
2.5159443756e-04 -9.0000000000e+00 -8.0000000000e+00 1.0500000000e+01
2.7294424631e-04 -9.0000000000e+00 -8.5000000000e+00 1.0500000000e+01
2.6396983801e-04 -9.0000000000e+00 -9.0000000000e+00 1.0500000000e+01
1.9273110337e-04 -9.0000000000e+00 -9.5000000000e+00 1.0500000000e+01
1.0419489001e-04 -9.0000000000e+00 -1.0000000000e+01 1.0500000000e+01
4.3392083029e-05 -9.0000000000e+00 -1.0500000000e+01 1.0500000000e+01
1.6255950314e-03 -1.1500000000e+01 -7.5000000000e+00 8.5000000000e+00
1.5829644013e-03 -1.1000000000e+01 -7.5000000000e+00 8.5000000000e+00
1.2388907075e-03 -1.2000000000e+01 -7.5000000000e+00 8.5000000000e+00
1.1966669144e-03 -1.0500000000e+01 -7.5000000000e+00 8.5000000000e+00
7.1876938616e-04 -1.2500000000e+01 -7.5000000000e+00 8.5000000000e+00
6.7100061580e-04 -1.0000000000e+01 -7.5000000000e+00 8.5000000000e+00
3.1279367329e-04 -1.3000000000e+01 -7.5000000000e+00 8.5000000000e+00
2.8163989299e-04 -9.5000000000e+00 -7.5000000000e+00 8.5000000000e+00
9.9084810853e-05 -1.3500000000e+01 -7.5000000000e+00 8.5000000000e+00
1.4312147666e-04 -1.4000000000e+01 -7.5000000000e+00 1.0500000000e+01
8.7221241370e-05 -9.0000000000e+00 -7.5000000000e+00 8.5000000000e+00
1.2572899409e-04 -9.0000000000e+00 -8.0000000000e+00 8.5000000000e+00
1.3546376844e-04 -9.0000000000e+00 -8.5000000000e+00 8.5000000000e+00
1.2853347994e-04 -9.0000000000e+00 -9.0000000000e+00 8.5000000000e+00
9.2811342071e-05 -9.0000000000e+00 -9.5000000000e+00 8.5000000000e+00
4.9001618169e-05 -9.0000000000e+00 -1.0000000000e+01 8.5000000000e+00
5.8696638723e-03 -1.1500000000e+01 -7.5000000000e+00 1.0000000000e+01
5.3264434991e-03 -1.1000000000e+01 -7.5000000000e+00 1.0000000000e+01
4.8900403375e-03 -1.2000000000e+01 -7.5000000000e+00 1.0000000000e+01
3.6746682700e-03 -1.0500000000e+01 -7.5000000000e+00 1.0000000000e+01
3.0993861749e-03 -1.2500000000e+01 -7.5000000000e+00 1.0000000000e+01
1.9102584340e-03 -1.0000000000e+01 -7.5000000000e+00 1.0000000000e+01
1.4870430741e-03 -1.3000000000e+01 -7.5000000000e+00 1.0000000000e+01
7.4142085129e-04 -9.5000000000e+00 -7.5000000000e+00 1.0000000000e+01
5.3311922102e-04 -1.3500000000e+01 -7.5000000000e+00 1.0000000000e+01
2.1243132023e-04 -9.0000000000e+00 -7.5000000000e+00 1.0000000000e+01
2.9939279526e-04 -9.0000000000e+00 -8.0000000000e+00 1.0000000000e+01
3.2235028357e-04 -9.0000000000e+00 -8.5000000000e+00 1.0000000000e+01
3.0993641377e-04 -9.0000000000e+00 -9.0000000000e+00 1.0000000000e+01
2.2544771385e-04 -9.0000000000e+00 -9.5000000000e+00 1.0000000000e+01
1.2122246387e-04 -9.0000000000e+00 -1.0000000000e+01 1.0000000000e+01
4.9941780705e-05 -9.0000000000e+00 -1.0500000000e+01 1.0000000000e+01
3.1985958312e-03 -1.1500000000e+01 -7.5000000000e+00 9.0000000000e+00
3.0500896141e-03 -1.1000000000e+01 -7.5000000000e+00 9.0000000000e+00
2.5083219650e-03 -1.2000000000e+01 -7.5000000000e+00 9.0000000000e+00
2.2363996963e-03 -1.0500000000e+01 -7.5000000000e+00 9.0000000000e+00
1.4974240647e-03 -1.2500000000e+01 -7.5000000000e+00 9.0000000000e+00
1.2247701595e-03 -1.0000000000e+01 -7.5000000000e+00 9.0000000000e+00
6.7302132907e-04 -1.3000000000e+01 -7.5000000000e+00 9.0000000000e+00
5.0150049114e-04 -9.5000000000e+00 -7.5000000000e+00 9.0000000000e+00
2.2347893946e-04 -1.3500000000e+01 -7.5000000000e+00 9.0000000000e+00
1.3574357984e-04 -1.4000000000e+01 -7.5000000000e+00 1.0000000000e+01
1.5152765885e-04 -9.0000000000e+00 -7.5000000000e+00 9.0000000000e+00
2.1678564598e-04 -9.0000000000e+00 -8.0000000000e+00 9.0000000000e+00
2.3366596358e-04 -9.0000000000e+00 -8.5000000000e+00 9.0000000000e+00
2.2307098615e-04 -9.0000000000e+00 -9.0000000000e+00 9.0000000000e+00
1.6183677238e-04 -9.0000000000e+00 -9.5000000000e+00 9.0000000000e+00
8.6067788228e-05 -9.0000000000e+00 -1.0000000000e+01 9.0000000000e+00
5.0031651590e-03 -1.1500000000e+01 -7.5000000000e+00 9.5000000000e+00
4.6599609603e-03 -1.1000000000e+01 -7.5000000000e+00 9.5000000000e+00
4.0375283495e-03 -1.2000000000e+01 -7.5000000000e+00 9.5000000000e+00
3.3153460370e-03 -1.0500000000e+01 -7.5000000000e+00 9.5000000000e+00
2.4777190754e-03 -1.2500000000e+01 -7.5000000000e+00 9.5000000000e+00
1.7717243889e-03 -1.0000000000e+01 -7.5000000000e+00 9.5000000000e+00
1.1481251959e-03 -1.3000000000e+01 -7.5000000000e+00 9.5000000000e+00
7.0479158142e-04 -9.5000000000e+00 -7.5000000000e+00 9.5000000000e+00
3.9561349744e-04 -1.3500000000e+01 -7.5000000000e+00 9.5000000000e+00
2.0665755818e-04 -9.0000000000e+00 -7.5000000000e+00 9.5000000000e+00
2.9545623188e-04 -9.0000000000e+00 -8.0000000000e+00 9.5000000000e+00
3.2001437777e-04 -9.0000000000e+00 -8.5000000000e+00 9.5000000000e+00
3.0879895059e-04 -9.0000000000e+00 -9.0000000000e+00 9.5000000000e+00
2.2646926870e-04 -9.0000000000e+00 -9.5000000000e+00 9.5000000000e+00
1.2221058566e-04 -9.0000000000e+00 -1.0000000000e+01 9.5000000000e+00
5.0404388392e-05 -9.0000000000e+00 -1.0500000000e+01 9.5000000000e+00
9.6410989728e-05 -1.4000000000e+01 -7.5000000000e+00 9.5000000000e+00
5.1921611214e-05 -1.4000000000e+01 -7.5000000000e+00 9.0000000000e+00
1.0899633873e-04 -1.1500000000e+01 -1.0000000000e+01 1.2500000000e+01
4.1225026108e-05 -1.1500000000e+01 -1.0500000000e+01 1.2500000000e+01
2.2178354888e-04 -1.1500000000e+01 -9.5000000000e+00 1.2500000000e+01
1.8642054148e-04 -1.1000000000e+01 -9.5000000000e+00 1.2500000000e+01
9.2153525432e-05 -1.1000000000e+01 -1.0000000000e+01 1.2500000000e+01
1.9830339162e-04 -1.2000000000e+01 -9.5000000000e+00 1.2500000000e+01
9.6335020581e-05 -1.2000000000e+01 -1.0000000000e+01 1.2500000000e+01
1.3422660667e-04 -1.2500000000e+01 -9.5000000000e+00 1.2500000000e+01
3.6384601985e-04 -1.1500000000e+01 -9.0000000000e+00 1.2500000000e+01
3.0312389637e-04 -1.1000000000e+01 -9.0000000000e+00 1.2500000000e+01
3.3186055632e-04 -1.2000000000e+01 -9.0000000000e+00 1.2500000000e+01
1.8792242831e-04 -1.0500000000e+01 -9.0000000000e+00 1.2500000000e+01
1.1713714333e-04 -1.0500000000e+01 -9.5000000000e+00 1.2500000000e+01
5.8598438651e-05 -1.0500000000e+01 -1.0000000000e+01 1.2500000000e+01
2.2753642139e-04 -1.2500000000e+01 -9.0000000000e+00 1.2500000000e+01
6.5176265525e-05 -1.2500000000e+01 -1.0000000000e+01 1.2500000000e+01
1.1867362995e-04 -1.3000000000e+01 -9.0000000000e+00 1.2500000000e+01
6.9952290470e-05 -1.3000000000e+01 -9.5000000000e+00 1.2500000000e+01
4.5525623712e-04 -1.1500000000e+01 -8.5000000000e+00 1.2500000000e+01
3.7125648367e-04 -1.1000000000e+01 -8.5000000000e+00 1.2500000000e+01
4.2866666228e-04 -1.2000000000e+01 -8.5000000000e+00 1.2500000000e+01
2.2421559400e-04 -1.0500000000e+01 -8.5000000000e+00 1.2500000000e+01
3.0222309308e-04 -1.2500000000e+01 -8.5000000000e+00 1.2500000000e+01
1.0147665216e-04 -1.0000000000e+01 -8.5000000000e+00 1.2500000000e+01
8.7342887661e-05 -1.0000000000e+01 -9.0000000000e+00 1.2500000000e+01
5.5360576815e-05 -1.0000000000e+01 -9.5000000000e+00 1.2500000000e+01
1.6277424752e-04 -1.3000000000e+01 -8.5000000000e+00 1.2500000000e+01
6.8600460904e-05 -1.3500000000e+01 -8.5000000000e+00 1.2500000000e+01
5.2024102814e-05 -1.3500000000e+01 -9.0000000000e+00 1.2500000000e+01
4.4965704678e-04 -1.1500000000e+01 -8.0000000000e+00 1.2500000000e+01
3.6465093494e-04 -1.1000000000e+01 -8.0000000000e+00 1.2500000000e+01
4.2964252076e-04 -1.2000000000e+01 -8.0000000000e+00 1.2500000000e+01
2.1891902357e-04 -1.0500000000e+01 -8.0000000000e+00 1.2500000000e+01
3.0704104293e-04 -1.2500000000e+01 -8.0000000000e+00 1.2500000000e+01
9.8575384405e-05 -1.0000000000e+01 -8.0000000000e+00 1.2500000000e+01
1.6867240705e-04 -1.3000000000e+01 -8.0000000000e+00 1.2500000000e+01
7.1843767537e-05 -1.3500000000e+01 -8.0000000000e+00 1.2500000000e+01
3.8047471726e-04 -1.1500000000e+01 -7.5000000000e+00 1.2500000000e+01
3.0430120265e-04 -1.1000000000e+01 -7.5000000000e+00 1.2500000000e+01
3.7391214404e-04 -1.2000000000e+01 -7.5000000000e+00 1.2500000000e+01
1.7919350722e-04 -1.0500000000e+01 -7.5000000000e+00 1.2500000000e+01
2.7219096999e-04 -1.2500000000e+01 -7.5000000000e+00 1.2500000000e+01
7.9186604537e-05 -1.0000000000e+01 -7.5000000000e+00 1.2500000000e+01
1.5261042437e-04 -1.3000000000e+01 -7.5000000000e+00 1.2500000000e+01
6.6248297297e-05 -1.3500000000e+01 -7.5000000000e+00 1.2500000000e+01
2.5029767301e-04 -1.1500000000e+01 -7.0000000000e+00 1.2500000000e+01
1.9549545421e-04 -1.1000000000e+01 -7.0000000000e+00 1.2500000000e+01
2.5391716409e-04 -1.2000000000e+01 -7.0000000000e+00 1.2500000000e+01
1.1307726855e-04 -1.0500000000e+01 -7.0000000000e+00 1.2500000000e+01
1.9072571721e-04 -1.2500000000e+01 -7.0000000000e+00 1.2500000000e+01
5.0263088829e-05 -1.0000000000e+01 -7.0000000000e+00 1.2500000000e+01
1.1073067448e-04 -1.3000000000e+01 -7.0000000000e+00 1.2500000000e+01
5.1249564688e-05 -1.3500000000e+01 -7.0000000000e+00 1.2500000000e+01
7.0732046565e-04 -1.1500000000e+01 -7.0000000000e+00 1.2000000000e+01
5.6921983494e-04 -1.1000000000e+01 -7.0000000000e+00 1.2000000000e+01
6.9172093872e-04 -1.2000000000e+01 -7.0000000000e+00 1.2000000000e+01
3.3915893485e-04 -1.0500000000e+01 -7.0000000000e+00 1.2000000000e+01
5.0220706712e-04 -1.2500000000e+01 -7.0000000000e+00 1.2000000000e+01
1.5193250301e-04 -1.0000000000e+01 -7.0000000000e+00 1.2000000000e+01
2.7865965087e-04 -1.3000000000e+01 -7.0000000000e+00 1.2000000000e+01
5.1956507171e-05 -9.5000000000e+00 -7.0000000000e+00 1.2000000000e+01
1.1752815620e-04 -1.3500000000e+01 -7.0000000000e+00 1.2000000000e+01
1.5299738892e-03 -1.1500000000e+01 -7.0000000000e+00 1.1500000000e+01
1.2657069366e-03 -1.1000000000e+01 -7.0000000000e+00 1.1500000000e+01
1.4390537714e-03 -1.2000000000e+01 -7.0000000000e+00 1.1500000000e+01
7.8103506967e-04 -1.0500000000e+01 -7.0000000000e+00 1.1500000000e+01
1.0167832742e-03 -1.2500000000e+01 -7.0000000000e+00 1.1500000000e+01
3.6307205158e-04 -1.0000000000e+01 -7.0000000000e+00 1.1500000000e+01
5.4760879498e-04 -1.3000000000e+01 -7.0000000000e+00 1.1500000000e+01
1.2543015356e-04 -9.5000000000e+00 -7.0000000000e+00 1.1500000000e+01
2.2285641628e-04 -1.3500000000e+01 -7.0000000000e+00 1.1500000000e+01
6.8083247234e-05 -1.4000000000e+01 -7.0000000000e+00 1.1500000000e+01
1.1078623152e-04 -1.1500000000e+01 -7.0000000000e+00 7.5000000000e+00
1.1094870261e-04 -1.1000000000e+01 -7.0000000000e+00 7.5000000000e+00
8.2418329712e-05 -1.2000000000e+01 -7.0000000000e+00 7.5000000000e+00
8.7605672809e-05 -1.0500000000e+01 -7.0000000000e+00 7.5000000000e+00
4.9997708659e-05 -1.2500000000e+01 -7.0000000000e+00 7.5000000000e+00
5.3645609617e-05 -1.0000000000e+01 -7.0000000000e+00 7.5000000000e+00
2.5801514310e-03 -1.1500000000e+01 -7.0000000000e+00 1.1000000000e+01
2.1907256089e-03 -1.1000000000e+01 -7.0000000000e+00 1.1000000000e+01
2.3386289571e-03 -1.2000000000e+01 -7.0000000000e+00 1.1000000000e+01
1.3977785588e-03 -1.0500000000e+01 -7.0000000000e+00 1.1000000000e+01
1.6066493065e-03 -1.2500000000e+01 -7.0000000000e+00 1.1000000000e+01
6.7237704119e-04 -1.0000000000e+01 -7.0000000000e+00 1.1000000000e+01
8.3894149979e-04 -1.3000000000e+01 -7.0000000000e+00 1.1000000000e+01
2.4053251996e-04 -9.5000000000e+00 -7.0000000000e+00 1.1000000000e+01
3.2886282219e-04 -1.3500000000e+01 -7.0000000000e+00 1.1000000000e+01
6.3530406451e-05 -9.0000000000e+00 -7.0000000000e+00 1.1000000000e+01
9.6127773750e-05 -1.4000000000e+01 -7.0000000000e+00 1.1000000000e+01
3.6366015235e-04 -1.1500000000e+01 -7.0000000000e+00 8.0000000000e+00
3.5587518867e-04 -1.1000000000e+01 -7.0000000000e+00 8.0000000000e+00
2.7641474642e-04 -1.2000000000e+01 -7.0000000000e+00 8.0000000000e+00
2.7255637852e-04 -1.0500000000e+01 -7.0000000000e+00 8.0000000000e+00
1.6244539298e-04 -1.2500000000e+01 -7.0000000000e+00 8.0000000000e+00
1.5592972590e-04 -1.0000000000e+01 -7.0000000000e+00 8.0000000000e+00
7.4492853344e-05 -1.3000000000e+01 -7.0000000000e+00 8.0000000000e+00
6.7079678142e-05 -9.5000000000e+00 -7.0000000000e+00 8.0000000000e+00
3.3700370861e-03 -1.1500000000e+01 -7.0000000000e+00 1.0500000000e+01
2.9517203297e-03 -1.1000000000e+01 -7.0000000000e+00 1.0500000000e+01
2.9377569994e-03 -1.2000000000e+01 -7.0000000000e+00 1.0500000000e+01
1.9531798111e-03 -1.0500000000e+01 -7.0000000000e+00 1.0500000000e+01
1.9487012736e-03 -1.2500000000e+01 -7.0000000000e+00 1.0500000000e+01
9.7270548124e-04 -1.0000000000e+01 -7.0000000000e+00 1.0500000000e+01
9.8246695086e-04 -1.3000000000e+01 -7.0000000000e+00 1.0500000000e+01
3.6043290640e-04 -9.5000000000e+00 -7.0000000000e+00 1.0500000000e+01
3.7319390996e-04 -1.3500000000e+01 -7.0000000000e+00 1.0500000000e+01
9.7857322193e-05 -9.0000000000e+00 -7.0000000000e+00 1.0500000000e+01
1.0587220014e-04 -1.4000000000e+01 -7.0000000000e+00 1.0500000000e+01
5.3631242841e-05 -8.5000000000e+00 -8.0000000000e+00 1.0500000000e+01
5.8733525261e-05 -8.5000000000e+00 -8.5000000000e+00 1.0500000000e+01
5.6200505474e-05 -8.5000000000e+00 -9.0000000000e+00 1.0500000000e+01
9.3461091605e-04 -1.1500000000e+01 -7.0000000000e+00 8.5000000000e+00
8.9437604263e-04 -1.1000000000e+01 -7.0000000000e+00 8.5000000000e+00
7.3104597979e-04 -1.2000000000e+01 -7.0000000000e+00 8.5000000000e+00
6.6359600297e-04 -1.0500000000e+01 -7.0000000000e+00 8.5000000000e+00
4.3773263799e-04 -1.2500000000e+01 -7.0000000000e+00 8.5000000000e+00
3.6820410350e-04 -1.0000000000e+01 -7.0000000000e+00 8.5000000000e+00
1.9945962600e-04 -1.3000000000e+01 -7.0000000000e+00 8.5000000000e+00
1.5323166942e-04 -9.5000000000e+00 -7.0000000000e+00 8.5000000000e+00
7.2252673275e-05 -1.3500000000e+01 -7.0000000000e+00 8.5000000000e+00
4.8035142282e-05 -9.0000000000e+00 -7.0000000000e+00 8.5000000000e+00
3.4854272463e-03 -1.1500000000e+01 -7.0000000000e+00 1.0000000000e+01
3.1133322327e-03 -1.1000000000e+01 -7.0000000000e+00 1.0000000000e+01
2.9732905923e-03 -1.2000000000e+01 -7.0000000000e+00 1.0000000000e+01
2.1141857118e-03 -1.0500000000e+01 -7.0000000000e+00 1.0000000000e+01
1.9360427531e-03 -1.2500000000e+01 -7.0000000000e+00 1.0000000000e+01
1.0833719237e-03 -1.0000000000e+01 -7.0000000000e+00 1.0000000000e+01
9.5716150389e-04 -1.3000000000e+01 -7.0000000000e+00 1.0000000000e+01
4.1427895105e-04 -9.5000000000e+00 -7.0000000000e+00 1.0000000000e+01
3.5558844585e-04 -1.3500000000e+01 -7.0000000000e+00 1.0000000000e+01
1.1652562519e-04 -9.0000000000e+00 -7.0000000000e+00 1.0000000000e+01
9.8398468236e-05 -1.4000000000e+01 -7.0000000000e+00 1.0000000000e+01
4.5246419367e-05 -8.5000000000e+00 -7.5000000000e+00 1.0000000000e+01
6.6241974246e-05 -8.5000000000e+00 -8.0000000000e+00 1.0000000000e+01
7.2258740383e-05 -8.5000000000e+00 -8.5000000000e+00 1.0000000000e+01
6.8472673484e-05 -8.5000000000e+00 -9.0000000000e+00 1.0000000000e+01
4.7950959725e-05 -8.5000000000e+00 -9.5000000000e+00 1.0000000000e+01
1.8564666404e-03 -1.1500000000e+01 -7.0000000000e+00 9.0000000000e+00
1.7401529846e-03 -1.1000000000e+01 -7.0000000000e+00 9.0000000000e+00
1.4928456471e-03 -1.2000000000e+01 -7.0000000000e+00 9.0000000000e+00
1.2537186026e-03 -1.0500000000e+01 -7.0000000000e+00 9.0000000000e+00
9.1689592918e-04 -1.2500000000e+01 -7.0000000000e+00 9.0000000000e+00
6.7851685213e-04 -1.0000000000e+01 -7.0000000000e+00 9.0000000000e+00
4.2838303087e-04 -1.3000000000e+01 -7.0000000000e+00 9.0000000000e+00
2.7451165248e-04 -9.5000000000e+00 -7.0000000000e+00 9.0000000000e+00
1.5070755990e-04 -1.3500000000e+01 -7.0000000000e+00 9.0000000000e+00
8.2342632286e-05 -9.0000000000e+00 -7.0000000000e+00 9.0000000000e+00
4.2101242057e-05 -1.4000000000e+01 -7.0000000000e+00 9.0000000000e+00
5.0537004933e-05 -8.5000000000e+00 -8.0000000000e+00 9.0000000000e+00
5.5217176237e-05 -8.5000000000e+00 -8.5000000000e+00 9.0000000000e+00
5.1880827263e-05 -8.5000000000e+00 -9.0000000000e+00 9.0000000000e+00
2.9161158851e-03 -1.1500000000e+01 -7.0000000000e+00 9.5000000000e+00
2.6733304768e-03 -1.1000000000e+01 -7.0000000000e+00 9.5000000000e+00
2.4099712820e-03 -1.2000000000e+01 -7.0000000000e+00 9.5000000000e+00
1.8702500571e-03 -1.0500000000e+01 -7.0000000000e+00 9.5000000000e+00
1.5203487550e-03 -1.2500000000e+01 -7.0000000000e+00 9.5000000000e+00
9.8529891761e-04 -1.0000000000e+01 -7.0000000000e+00 9.5000000000e+00
7.2785483251e-04 -1.3000000000e+01 -7.0000000000e+00 9.5000000000e+00
3.8692616941e-04 -9.5000000000e+00 -7.0000000000e+00 9.5000000000e+00
2.6208466630e-04 -1.3500000000e+01 -7.0000000000e+00 9.5000000000e+00
1.1178663735e-04 -9.0000000000e+00 -7.0000000000e+00 9.5000000000e+00
7.0736542850e-05 -1.4000000000e+01 -7.0000000000e+00 9.5000000000e+00
4.4910244417e-05 -8.5000000000e+00 -7.5000000000e+00 9.5000000000e+00
6.6598853626e-05 -8.5000000000e+00 -8.0000000000e+00 9.5000000000e+00
7.3048621532e-05 -8.5000000000e+00 -8.5000000000e+00 9.5000000000e+00
6.9362052027e-05 -8.5000000000e+00 -9.0000000000e+00 9.5000000000e+00
4.8853400505e-05 -8.5000000000e+00 -9.5000000000e+00 9.5000000000e+00
5.4538959088e-05 -1.2000000000e+01 -8.5000000000e+00 1.3000000000e+01
4.0745682080e-05 -1.2500000000e+01 -8.5000000000e+00 1.3000000000e+01
7.1298751024e-05 -1.2000000000e+01 -8.0000000000e+00 1.3000000000e+01
5.4947240647e-05 -1.2500000000e+01 -8.0000000000e+00 1.3000000000e+01
7.0420079094e-05 -1.2000000000e+01 -7.5000000000e+00 1.3000000000e+01
5.6675988690e-05 -1.2000000000e+01 -7.0000000000e+00 1.3000000000e+01
4.4405254402e-05 -1.2500000000e+01 -7.0000000000e+00 1.3000000000e+01
1.3402662882e-04 -1.2000000000e+01 -6.5000000000e+00 1.2500000000e+01
6.6329659934e-05 -1.3000000000e+01 -6.5000000000e+00 1.2500000000e+01
5.6447538842e-05 -1.0500000000e+01 -6.5000000000e+00 1.2500000000e+01
1.0498656445e-04 -1.2500000000e+01 -6.5000000000e+00 1.2500000000e+01
9.7317784629e-05 -1.1000000000e+01 -6.5000000000e+00 1.2500000000e+01
1.2830394184e-04 -1.1500000000e+01 -6.5000000000e+00 1.2500000000e+01
5.1953508968e-05 -1.1500000000e+01 -7.0000000000e+00 1.3000000000e+01
5.4513770221e-05 -1.2500000000e+01 -7.5000000000e+00 1.3000000000e+01
4.8267572769e-05 -1.1000000000e+01 -7.5000000000e+00 1.3000000000e+01
3.4557537194e-04 -1.2000000000e+01 -6.5000000000e+00 1.2000000000e+01
2.5921778563e-04 -1.2500000000e+01 -6.5000000000e+00 1.2000000000e+01
1.4994397412e-04 -1.3000000000e+01 -6.5000000000e+00 1.2000000000e+01
6.8208267472e-05 -1.3500000000e+01 -6.5000000000e+00 1.2000000000e+01
7.1479530355e-05 -1.0000000000e+01 -6.5000000000e+00 1.2000000000e+01
1.5723450121e-04 -1.0500000000e+01 -6.5000000000e+00 1.2000000000e+01
2.6951954296e-04 -1.1000000000e+01 -6.5000000000e+00 1.2000000000e+01
3.4225394019e-04 -1.1500000000e+01 -6.5000000000e+00 1.2000000000e+01
6.6194383263e-05 -1.1500000000e+01 -7.5000000000e+00 1.3000000000e+01
6.9999203728e-04 -1.2000000000e+01 -6.5000000000e+00 1.1500000000e+01
5.0779705171e-04 -1.2500000000e+01 -6.5000000000e+00 1.1500000000e+01
1.2237857559e-04 -1.3500000000e+01 -6.5000000000e+00 1.1500000000e+01
4.2921338141e-05 -1.4000000000e+01 -6.5000000000e+00 1.1500000000e+01
4.0256113292e-05 -1.2000000000e+01 -6.5000000000e+00 7.5000000000e+00
5.3384925242e-05 -1.1500000000e+01 -6.5000000000e+00 7.5000000000e+00
5.1861532622e-05 -1.1000000000e+01 -6.5000000000e+00 7.5000000000e+00
5.7031254342e-05 -9.5000000000e+00 -6.5000000000e+00 1.1500000000e+01
1.6211911132e-04 -1.0000000000e+01 -6.5000000000e+00 1.1500000000e+01
2.8315710762e-04 -1.3000000000e+01 -6.5000000000e+00 1.1500000000e+01
3.5367613781e-04 -1.0500000000e+01 -6.5000000000e+00 1.1500000000e+01
5.8501699236e-04 -1.1000000000e+01 -6.5000000000e+00 1.1500000000e+01
7.2054446775e-04 -1.1500000000e+01 -6.5000000000e+00 1.1500000000e+01
4.9472661622e-05 -1.1000000000e+01 -8.0000000000e+00 1.3000000000e+01
6.7488813303e-05 -1.1500000000e+01 -8.0000000000e+00 1.3000000000e+01
1.1130463405e-03 -1.2000000000e+01 -6.5000000000e+00 1.1000000000e+01
7.8422075111e-04 -1.2500000000e+01 -6.5000000000e+00 1.1000000000e+01
4.2300289448e-04 -1.3000000000e+01 -6.5000000000e+00 1.1000000000e+01
1.7685560173e-04 -1.3500000000e+01 -6.5000000000e+00 1.1000000000e+01
5.9894514555e-05 -1.4000000000e+01 -6.5000000000e+00 1.1000000000e+01
1.0544665803e-04 -9.5000000000e+00 -6.5000000000e+00 1.1000000000e+01
2.9505551579e-04 -1.0000000000e+01 -6.5000000000e+00 1.1000000000e+01
1.2174785058e-04 -1.2000000000e+01 -6.5000000000e+00 8.0000000000e+00
1.5545096517e-04 -1.1500000000e+01 -6.5000000000e+00 8.0000000000e+00
7.5294756016e-05 -1.2500000000e+01 -6.5000000000e+00 8.0000000000e+00
6.4038138038e-05 -1.0000000000e+01 -6.5000000000e+00 8.0000000000e+00
1.1252541744e-04 -1.0500000000e+01 -6.5000000000e+00 8.0000000000e+00
1.4975817951e-04 -1.1000000000e+01 -6.5000000000e+00 8.0000000000e+00
6.2272181834e-04 -1.0500000000e+01 -6.5000000000e+00 1.1000000000e+01
9.9411801440e-04 -1.1000000000e+01 -6.5000000000e+00 1.1000000000e+01
1.1922450631e-03 -1.1500000000e+01 -6.5000000000e+00 1.1000000000e+01
1.3746177471e-03 -1.2000000000e+01 -6.5000000000e+00 1.0500000000e+01
1.5375940784e-03 -1.1500000000e+01 -6.5000000000e+00 1.0500000000e+01
9.3661038257e-04 -1.2500000000e+01 -6.5000000000e+00 1.0500000000e+01
4.8852843658e-04 -1.3000000000e+01 -6.5000000000e+00 1.0500000000e+01
1.9815664521e-04 -1.3500000000e+01 -6.5000000000e+00 1.0500000000e+01
6.5440720615e-05 -1.4000000000e+01 -6.5000000000e+00 1.0500000000e+01
4.2762062316e-05 -9.0000000000e+00 -6.5000000000e+00 1.0500000000e+01
1.5502651202e-04 -9.5000000000e+00 -6.5000000000e+00 1.0500000000e+01
4.2142751851e-04 -1.0000000000e+01 -6.5000000000e+00 1.0500000000e+01
3.1916824623e-04 -1.2000000000e+01 -6.5000000000e+00 8.5000000000e+00
3.9845270442e-04 -1.1500000000e+01 -6.5000000000e+00 8.5000000000e+00
1.9722005606e-04 -1.2500000000e+01 -6.5000000000e+00 8.5000000000e+00
9.4502290660e-05 -1.3000000000e+01 -6.5000000000e+00 8.5000000000e+00
4.1656800658e-05 -1.3500000000e+01 -6.5000000000e+00 8.5000000000e+00
6.2940067260e-05 -9.5000000000e+00 -6.5000000000e+00 8.5000000000e+00
1.5133566448e-04 -1.0000000000e+01 -6.5000000000e+00 8.5000000000e+00
1.3678987362e-03 -1.2000000000e+01 -6.5000000000e+00 1.0000000000e+01
1.5677579042e-03 -1.1500000000e+01 -6.5000000000e+00 1.0000000000e+01
9.1209413077e-04 -1.2500000000e+01 -6.5000000000e+00 1.0000000000e+01
4.6500421128e-04 -1.3000000000e+01 -6.5000000000e+00 1.0000000000e+01
1.8402432094e-04 -1.3500000000e+01 -6.5000000000e+00 1.0000000000e+01
5.8805104070e-05 -1.4000000000e+01 -6.5000000000e+00 1.0000000000e+01
4.9917439758e-05 -9.0000000000e+00 -6.5000000000e+00 1.0000000000e+01
1.7712354169e-04 -9.5000000000e+00 -6.5000000000e+00 1.0000000000e+01
4.6516355885e-04 -1.0000000000e+01 -6.5000000000e+00 1.0000000000e+01
9.2020166994e-04 -1.0500000000e+01 -6.5000000000e+00 1.0000000000e+01
1.3777203764e-03 -1.1000000000e+01 -6.5000000000e+00 1.0000000000e+01
2.7421808569e-04 -1.0500000000e+01 -6.5000000000e+00 8.5000000000e+00
6.6064736867e-04 -1.2000000000e+01 -6.5000000000e+00 9.0000000000e+00
4.1702655637e-04 -1.2500000000e+01 -6.5000000000e+00 9.0000000000e+00
2.0179901589e-04 -1.3000000000e+01 -6.5000000000e+00 9.0000000000e+00
7.8995858469e-05 -1.3500000000e+01 -6.5000000000e+00 9.0000000000e+00
1.1383571822e-04 -9.5000000000e+00 -6.5000000000e+00 9.0000000000e+00
2.8209703637e-04 -1.0000000000e+01 -6.5000000000e+00 9.0000000000e+00
5.2556064560e-04 -1.0500000000e+01 -6.5000000000e+00 9.0000000000e+00
1.0822183533e-03 -1.2000000000e+01 -6.5000000000e+00 9.5000000000e+00
6.9967303280e-04 -1.2500000000e+01 -6.5000000000e+00 9.5000000000e+00
3.4604442218e-04 -1.3000000000e+01 -6.5000000000e+00 9.5000000000e+00
1.3343990512e-04 -1.3500000000e+01 -6.5000000000e+00 9.5000000000e+00
5.3575435059e-05 -1.4000000000e+01 -6.5000000000e+00 9.5000000000e+00
4.9882332987e-05 -1.1500000000e+01 -6.0000000000e+00 1.2500000000e+01
4.4872161006e-05 -1.2500000000e+01 -6.0000000000e+00 1.2500000000e+01
5.4643892258e-05 -1.2000000000e+01 -6.0000000000e+00 1.2500000000e+01
1.2525378515e-04 -1.1500000000e+01 -6.0000000000e+00 1.2000000000e+01
9.5016454713e-05 -1.1000000000e+01 -6.0000000000e+00 1.2000000000e+01
5.4871897786e-05 -1.0500000000e+01 -6.0000000000e+00 1.2000000000e+01
6.3269402629e-05 -1.3000000000e+01 -6.0000000000e+00 1.2000000000e+01
1.0217095594e-04 -1.2500000000e+01 -6.0000000000e+00 1.2000000000e+01
1.3097470922e-04 -1.2000000000e+01 -6.0000000000e+00 1.2000000000e+01
5.0043409911e-05 -1.3500000000e+01 -6.0000000000e+00 1.1500000000e+01
5.2276899152e-05 -1.0000000000e+01 -6.0000000000e+00 1.1500000000e+01
1.1256350773e-04 -1.3000000000e+01 -6.0000000000e+00 1.1500000000e+01
1.1681238464e-04 -1.0500000000e+01 -6.0000000000e+00 1.1500000000e+01
1.9084818090e-04 -1.2500000000e+01 -6.0000000000e+00 1.1500000000e+01
1.9709855012e-04 -1.1000000000e+01 -6.0000000000e+00 1.1500000000e+01
2.5371048059e-04 -1.2000000000e+01 -6.0000000000e+00 1.1500000000e+01
2.5085210560e-04 -1.1500000000e+01 -6.0000000000e+00 1.1500000000e+01
3.9005975878e-04 -1.2000000000e+01 -6.0000000000e+00 1.1000000000e+01
4.0047035752e-04 -1.1500000000e+01 -6.0000000000e+00 1.1000000000e+01
1.6214638681e-04 -1.3000000000e+01 -6.0000000000e+00 1.1000000000e+01
1.9597219210e-04 -1.0500000000e+01 -6.0000000000e+00 1.1000000000e+01
7.1300252573e-05 -1.3500000000e+01 -6.0000000000e+00 1.1000000000e+01
9.1062507702e-05 -1.0000000000e+01 -6.0000000000e+00 1.1000000000e+01
2.8437421519e-04 -1.2500000000e+01 -6.0000000000e+00 1.1000000000e+01
7.7426746599e-05 -1.3500000000e+01 -6.0000000000e+00 1.0500000000e+01
4.5260609425e-05 -9.5000000000e+00 -6.0000000000e+00 1.0500000000e+01
1.2576509976e-04 -1.0000000000e+01 -6.0000000000e+00 1.0500000000e+01
5.8881669638e-05 -1.2500000000e+01 -6.0000000000e+00 8.5000000000e+00
6.6960840451e-05 -1.0500000000e+01 -6.0000000000e+00 8.5000000000e+00
9.5311255279e-05 -1.1000000000e+01 -6.0000000000e+00 8.5000000000e+00
8.6648577128e-05 -1.2000000000e+01 -6.0000000000e+00 8.5000000000e+00
1.0407957763e-04 -1.1500000000e+01 -6.0000000000e+00 8.5000000000e+00
1.8250421002e-04 -1.3000000000e+01 -6.0000000000e+00 1.0500000000e+01
2.6045512616e-04 -1.0500000000e+01 -6.0000000000e+00 1.0500000000e+01
1.6584634524e-04 -1.3000000000e+01 -6.0000000000e+00 1.0000000000e+01
2.6883137209e-04 -1.0500000000e+01 -6.0000000000e+00 1.0000000000e+01
6.8019811752e-05 -1.3500000000e+01 -6.0000000000e+00 1.0000000000e+01
5.0345348035e-05 -9.5000000000e+00 -6.0000000000e+00 1.0000000000e+01
1.2650247798e-04 -1.2500000000e+01 -6.0000000000e+00 9.0000000000e+00
2.0091319235e-04 -1.1000000000e+01 -6.0000000000e+00 9.0000000000e+00
7.1006190963e-05 -1.3000000000e+01 -6.0000000000e+00 9.0000000000e+00
7.1425700219e-05 -1.0000000000e+01 -6.0000000000e+00 9.0000000000e+00
1.3782177907e-04 -1.0500000000e+01 -6.0000000000e+00 9.0000000000e+00
3.7170172455e-04 -1.1500000000e+01 -6.0000000000e+00 9.5000000000e+00
3.2536332355e-04 -1.1000000000e+01 -6.0000000000e+00 9.5000000000e+00
4.9376222628e-05 -1.3500000000e+01 -6.0000000000e+00 9.5000000000e+00
5.4223121835e-05 -1.1500000000e+01 -5.5000000000e+00 1.1500000000e+01
4.7229089157e-05 -1.2500000000e+01 -5.5000000000e+00 1.1500000000e+01
5.8800790716e-05 -1.2000000000e+01 -5.5000000000e+00 1.1500000000e+01
8.6640717914e-05 -1.1500000000e+01 -5.5000000000e+00 1.0500000000e+01
8.8429162458e-05 -1.2000000000e+01 -5.5000000000e+00 1.0500000000e+01
6.8847125475e-05 -1.1000000000e+01 -5.5000000000e+00 1.0500000000e+01
4.1601830002e-05 -1.0500000000e+01 -5.5000000000e+00 1.0500000000e+01
6.6559610414e-05 -1.2500000000e+01 -5.5000000000e+00 1.0500000000e+01
7.3470585762e-05 -1.2000000000e+01 -5.5000000000e+00 1.0000000000e+01
5.2763491408e-05 -1.2500000000e+01 -5.5000000000e+00 1.0000000000e+01
6.2894238466e-05 -1.1000000000e+01 -5.5000000000e+00 1.0000000000e+01
7.6662942476e-05 -1.1500000000e+01 -5.5000000000e+00 1.0000000000e+01
4.6675052059e-05 -1.2000000000e+01 -5.5000000000e+00 9.5000000000e+00
5.2177719954e-05 -1.1500000000e+01 -5.5000000000e+00 9.5000000000e+00
4.4237676478e-05 -1.1000000000e+01 -5.5000000000e+00 9.5000000000e+00
6.4057488480e-05 -1.2500000000e+01 -5.5000000000e+00 1.1000000000e+01
5.8787742569e-05 -1.1000000000e+01 -5.5000000000e+00 1.1000000000e+01
8.3070544831e-05 -1.2000000000e+01 -5.5000000000e+00 1.1000000000e+01
7.8344239532e-05 -1.1500000000e+01 -5.5000000000e+00 1.1000000000e+01
4.2782503155e-05 -9.5000000000e+00 -6.0000000000e+00 9.5000000000e+00
1.1159580361e-04 -1.0000000000e+01 -6.0000000000e+00 9.5000000000e+00
1.2072754311e-04 -1.3000000000e+01 -6.0000000000e+00 9.5000000000e+00
2.1698725095e-04 -1.0500000000e+01 -6.0000000000e+00 9.5000000000e+00
2.2703164893e-04 -1.2500000000e+01 -6.0000000000e+00 9.5000000000e+00
3.2861149779e-04 -1.2000000000e+01 -6.0000000000e+00 9.5000000000e+00
1.9197507481e-04 -1.2000000000e+01 -6.0000000000e+00 9.0000000000e+00
2.2430205215e-04 -1.1500000000e+01 -6.0000000000e+00 9.0000000000e+00
1.3515723232e-04 -1.0000000000e+01 -6.0000000000e+00 1.0000000000e+01
3.0701065644e-04 -1.2500000000e+01 -6.0000000000e+00 1.0000000000e+01
4.1566778223e-04 -1.1000000000e+01 -6.0000000000e+00 1.0000000000e+01
4.4346868249e-04 -1.2000000000e+01 -6.0000000000e+00 1.0000000000e+01
4.8705094758e-04 -1.1500000000e+01 -6.0000000000e+00 1.0000000000e+01
3.2993083134e-04 -1.2500000000e+01 -6.0000000000e+00 1.0500000000e+01
4.1502740373e-04 -1.1000000000e+01 -6.0000000000e+00 1.0500000000e+01
4.6625106639e-04 -1.2000000000e+01 -6.0000000000e+00 1.0500000000e+01
4.9743589936e-04 -1.1500000000e+01 -6.0000000000e+00 1.0500000000e+01
3.2525294155e-04 -1.1000000000e+01 -6.0000000000e+00 1.1000000000e+01
4.6870022969e-05 -9.0000000000e+00 -6.5000000000e+00 9.5000000000e+00
1.6220969218e-04 -9.5000000000e+00 -6.5000000000e+00 9.5000000000e+00
4.1452548705e-04 -1.0000000000e+01 -6.5000000000e+00 9.5000000000e+00
7.9469492095e-04 -1.0500000000e+01 -6.5000000000e+00 9.5000000000e+00
1.1544810393e-03 -1.1000000000e+01 -6.5000000000e+00 9.5000000000e+00
1.2802939839e-03 -1.1500000000e+01 -6.5000000000e+00 9.5000000000e+00
7.4207220234e-04 -1.1000000000e+01 -6.5000000000e+00 9.0000000000e+00
8.0356856666e-04 -1.1500000000e+01 -6.5000000000e+00 9.0000000000e+00
3.7603085896e-04 -1.1000000000e+01 -6.5000000000e+00 8.5000000000e+00
8.5816322543e-04 -1.0500000000e+01 -6.5000000000e+00 1.0500000000e+01
1.3217940102e-03 -1.1000000000e+01 -6.5000000000e+00 1.0500000000e+01
5.3009324542e-05 -1.1500000000e+01 -8.5000000000e+00 1.3000000000e+01
