inf
4.0232959437e-05 -1.1500000000e+01 -1.0000000000e+01 1.0000000000e+01
2.3903621452e-04 -1.1500000000e+01 -9.5000000000e+00 1.0000000000e+01
3.6190694711e-04 -1.1000000000e+01 -9.5000000000e+00 1.0000000000e+01
6.8440831584e-05 -1.1000000000e+01 -1.0000000000e+01 1.0000000000e+01
1.0358902149e-04 -1.2000000000e+01 -9.5000000000e+00 1.0000000000e+01
8.2552409706e-05 -1.1000000000e+01 -9.5000000000e+00 9.0000000000e+00
1.0327618393e-04 -1.1500000000e+01 -9.5000000000e+00 9.5000000000e+00
1.9543040522e-04 -1.1000000000e+01 -9.5000000000e+00 9.5000000000e+00
4.9911974240e-05 -1.1500000000e+01 -1.0000000000e+01 1.0500000000e+01
2.5837568834e-04 -1.1500000000e+01 -9.5000000000e+00 1.0500000000e+01
3.6321389750e-04 -1.1000000000e+01 -9.5000000000e+00 1.0500000000e+01
7.1757452367e-05 -1.1000000000e+01 -1.0000000000e+01 1.0500000000e+01
1.3408277673e-04 -1.2000000000e+01 -9.5000000000e+00 1.0500000000e+01
4.7084458918e-05 -1.2500000000e+01 -9.5000000000e+00 1.0500000000e+01
1.0771739062e-03 -1.1500000000e+01 -9.0000000000e+00 1.0500000000e+01
1.3052806999e-03 -1.1000000000e+01 -9.0000000000e+00 1.0500000000e+01
6.1107595296e-04 -1.2000000000e+01 -9.0000000000e+00 1.0500000000e+01
1.1677792072e-03 -1.0500000000e+01 -9.0000000000e+00 1.0500000000e+01
3.5387513506e-04 -1.0500000000e+01 -9.5000000000e+00 1.0500000000e+01
7.3864665230e-05 -1.0500000000e+01 -1.0000000000e+01 1.0500000000e+01
7.1311011377e-05 -1.1500000000e+01 -9.0000000000e+00 8.5000000000e+00
1.5208654865e-04 -1.1000000000e+01 -9.0000000000e+00 8.5000000000e+00
2.4505841570e-04 -1.2500000000e+01 -9.0000000000e+00 1.0500000000e+01
1.8944791650e-04 -1.0500000000e+01 -9.0000000000e+00 8.5000000000e+00
4.0911041027e-05 -1.0500000000e+01 -9.5000000000e+00 8.5000000000e+00
1.0530036038e-03 -1.1500000000e+01 -9.0000000000e+00 1.0000000000e+01
1.3206042733e-03 -1.1000000000e+01 -9.0000000000e+00 1.0000000000e+01
5.5385513031e-04 -1.2000000000e+01 -9.0000000000e+00 1.0000000000e+01
1.2089154063e-03 -1.0500000000e+01 -9.0000000000e+00 1.0000000000e+01
3.6504672348e-04 -1.0500000000e+01 -9.5000000000e+00 1.0000000000e+01
7.4618628739e-05 -1.0500000000e+01 -1.0000000000e+01 1.0000000000e+01
2.4469019755e-04 -1.1500000000e+01 -9.0000000000e+00 9.0000000000e+00
4.1056405273e-04 -1.1000000000e+01 -9.0000000000e+00 9.0000000000e+00
8.7673034616e-05 -1.2000000000e+01 -9.0000000000e+00 9.0000000000e+00
1.8486442263e-04 -1.2500000000e+01 -9.0000000000e+00 1.0000000000e+01
4.4688579099e-04 -1.0500000000e+01 -9.0000000000e+00 9.0000000000e+00
1.1005182382e-04 -1.0500000000e+01 -9.5000000000e+00 9.0000000000e+00
5.7145745929e-04 -1.1500000000e+01 -9.0000000000e+00 9.5000000000e+00
8.5387770306e-04 -1.1000000000e+01 -9.0000000000e+00 9.5000000000e+00
2.4607723168e-04 -1.2000000000e+01 -9.0000000000e+00 9.5000000000e+00
8.6889313944e-04 -1.0500000000e+01 -9.0000000000e+00 9.5000000000e+00
2.3635244822e-04 -1.0500000000e+01 -9.5000000000e+00 9.5000000000e+00
4.3574591483e-05 -1.0500000000e+01 -1.0000000000e+01 9.5000000000e+00
5.5936901032e-05 -1.2500000000e+01 -9.0000000000e+00 9.5000000000e+00
4.7426001496e-05 -1.0500000000e+01 -9.0000000000e+00 8.0000000000e+00
6.1686447667e-05 -1.3000000000e+01 -9.0000000000e+00 1.0500000000e+01
4.6820199393e-05 -1.1500000000e+01 -1.0000000000e+01 1.1000000000e+01
2.4267261142e-04 -1.1500000000e+01 -9.5000000000e+00 1.1000000000e+01
3.2349326359e-04 -1.1000000000e+01 -9.5000000000e+00 1.1000000000e+01
6.5718171485e-05 -1.1000000000e+01 -1.0000000000e+01 1.1000000000e+01
1.2596958339e-04 -1.2000000000e+01 -9.5000000000e+00 1.1000000000e+01
4.5156057286e-05 -1.2500000000e+01 -9.5000000000e+00 1.1000000000e+01
1.0002267517e-03 -1.1500000000e+01 -9.0000000000e+00 1.1000000000e+01
1.1505065474e-03 -1.1000000000e+01 -9.0000000000e+00 1.1000000000e+01
5.7746935696e-04 -1.2000000000e+01 -9.0000000000e+00 1.1000000000e+01
9.9185483914e-04 -1.0500000000e+01 -9.0000000000e+00 1.1000000000e+01
3.0089456809e-04 -1.0500000000e+01 -9.5000000000e+00 1.1000000000e+01
6.3336284928e-05 -1.0500000000e+01 -1.0000000000e+01 1.1000000000e+01
2.3097227827e-04 -1.2500000000e+01 -9.0000000000e+00 1.1000000000e+01
5.8741907288e-05 -1.3000000000e+01 -9.0000000000e+00 1.1000000000e+01
2.5645655158e-03 -1.1500000000e+01 -8.5000000000e+00 1.1000000000e+01
2.7218383421e-03 -1.1000000000e+01 -8.5000000000e+00 1.1000000000e+01
1.6275981324e-03 -1.2000000000e+01 -8.5000000000e+00 1.1000000000e+01
2.2253613020e-03 -1.0500000000e+01 -8.5000000000e+00 1.1000000000e+01
7.4444089303e-04 -1.2500000000e+01 -8.5000000000e+00 1.1000000000e+01
1.2573120514e-03 -1.0000000000e+01 -8.5000000000e+00 1.1000000000e+01
5.9293348634e-04 -1.0000000000e+01 -9.0000000000e+00 1.1000000000e+01
1.9700669776e-04 -1.0000000000e+01 -9.5000000000e+00 1.1000000000e+01
4.3398930652e-05 -1.0000000000e+01 -1.0000000000e+01 1.1000000000e+01
6.5539615198e-05 -1.1500000000e+01 -8.5000000000e+00 8.0000000000e+00
1.1899751008e-04 -1.1000000000e+01 -8.5000000000e+00 8.0000000000e+00
1.4307989730e-04 -1.0500000000e+01 -8.5000000000e+00 8.0000000000e+00
2.3126133119e-04 -1.3000000000e+01 -8.5000000000e+00 1.1000000000e+01
1.2240248274e-04 -1.0000000000e+01 -8.5000000000e+00 8.0000000000e+00
4.7998350939e-05 -1.0000000000e+01 -9.0000000000e+00 8.0000000000e+00
2.7808411175e-03 -1.1500000000e+01 -8.5000000000e+00 1.0500000000e+01
3.0792539982e-03 -1.1000000000e+01 -8.5000000000e+00 1.0500000000e+01
1.7242049880e-03 -1.2000000000e+01 -8.5000000000e+00 1.0500000000e+01
2.6280129688e-03 -1.0500000000e+01 -8.5000000000e+00 1.0500000000e+01
7.8261641564e-04 -1.2500000000e+01 -8.5000000000e+00 1.0500000000e+01
1.5608827609e-03 -1.0000000000e+01 -8.5000000000e+00 1.0500000000e+01
7.3129258733e-04 -1.0000000000e+01 -9.0000000000e+00 1.0500000000e+01
2.4115134715e-04 -1.0000000000e+01 -9.5000000000e+00 1.0500000000e+01
5.3304602248e-05 -1.0000000000e+01 -1.0000000000e+01 1.0500000000e+01
2.9854650286e-04 -1.1500000000e+01 -8.5000000000e+00 8.5000000000e+00
4.6212362873e-04 -1.1000000000e+01 -8.5000000000e+00 8.5000000000e+00
1.2222235716e-04 -1.2000000000e+01 -8.5000000000e+00 8.5000000000e+00
4.8643630833e-04 -1.0500000000e+01 -8.5000000000e+00 8.5000000000e+00
2.4295638531e-04 -1.3000000000e+01 -8.5000000000e+00 1.0500000000e+01
3.6800847198e-04 -1.0000000000e+01 -8.5000000000e+00 8.5000000000e+00
1.6010192592e-04 -1.0000000000e+01 -9.0000000000e+00 8.5000000000e+00
4.3447330814e-05 -1.0000000000e+01 -9.5000000000e+00 8.5000000000e+00
2.7450608632e-03 -1.1500000000e+01 -8.5000000000e+00 1.0000000000e+01
3.1165653415e-03 -1.1000000000e+01 -8.5000000000e+00 1.0000000000e+01
1.6308960003e-03 -1.2000000000e+01 -8.5000000000e+00 1.0000000000e+01
2.7093323010e-03 -1.0500000000e+01 -8.5000000000e+00 1.0000000000e+01
6.8082964726e-04 -1.2500000000e+01 -8.5000000000e+00 1.0000000000e+01
1.6409434641e-03 -1.0000000000e+01 -8.5000000000e+00 1.0000000000e+01
7.7419604582e-04 -1.0000000000e+01 -9.0000000000e+00 1.0000000000e+01
2.5728525534e-04 -1.0000000000e+01 -9.5000000000e+00 1.0000000000e+01
5.6496173342e-05 -1.0000000000e+01 -1.0000000000e+01 1.0000000000e+01
8.1559807037e-04 -1.1500000000e+01 -8.5000000000e+00 9.0000000000e+00
1.1163457306e-03 -1.1000000000e+01 -8.5000000000e+00 9.0000000000e+00
3.9988204551e-04 -1.2000000000e+01 -8.5000000000e+00 9.0000000000e+00
1.0998636244e-03 -1.0500000000e+01 -8.5000000000e+00 9.0000000000e+00
1.2354695572e-04 -1.2500000000e+01 -8.5000000000e+00 9.0000000000e+00
1.7747257454e-04 -1.3000000000e+01 -8.5000000000e+00 1.0000000000e+01
7.7272292892e-04 -1.0000000000e+01 -8.5000000000e+00 9.0000000000e+00
3.4473387595e-04 -1.0000000000e+01 -9.0000000000e+00 9.0000000000e+00
9.9835267224e-05 -1.0000000000e+01 -9.5000000000e+00 9.0000000000e+00
1.6957135185e-03 -1.1500000000e+01 -8.5000000000e+00 9.5000000000e+00
2.1549326759e-03 -1.1000000000e+01 -8.5000000000e+00 9.5000000000e+00
9.0111249088e-04 -1.2000000000e+01 -8.5000000000e+00 9.5000000000e+00
2.0291914948e-03 -1.0500000000e+01 -8.5000000000e+00 9.5000000000e+00
3.2462093641e-04 -1.2500000000e+01 -8.5000000000e+00 9.5000000000e+00
1.3461419074e-03 -1.0000000000e+01 -8.5000000000e+00 9.5000000000e+00
6.2735930263e-04 -1.0000000000e+01 -9.0000000000e+00 9.5000000000e+00
1.9757854152e-04 -1.0000000000e+01 -9.5000000000e+00 9.5000000000e+00
6.4108813184e-05 -1.3000000000e+01 -8.5000000000e+00 9.5000000000e+00
4.6713865900e-05 -1.3500000000e+01 -8.5000000000e+00 1.1000000000e+01
4.8240772008e-05 -1.3500000000e+01 -8.5000000000e+00 1.0500000000e+01
1.9386192642e-04 -1.1500000000e+01 -9.5000000000e+00 1.1500000000e+01
2.3979091625e-04 -1.1000000000e+01 -9.5000000000e+00 1.1500000000e+01
4.9009891234e-05 -1.1000000000e+01 -1.0000000000e+01 1.1500000000e+01
1.0461394176e-04 -1.2000000000e+01 -9.5000000000e+00 1.1500000000e+01
7.5931324556e-04 -1.1500000000e+01 -9.0000000000e+00 1.1500000000e+01
8.2142017378e-04 -1.1000000000e+01 -9.0000000000e+00 1.1500000000e+01
4.7059632183e-04 -1.2000000000e+01 -9.0000000000e+00 1.1500000000e+01
6.6448853431e-04 -1.0500000000e+01 -9.0000000000e+00 1.1500000000e+01
2.1163328283e-04 -1.0500000000e+01 -9.5000000000e+00 1.1500000000e+01
4.4895473222e-05 -1.0500000000e+01 -1.0000000000e+01 1.1500000000e+01
1.9939612200e-04 -1.2500000000e+01 -9.0000000000e+00 1.1500000000e+01
5.2301808860e-05 -1.3000000000e+01 -9.0000000000e+00 1.1500000000e+01
1.8758841000e-03 -1.1500000000e+01 -8.5000000000e+00 1.1500000000e+01
1.8976912953e-03 -1.1000000000e+01 -8.5000000000e+00 1.1500000000e+01
1.2763300477e-03 -1.2000000000e+01 -8.5000000000e+00 1.1500000000e+01
1.4456096411e-03 -1.0500000000e+01 -8.5000000000e+00 1.1500000000e+01
6.1964275628e-04 -1.2500000000e+01 -8.5000000000e+00 1.1500000000e+01
7.6501743961e-04 -1.0000000000e+01 -8.5000000000e+00 1.1500000000e+01
3.6846158666e-04 -1.0000000000e+01 -9.0000000000e+00 1.1500000000e+01
1.2778084845e-04 -1.0000000000e+01 -9.5000000000e+00 1.1500000000e+01
2.0251123051e-04 -1.3000000000e+01 -8.5000000000e+00 1.1500000000e+01
4.1618652647e-05 -1.3500000000e+01 -8.5000000000e+00 1.1500000000e+01
3.4118489749e-03 -1.1500000000e+01 -8.0000000000e+00 1.1500000000e+01
3.3125371376e-03 -1.1000000000e+01 -8.0000000000e+00 1.1500000000e+01
2.4698360913e-03 -1.2000000000e+01 -8.0000000000e+00 1.1500000000e+01
2.3897499833e-03 -1.0500000000e+01 -8.0000000000e+00 1.1500000000e+01
1.2953134898e-03 -1.2500000000e+01 -8.0000000000e+00 1.1500000000e+01
1.2170504886e-03 -1.0000000000e+01 -8.0000000000e+00 1.1500000000e+01
4.7248395675e-04 -1.3000000000e+01 -8.0000000000e+00 1.1500000000e+01
4.4154212242e-04 -9.5000000000e+00 -8.0000000000e+00 1.1500000000e+01
2.8986845893e-04 -9.5000000000e+00 -8.5000000000e+00 1.1500000000e+01
1.4600238751e-04 -9.5000000000e+00 -9.0000000000e+00 1.1500000000e+01
5.4014701110e-05 -9.5000000000e+00 -9.5000000000e+00 1.1500000000e+01
5.6360041794e-05 -1.1000000000e+01 -8.0000000000e+00 7.5000000000e+00
6.4280911018e-05 -1.0500000000e+01 -8.0000000000e+00 7.5000000000e+00
5.4056868969e-05 -1.0000000000e+01 -8.0000000000e+00 7.5000000000e+00
1.1229815311e-04 -1.3500000000e+01 -8.0000000000e+00 1.1500000000e+01
4.7474496187e-03 -1.1500000000e+01 -8.0000000000e+00 1.1000000000e+01
4.8104040557e-03 -1.1000000000e+01 -8.0000000000e+00 1.1000000000e+01
3.2107255628e-03 -1.2000000000e+01 -8.0000000000e+00 1.1000000000e+01
3.7293884688e-03 -1.0500000000e+01 -8.0000000000e+00 1.1000000000e+01
1.5894031599e-03 -1.2500000000e+01 -8.0000000000e+00 1.1000000000e+01
2.0152383451e-03 -1.0000000000e+01 -8.0000000000e+00 1.1000000000e+01
5.5150688151e-04 -1.3000000000e+01 -8.0000000000e+00 1.1000000000e+01
7.7830202081e-04 -9.5000000000e+00 -8.0000000000e+00 1.1000000000e+01
5.1053397546e-04 -9.5000000000e+00 -8.5000000000e+00 1.1000000000e+01
2.5425612004e-04 -9.5000000000e+00 -9.0000000000e+00 1.1000000000e+01
9.1242278883e-05 -9.5000000000e+00 -9.5000000000e+00 1.1000000000e+01
1.6688682803e-04 -1.1500000000e+01 -8.0000000000e+00 8.0000000000e+00
2.5696198996e-04 -1.1000000000e+01 -8.0000000000e+00 8.0000000000e+00
7.3871551045e-05 -1.2000000000e+01 -8.0000000000e+00 8.0000000000e+00
2.7585379436e-04 -1.0500000000e+01 -8.0000000000e+00 8.0000000000e+00
2.1523118903e-04 -1.0000000000e+01 -8.0000000000e+00 8.0000000000e+00
1.2685296621e-04 -1.3500000000e+01 -8.0000000000e+00 1.1000000000e+01
1.1505094560e-04 -9.5000000000e+00 -8.0000000000e+00 8.0000000000e+00
7.0785701114e-05 -9.5000000000e+00 -8.5000000000e+00 8.0000000000e+00
5.1500509014e-03 -1.1500000000e+01 -8.0000000000e+00 1.0500000000e+01
5.3771244417e-03 -1.1000000000e+01 -8.0000000000e+00 1.0500000000e+01
3.4027717500e-03 -1.2000000000e+01 -8.0000000000e+00 1.0500000000e+01
4.4033997164e-03 -1.0500000000e+01 -8.0000000000e+00 1.0500000000e+01
1.6692495130e-03 -1.2500000000e+01 -8.0000000000e+00 1.0500000000e+01
2.5095195488e-03 -1.0000000000e+01 -8.0000000000e+00 1.0500000000e+01
5.7618839922e-04 -1.3000000000e+01 -8.0000000000e+00 1.0500000000e+01
1.0304712053e-03 -9.5000000000e+00 -8.0000000000e+00 1.0500000000e+01
6.7129483322e-04 -9.5000000000e+00 -8.5000000000e+00 1.0500000000e+01
3.3094890426e-04 -9.5000000000e+00 -9.0000000000e+00 1.0500000000e+01
1.1664746219e-04 -9.5000000000e+00 -9.5000000000e+00 1.0500000000e+01
6.5252178209e-04 -1.1500000000e+01 -8.0000000000e+00 8.5000000000e+00
8.8029023636e-04 -1.1000000000e+01 -8.0000000000e+00 8.5000000000e+00
3.2562952875e-04 -1.2000000000e+01 -8.0000000000e+00 8.5000000000e+00
8.6675691434e-04 -1.0500000000e+01 -8.0000000000e+00 8.5000000000e+00
1.0809349736e-04 -1.2500000000e+01 -8.0000000000e+00 8.5000000000e+00
6.1094326838e-04 -1.0000000000e+01 -8.0000000000e+00 8.5000000000e+00
1.3077657971e-04 -1.3500000000e+01 -8.0000000000e+00 1.0500000000e+01
3.0369777054e-04 -9.5000000000e+00 -8.0000000000e+00 8.5000000000e+00
1.9379819204e-04 -9.5000000000e+00 -8.5000000000e+00 8.5000000000e+00
9.1874447646e-05 -9.5000000000e+00 -9.0000000000e+00 8.5000000000e+00
5.0468401461e-03 -1.1500000000e+01 -8.0000000000e+00 1.0000000000e+01
5.3892833843e-03 -1.1000000000e+01 -8.0000000000e+00 1.0000000000e+01
3.1904217269e-03 -1.2000000000e+01 -8.0000000000e+00 1.0000000000e+01
4.4974004578e-03 -1.0500000000e+01 -8.0000000000e+00 1.0000000000e+01
1.4635485371e-03 -1.2500000000e+01 -8.0000000000e+00 1.0000000000e+01
2.6147495883e-03 -1.0000000000e+01 -8.0000000000e+00 1.0000000000e+01
4.5237264369e-04 -1.3000000000e+01 -8.0000000000e+00 1.0000000000e+01
1.0946414107e-03 -9.5000000000e+00 -8.0000000000e+00 1.0000000000e+01
7.1627931321e-04 -9.5000000000e+00 -8.5000000000e+00 1.0000000000e+01
3.5435139596e-04 -9.5000000000e+00 -9.0000000000e+00 1.0000000000e+01
1.2547752711e-04 -9.5000000000e+00 -9.5000000000e+00 1.0000000000e+01
1.6539686542e-03 -1.1500000000e+01 -8.0000000000e+00 9.0000000000e+00
2.0501445856e-03 -1.1000000000e+01 -8.0000000000e+00 9.0000000000e+00
9.1213628358e-04 -1.2000000000e+01 -8.0000000000e+00 9.0000000000e+00
1.9168947862e-03 -1.0500000000e+01 -8.0000000000e+00 9.0000000000e+00
3.5415191212e-04 -1.2500000000e+01 -8.0000000000e+00 9.0000000000e+00
1.2680357955e-03 -1.0000000000e+01 -8.0000000000e+00 9.0000000000e+00
8.5641615189e-05 -1.3000000000e+01 -8.0000000000e+00 9.0000000000e+00
9.0335030298e-05 -1.3500000000e+01 -8.0000000000e+00 1.0000000000e+01
5.9918954455e-04 -9.5000000000e+00 -8.0000000000e+00 9.0000000000e+00
3.8580048728e-04 -9.5000000000e+00 -8.5000000000e+00 9.0000000000e+00
1.8516285604e-04 -9.5000000000e+00 -9.0000000000e+00 9.0000000000e+00
6.0544427086e-05 -9.5000000000e+00 -9.5000000000e+00 9.0000000000e+00
3.2869363340e-03 -1.1500000000e+01 -8.0000000000e+00 9.5000000000e+00
3.8166874588e-03 -1.1000000000e+01 -8.0000000000e+00 9.5000000000e+00
1.9152344668e-03 -1.2000000000e+01 -8.0000000000e+00 9.5000000000e+00
3.4242999167e-03 -1.0500000000e+01 -8.0000000000e+00 9.5000000000e+00
8.0510109001e-04 -1.2500000000e+01 -8.0000000000e+00 9.5000000000e+00
2.1465029439e-03 -1.0000000000e+01 -8.0000000000e+00 9.5000000000e+00
2.2135745652e-04 -1.3000000000e+01 -8.0000000000e+00 9.5000000000e+00
9.6702730153e-04 -9.5000000000e+00 -8.0000000000e+00 9.5000000000e+00
6.4029904772e-04 -9.5000000000e+00 -8.5000000000e+00 9.5000000000e+00
3.2010754688e-04 -9.5000000000e+00 -9.0000000000e+00 9.5000000000e+00
1.1243592717e-04 -9.5000000000e+00 -9.5000000000e+00 9.5000000000e+00
1.2268699536e-04 -1.1500000000e+01 -9.5000000000e+00 1.2000000000e+01
1.3600955811e-04 -1.1000000000e+01 -9.5000000000e+00 1.2000000000e+01
7.2440939689e-05 -1.2000000000e+01 -9.5000000000e+00 1.2000000000e+01
4.3272665767e-04 -1.1500000000e+01 -9.0000000000e+00 1.2000000000e+01
4.3526258263e-04 -1.1000000000e+01 -9.0000000000e+00 1.2000000000e+01
2.9369643649e-04 -1.2000000000e+01 -9.0000000000e+00 1.2000000000e+01
3.1929397055e-04 -1.0500000000e+01 -9.0000000000e+00 1.2000000000e+01
1.0815100092e-04 -1.0500000000e+01 -9.5000000000e+00 1.2000000000e+01
1.3836456666e-04 -1.2500000000e+01 -9.0000000000e+00 1.2000000000e+01
4.1141649324e-05 -1.3000000000e+01 -9.0000000000e+00 1.2000000000e+01
1.0150312099e-03 -1.1500000000e+01 -8.5000000000e+00 1.2000000000e+01
9.7220347952e-04 -1.1000000000e+01 -8.5000000000e+00 1.2000000000e+01
7.4392576805e-04 -1.2000000000e+01 -8.5000000000e+00 1.2000000000e+01
6.7978882985e-04 -1.0500000000e+01 -8.5000000000e+00 1.2000000000e+01
3.9008140025e-04 -1.2500000000e+01 -8.5000000000e+00 1.2000000000e+01
3.3594086525e-04 -1.0000000000e+01 -8.5000000000e+00 1.2000000000e+01
1.6278167438e-04 -1.0000000000e+01 -9.0000000000e+00 1.2000000000e+01
5.8250633733e-05 -1.0000000000e+01 -9.5000000000e+00 1.2000000000e+01
1.4060810013e-04 -1.3000000000e+01 -8.5000000000e+00 1.2000000000e+01
1.8116244884e-03 -1.1500000000e+01 -8.0000000000e+00 1.2000000000e+01
1.6792919755e-03 -1.1000000000e+01 -8.0000000000e+00 1.2000000000e+01
1.3991617212e-03 -1.2000000000e+01 -8.0000000000e+00 1.2000000000e+01
1.1293033820e-03 -1.0500000000e+01 -8.0000000000e+00 1.2000000000e+01
7.8309430867e-04 -1.2500000000e+01 -8.0000000000e+00 1.2000000000e+01
5.4105106423e-04 -1.0000000000e+01 -8.0000000000e+00 1.2000000000e+01
3.0812231564e-04 -1.3000000000e+01 -8.0000000000e+00 1.2000000000e+01
1.8448726270e-04 -9.5000000000e+00 -8.0000000000e+00 1.2000000000e+01
1.1874355581e-04 -9.5000000000e+00 -8.5000000000e+00 1.2000000000e+01
5.9374413294e-05 -9.5000000000e+00 -9.0000000000e+00 1.2000000000e+01
7.8552084523e-05 -1.3500000000e+01 -8.0000000000e+00 1.2000000000e+01
2.4513689685e-03 -1.1500000000e+01 -7.5000000000e+00 1.2000000000e+01
2.1843484190e-03 -1.1000000000e+01 -7.5000000000e+00 1.2000000000e+01
2.0146518360e-03 -1.2000000000e+01 -7.5000000000e+00 1.2000000000e+01
1.4115949643e-03 -1.0500000000e+01 -7.5000000000e+00 1.2000000000e+01
1.1987024242e-03 -1.2500000000e+01 -7.5000000000e+00 1.2000000000e+01
6.5383942485e-04 -1.0000000000e+01 -7.5000000000e+00 1.2000000000e+01
5.0969781432e-04 -1.3000000000e+01 -7.5000000000e+00 1.2000000000e+01
2.1371097121e-04 -9.5000000000e+00 -7.5000000000e+00 1.2000000000e+01
1.4404381802e-04 -1.3500000000e+01 -7.5000000000e+00 1.2000000000e+01
4.8061392825e-05 -9.0000000000e+00 -7.5000000000e+00 1.2000000000e+01
4.4382174082e-05 -9.0000000000e+00 -8.0000000000e+00 1.2000000000e+01
4.5937654860e-03 -1.1500000000e+01 -7.5000000000e+00 1.1500000000e+01
4.2798552113e-03 -1.1000000000e+01 -7.5000000000e+00 1.1500000000e+01
3.5592329056e-03 -1.2000000000e+01 -7.5000000000e+00 1.1500000000e+01
2.9402892805e-03 -1.0500000000e+01 -7.5000000000e+00 1.1500000000e+01
2.0016703330e-03 -1.2500000000e+01 -7.5000000000e+00 1.1500000000e+01
1.4429472431e-03 -1.0000000000e+01 -7.5000000000e+00 1.1500000000e+01
7.9874328772e-04 -1.3000000000e+01 -7.5000000000e+00 1.1500000000e+01
5.0240245795e-04 -9.5000000000e+00 -7.5000000000e+00 1.1500000000e+01
2.0980561260e-04 -1.3500000000e+01 -7.5000000000e+00 1.1500000000e+01
1.2176530967e-04 -9.0000000000e+00 -7.5000000000e+00 1.1500000000e+01
1.1329207085e-04 -9.0000000000e+00 -8.0000000000e+00 1.1500000000e+01
7.8821922248e-05 -9.0000000000e+00 -8.5000000000e+00 1.1500000000e+01
4.1024797676e-05 -9.0000000000e+00 -9.0000000000e+00 1.1500000000e+01
5.9186719668e-05 -1.1500000000e+01 -7.5000000000e+00 7.5000000000e+00
8.8608859901e-05 -1.1000000000e+01 -7.5000000000e+00 7.5000000000e+00
9.4124811064e-05 -1.0500000000e+01 -7.5000000000e+00 7.5000000000e+00
7.3957381224e-05 -1.0000000000e+01 -7.5000000000e+00 7.5000000000e+00
4.0252530142e-05 -9.5000000000e+00 -7.5000000000e+00 7.5000000000e+00
6.4533659552e-03 -1.1500000000e+01 -7.5000000000e+00 1.1000000000e+01
6.2745080454e-03 -1.1000000000e+01 -7.5000000000e+00 1.1000000000e+01
4.6610303633e-03 -1.2000000000e+01 -7.5000000000e+00 1.1000000000e+01
4.6180076486e-03 -1.0500000000e+01 -7.5000000000e+00 1.1000000000e+01
2.4722745075e-03 -1.2500000000e+01 -7.5000000000e+00 1.1000000000e+01
2.4017494381e-03 -1.0000000000e+01 -7.5000000000e+00 1.1000000000e+01
9.3337003655e-04 -1.3000000000e+01 -7.5000000000e+00 1.1000000000e+01
8.8984235217e-04 -9.5000000000e+00 -7.5000000000e+00 1.1000000000e+01
2.3463891237e-04 -1.3500000000e+01 -7.5000000000e+00 1.1000000000e+01
2.3084388023e-04 -9.0000000000e+00 -7.5000000000e+00 1.1000000000e+01
2.1353134427e-04 -9.0000000000e+00 -8.0000000000e+00 1.1000000000e+01
1.4876464021e-04 -9.0000000000e+00 -8.5000000000e+00 1.1000000000e+01
7.7097476653e-05 -9.0000000000e+00 -9.0000000000e+00 1.1000000000e+01
2.7694994723e-04 -1.1500000000e+01 -7.5000000000e+00 8.0000000000e+00
3.8491030518e-04 -1.1000000000e+01 -7.5000000000e+00 8.0000000000e+00
1.3759583909e-04 -1.2000000000e+01 -7.5000000000e+00 8.0000000000e+00
3.8611116612e-04 -1.0500000000e+01 -7.5000000000e+00 8.0000000000e+00
4.7017199984e-05 -1.2500000000e+01 -7.5000000000e+00 8.0000000000e+00
2.8179718188e-04 -1.0000000000e+01 -7.5000000000e+00 8.0000000000e+00
1.4268601914e-04 -9.5000000000e+00 -7.5000000000e+00 8.0000000000e+00
4.0275616528e-05 -1.4000000000e+01 -7.5000000000e+00 1.1000000000e+01
5.1412728248e-05 -9.0000000000e+00 -7.5000000000e+00 8.0000000000e+00
4.4046925785e-05 -9.0000000000e+00 -8.0000000000e+00 8.0000000000e+00
7.0047363941e-03 -1.1500000000e+01 -7.5000000000e+00 1.0500000000e+01
7.0030661132e-03 -1.1000000000e+01 -7.5000000000e+00 1.0500000000e+01
4.9181074345e-03 -1.2000000000e+01 -7.5000000000e+00 1.0500000000e+01
5.4872897216e-03 -1.0500000000e+01 -7.5000000000e+00 1.0500000000e+01
2.5770221192e-03 -1.2500000000e+01 -7.5000000000e+00 1.0500000000e+01
3.0287466611e-03 -1.0000000000e+01 -7.5000000000e+00 1.0500000000e+01
9.6293355504e-04 -1.3000000000e+01 -7.5000000000e+00 1.0500000000e+01
1.1980533069e-03 -9.5000000000e+00 -7.5000000000e+00 1.0500000000e+01
2.3963136381e-04 -1.3500000000e+01 -7.5000000000e+00 1.0500000000e+01
3.3412605457e-04 -9.0000000000e+00 -7.5000000000e+00 1.0500000000e+01
3.0384951262e-04 -9.0000000000e+00 -8.0000000000e+00 1.0500000000e+01
2.0946716972e-04 -9.0000000000e+00 -8.5000000000e+00 1.0500000000e+01
1.0773849361e-04 -9.0000000000e+00 -9.0000000000e+00 1.0500000000e+01
9.8066365163e-04 -1.1500000000e+01 -7.5000000000e+00 8.5000000000e+00
1.2156232506e-03 -1.1000000000e+01 -7.5000000000e+00 8.5000000000e+00
5.3929776775e-04 -1.2000000000e+01 -7.5000000000e+00 8.5000000000e+00
1.1437092753e-03 -1.0500000000e+01 -7.5000000000e+00 8.5000000000e+00
2.1008929912e-04 -1.2500000000e+01 -7.5000000000e+00 8.5000000000e+00
7.6860130416e-04 -1.0000000000e+01 -7.5000000000e+00 8.5000000000e+00
5.2118023783e-05 -1.3000000000e+01 -7.5000000000e+00 8.5000000000e+00
3.6697218802e-04 -9.5000000000e+00 -7.5000000000e+00 8.5000000000e+00
4.0260158902e-05 -1.4000000000e+01 -7.5000000000e+00 1.0500000000e+01
1.2519930026e-04 -9.0000000000e+00 -7.5000000000e+00 8.5000000000e+00
1.0894534417e-04 -9.0000000000e+00 -8.0000000000e+00 8.5000000000e+00
7.3737482292e-05 -9.0000000000e+00 -8.5000000000e+00 8.5000000000e+00
6.7350439464e-03 -1.1500000000e+01 -7.5000000000e+00 1.0000000000e+01
6.8867521484e-03 -1.1000000000e+01 -7.5000000000e+00 1.0000000000e+01
4.5035694640e-03 -1.2000000000e+01 -7.5000000000e+00 1.0000000000e+01
5.5486373795e-03 -1.0500000000e+01 -7.5000000000e+00 1.0000000000e+01
2.2170313539e-03 -1.2500000000e+01 -7.5000000000e+00 1.0000000000e+01
3.1322153585e-03 -1.0000000000e+01 -7.5000000000e+00 1.0000000000e+01
7.6163232292e-04 -1.3000000000e+01 -7.5000000000e+00 1.0000000000e+01
1.2730963079e-03 -9.5000000000e+00 -7.5000000000e+00 1.0000000000e+01
1.7239148965e-04 -1.3500000000e+01 -7.5000000000e+00 1.0000000000e+01
3.6917033359e-04 -9.0000000000e+00 -7.5000000000e+00 1.0000000000e+01
3.3172963222e-04 -9.0000000000e+00 -8.0000000000e+00 1.0000000000e+01
2.2809042087e-04 -9.0000000000e+00 -8.5000000000e+00 1.0000000000e+01
1.1754131381e-04 -9.0000000000e+00 -9.0000000000e+00 1.0000000000e+01
4.2427955575e-05 -9.0000000000e+00 -9.5000000000e+00 1.0000000000e+01
2.3877629029e-03 -1.1500000000e+01 -7.5000000000e+00 9.0000000000e+00
2.7484666548e-03 -1.1000000000e+01 -7.5000000000e+00 9.0000000000e+00
1.4075909973e-03 -1.2000000000e+01 -7.5000000000e+00 9.0000000000e+00
2.4770528936e-03 -1.0500000000e+01 -7.5000000000e+00 9.0000000000e+00
6.0761103956e-04 -1.2500000000e+01 -7.5000000000e+00 9.0000000000e+00
1.5743597884e-03 -1.0000000000e+01 -7.5000000000e+00 9.0000000000e+00
1.7543427327e-04 -1.3000000000e+01 -7.5000000000e+00 9.0000000000e+00
7.1623142629e-04 -9.5000000000e+00 -7.5000000000e+00 9.0000000000e+00
2.3271625492e-04 -9.0000000000e+00 -7.5000000000e+00 9.0000000000e+00
2.0461283351e-04 -9.0000000000e+00 -8.0000000000e+00 9.0000000000e+00
1.3940643179e-04 -9.0000000000e+00 -8.5000000000e+00 9.0000000000e+00
7.0920990724e-05 -9.0000000000e+00 -9.0000000000e+00 9.0000000000e+00
4.5715290949e-03 -1.1500000000e+01 -7.5000000000e+00 9.5000000000e+00
4.9778756729e-03 -1.1000000000e+01 -7.5000000000e+00 9.5000000000e+00
2.8493226516e-03 -1.2000000000e+01 -7.5000000000e+00 9.5000000000e+00
4.2984552390e-03 -1.0500000000e+01 -7.5000000000e+00 9.5000000000e+00
1.3073539784e-03 -1.2500000000e+01 -7.5000000000e+00 9.5000000000e+00
2.5968457656e-03 -1.0000000000e+01 -7.5000000000e+00 9.5000000000e+00
4.1329057215e-04 -1.3000000000e+01 -7.5000000000e+00 9.5000000000e+00
1.1242064606e-03 -9.5000000000e+00 -7.5000000000e+00 9.5000000000e+00
8.6356874339e-05 -1.3500000000e+01 -7.5000000000e+00 9.5000000000e+00
3.4667277496e-04 -9.0000000000e+00 -7.5000000000e+00 9.5000000000e+00
3.1266876898e-04 -9.0000000000e+00 -8.0000000000e+00 9.5000000000e+00
2.1866675523e-04 -9.0000000000e+00 -8.5000000000e+00 9.5000000000e+00
1.1475167036e-04 -9.0000000000e+00 -9.0000000000e+00 9.5000000000e+00
4.1900031560e-05 -9.0000000000e+00 -9.5000000000e+00 9.5000000000e+00
5.2973774667e-05 -1.1500000000e+01 -9.5000000000e+00 1.2500000000e+01
5.0892720905e-05 -1.1000000000e+01 -9.5000000000e+00 1.2500000000e+01
1.6543160557e-04 -1.1500000000e+01 -9.0000000000e+00 1.2500000000e+01
1.5231494610e-04 -1.1000000000e+01 -9.0000000000e+00 1.2500000000e+01
1.2621112754e-04 -1.2000000000e+01 -9.0000000000e+00 1.2500000000e+01
9.8974898036e-05 -1.0500000000e+01 -9.0000000000e+00 1.2500000000e+01
6.7341988532e-05 -1.2500000000e+01 -9.0000000000e+00 1.2500000000e+01
3.7418642117e-04 -1.1500000000e+01 -8.5000000000e+00 1.2500000000e+01
3.3585225749e-04 -1.1000000000e+01 -8.5000000000e+00 1.2500000000e+01
2.9853556556e-04 -1.2000000000e+01 -8.5000000000e+00 1.2500000000e+01
2.1500525480e-04 -1.0500000000e+01 -8.5000000000e+00 1.2500000000e+01
1.7071062102e-04 -1.2500000000e+01 -8.5000000000e+00 1.2500000000e+01
9.8353243618e-05 -1.0000000000e+01 -8.5000000000e+00 1.2500000000e+01
4.5684498337e-05 -1.0000000000e+01 -9.0000000000e+00 1.2500000000e+01
6.9971518444e-05 -1.3000000000e+01 -8.5000000000e+00 1.2500000000e+01
6.6926990698e-04 -1.1500000000e+01 -8.0000000000e+00 1.2500000000e+01
5.8844715484e-04 -1.1000000000e+01 -8.0000000000e+00 1.2500000000e+01
5.5320688351e-04 -1.2000000000e+01 -8.0000000000e+00 1.2500000000e+01
3.7083008049e-04 -1.0500000000e+01 -8.0000000000e+00 1.2500000000e+01
3.2988192567e-04 -1.2500000000e+01 -8.0000000000e+00 1.2500000000e+01
1.6677153193e-04 -1.0000000000e+01 -8.0000000000e+00 1.2500000000e+01
1.4170673755e-04 -1.3000000000e+01 -8.0000000000e+00 1.2500000000e+01
5.3187016993e-05 -9.5000000000e+00 -8.0000000000e+00 1.2500000000e+01
4.5297921670e-05 -1.3500000000e+01 -8.0000000000e+00 1.2500000000e+01
9.4022207112e-04 -1.1500000000e+01 -7.5000000000e+00 1.2500000000e+01
8.0245237683e-04 -1.1000000000e+01 -7.5000000000e+00 1.2500000000e+01
8.1993515037e-04 -1.2000000000e+01 -7.5000000000e+00 1.2500000000e+01
4.8819969482e-04 -1.0500000000e+01 -7.5000000000e+00 1.2500000000e+01
5.1201975062e-04 -1.2500000000e+01 -7.5000000000e+00 1.2500000000e+01
2.1250732972e-04 -1.0000000000e+01 -7.5000000000e+00 1.2500000000e+01
2.3087331967e-04 -1.3000000000e+01 -7.5000000000e+00 1.2500000000e+01
6.5364928102e-05 -9.5000000000e+00 -7.5000000000e+00 1.2500000000e+01
7.6510369643e-05 -1.3500000000e+01 -7.5000000000e+00 1.2500000000e+01
9.8340181359e-04 -1.1500000000e+01 -7.0000000000e+00 1.2500000000e+01
8.2816667078e-04 -1.1000000000e+01 -7.0000000000e+00 1.2500000000e+01
8.9987487378e-04 -1.2000000000e+01 -7.0000000000e+00 1.2500000000e+01
4.9651094214e-04 -1.0500000000e+01 -7.0000000000e+00 1.2500000000e+01
5.8748133882e-04 -1.2500000000e+01 -7.0000000000e+00 1.2500000000e+01
2.1345845850e-04 -1.0000000000e+01 -7.0000000000e+00 1.2500000000e+01
2.8355759199e-04 -1.3000000000e+01 -7.0000000000e+00 1.2500000000e+01
6.4753583648e-05 -9.5000000000e+00 -7.0000000000e+00 1.2500000000e+01
9.8632775407e-05 -1.3500000000e+01 -7.0000000000e+00 1.2500000000e+01
2.5280190152e-03 -1.1500000000e+01 -7.0000000000e+00 1.2000000000e+01
2.2177218363e-03 -1.1000000000e+01 -7.0000000000e+00 1.2000000000e+01
2.1415742877e-03 -1.2000000000e+01 -7.0000000000e+00 1.2000000000e+01
1.4141078113e-03 -1.0500000000e+01 -7.0000000000e+00 1.2000000000e+01
1.3327374372e-03 -1.2500000000e+01 -7.0000000000e+00 1.2000000000e+01
6.4966455816e-04 -1.0000000000e+01 -7.0000000000e+00 1.2000000000e+01
6.0416210591e-04 -1.3000000000e+01 -7.0000000000e+00 1.2000000000e+01
2.1062958475e-04 -9.5000000000e+00 -7.0000000000e+00 1.2000000000e+01
1.8914938387e-04 -1.3500000000e+01 -7.0000000000e+00 1.2000000000e+01
4.5752380860e-05 -9.0000000000e+00 -7.0000000000e+00 1.2000000000e+01
4.0392450787e-05 -1.4000000000e+01 -7.0000000000e+00 1.2000000000e+01
4.7330742227e-03 -1.1500000000e+01 -7.0000000000e+00 1.1500000000e+01
4.3452073442e-03 -1.1000000000e+01 -7.0000000000e+00 1.1500000000e+01
3.7717621957e-03 -1.2000000000e+01 -7.0000000000e+00 1.1500000000e+01
2.9434261781e-03 -1.0500000000e+01 -7.0000000000e+00 1.1500000000e+01
2.2201793942e-03 -1.2500000000e+01 -7.0000000000e+00 1.1500000000e+01
1.4350388222e-03 -1.0000000000e+01 -7.0000000000e+00 1.1500000000e+01
9.4705864726e-04 -1.3000000000e+01 -7.0000000000e+00 1.1500000000e+01
4.9575423009e-04 -9.5000000000e+00 -7.0000000000e+00 1.1500000000e+01
2.7886017455e-04 -1.3500000000e+01 -7.0000000000e+00 1.1500000000e+01
1.1752396137e-04 -9.0000000000e+00 -7.0000000000e+00 1.1500000000e+01
5.2589690079e-05 -1.4000000000e+01 -7.0000000000e+00 1.1500000000e+01
7.9606857044e-05 -1.1500000000e+01 -7.0000000000e+00 7.5000000000e+00
1.0636575240e-04 -1.1000000000e+01 -7.0000000000e+00 7.5000000000e+00
4.8466825810e-05 -1.2000000000e+01 -7.0000000000e+00 7.5000000000e+00
1.0696776349e-04 -1.0500000000e+01 -7.0000000000e+00 7.5000000000e+00
8.4434141424e-05 -1.0000000000e+01 -7.0000000000e+00 7.5000000000e+00
4.4174229462e-05 -9.5000000000e+00 -7.0000000000e+00 7.5000000000e+00
6.6873681830e-03 -1.1500000000e+01 -7.0000000000e+00 1.1000000000e+01
6.4143938546e-03 -1.1000000000e+01 -7.0000000000e+00 1.1000000000e+01
4.9855120338e-03 -1.2000000000e+01 -7.0000000000e+00 1.1000000000e+01
4.6497157507e-03 -1.0500000000e+01 -7.0000000000e+00 1.1000000000e+01
2.7584862403e-03 -1.2500000000e+01 -7.0000000000e+00 1.1000000000e+01
2.4018186300e-03 -1.0000000000e+01 -7.0000000000e+00 1.1000000000e+01
1.1088883963e-03 -1.3000000000e+01 -7.0000000000e+00 1.1000000000e+01
8.8278103469e-04 -9.5000000000e+00 -7.0000000000e+00 1.1000000000e+01
3.0650928112e-04 -1.3500000000e+01 -7.0000000000e+00 1.1000000000e+01
2.2459122234e-04 -9.0000000000e+00 -7.0000000000e+00 1.1000000000e+01
5.6533146420e-05 -1.4000000000e+01 -7.0000000000e+00 1.1000000000e+01
4.0299737554e-05 -8.5000000000e+00 -7.0000000000e+00 1.1000000000e+01
4.2365993316e-05 -8.5000000000e+00 -7.5000000000e+00 1.1000000000e+01
4.0242513064e-05 -8.5000000000e+00 -8.0000000000e+00 1.1000000000e+01
3.3412630875e-04 -1.1500000000e+01 -7.0000000000e+00 8.0000000000e+00
4.2831145473e-04 -1.1000000000e+01 -7.0000000000e+00 8.0000000000e+00
1.7741536528e-04 -1.2000000000e+01 -7.0000000000e+00 8.0000000000e+00
4.1567671893e-04 -1.0500000000e+01 -7.0000000000e+00 8.0000000000e+00
6.9909250587e-05 -1.2500000000e+01 -7.0000000000e+00 8.0000000000e+00
2.9202560184e-04 -1.0000000000e+01 -7.0000000000e+00 8.0000000000e+00
1.4539643352e-04 -9.5000000000e+00 -7.0000000000e+00 8.0000000000e+00
5.1638791375e-05 -9.0000000000e+00 -7.0000000000e+00 8.0000000000e+00
7.2874222982e-03 -1.1500000000e+01 -7.0000000000e+00 1.0500000000e+01
7.1911908598e-03 -1.1000000000e+01 -7.0000000000e+00 1.0500000000e+01
5.2466028575e-03 -1.2000000000e+01 -7.0000000000e+00 1.0500000000e+01
5.5641115204e-03 -1.0500000000e+01 -7.0000000000e+00 1.0500000000e+01
2.8450979059e-03 -1.2500000000e+01 -7.0000000000e+00 1.0500000000e+01
3.0495714655e-03 -1.0000000000e+01 -7.0000000000e+00 1.0500000000e+01
1.1210403223e-03 -1.3000000000e+01 -7.0000000000e+00 1.0500000000e+01
1.1981149367e-03 -9.5000000000e+00 -7.0000000000e+00 1.0500000000e+01
3.0368749956e-04 -1.3500000000e+01 -7.0000000000e+00 1.0500000000e+01
3.2834462727e-04 -9.0000000000e+00 -7.0000000000e+00 1.0500000000e+01
5.5179025139e-05 -1.4000000000e+01 -7.0000000000e+00 1.0500000000e+01
6.2215918161e-05 -8.5000000000e+00 -7.0000000000e+00 1.0500000000e+01
6.4932406021e-05 -8.5000000000e+00 -7.5000000000e+00 1.0500000000e+01
6.0946173771e-05 -8.5000000000e+00 -8.0000000000e+00 1.0500000000e+01
4.2261851756e-05 -8.5000000000e+00 -8.5000000000e+00 1.0500000000e+01
1.0957982573e-03 -1.1500000000e+01 -7.0000000000e+00 8.5000000000e+00
1.2977660810e-03 -1.1000000000e+01 -7.0000000000e+00 8.5000000000e+00
6.3599068994e-04 -1.2000000000e+01 -7.0000000000e+00 8.5000000000e+00
1.1968679500e-03 -1.0500000000e+01 -7.0000000000e+00 8.5000000000e+00
2.7196350240e-04 -1.2500000000e+01 -7.0000000000e+00 8.5000000000e+00
7.8997732622e-04 -1.0000000000e+01 -7.0000000000e+00 8.5000000000e+00
7.6393827600e-05 -1.3000000000e+01 -7.0000000000e+00 8.5000000000e+00
3.7212012609e-04 -9.5000000000e+00 -7.0000000000e+00 8.5000000000e+00
1.2446779003e-04 -9.0000000000e+00 -7.0000000000e+00 8.5000000000e+00
6.9722227935e-03 -1.1500000000e+01 -7.0000000000e+00 1.0000000000e+01
7.0437144419e-03 -1.1000000000e+01 -7.0000000000e+00 1.0000000000e+01
4.7830338155e-03 -1.2000000000e+01 -7.0000000000e+00 1.0000000000e+01
5.6146799730e-03 -1.0500000000e+01 -7.0000000000e+00 1.0000000000e+01
2.4444002773e-03 -1.2500000000e+01 -7.0000000000e+00 1.0000000000e+01
3.1526304013e-03 -1.0000000000e+01 -7.0000000000e+00 1.0000000000e+01
8.9497743530e-04 -1.3000000000e+01 -7.0000000000e+00 1.0000000000e+01
1.2748082945e-03 -9.5000000000e+00 -7.0000000000e+00 1.0000000000e+01
2.2356288281e-04 -1.3500000000e+01 -7.0000000000e+00 1.0000000000e+01
3.6482981646e-04 -9.0000000000e+00 -7.0000000000e+00 1.0000000000e+01
7.2571094471e-05 -8.5000000000e+00 -7.0000000000e+00 1.0000000000e+01
7.5055823682e-05 -8.5000000000e+00 -7.5000000000e+00 1.0000000000e+01
6.9607514280e-05 -8.5000000000e+00 -8.0000000000e+00 1.0000000000e+01
4.7952963145e-05 -8.5000000000e+00 -8.5000000000e+00 1.0000000000e+01
2.5935433910e-03 -1.1500000000e+01 -7.0000000000e+00 9.0000000000e+00
2.8898831095e-03 -1.1000000000e+01 -7.0000000000e+00 9.0000000000e+00
1.5918212338e-03 -1.2000000000e+01 -7.0000000000e+00 9.0000000000e+00
2.5616694932e-03 -1.0500000000e+01 -7.0000000000e+00 9.0000000000e+00
7.3048413274e-04 -1.2500000000e+01 -7.0000000000e+00 9.0000000000e+00
1.6092298148e-03 -1.0000000000e+01 -7.0000000000e+00 9.0000000000e+00
2.3304167982e-04 -1.3000000000e+01 -7.0000000000e+00 9.0000000000e+00
7.2357533706e-04 -9.5000000000e+00 -7.0000000000e+00 9.0000000000e+00
5.0485733946e-05 -1.3500000000e+01 -7.0000000000e+00 9.0000000000e+00
2.3121943562e-04 -9.0000000000e+00 -7.0000000000e+00 9.0000000000e+00
5.0789195638e-05 -8.5000000000e+00 -7.0000000000e+00 9.0000000000e+00
5.2564877388e-05 -8.5000000000e+00 -7.5000000000e+00 9.0000000000e+00
4.8108639366e-05 -8.5000000000e+00 -8.0000000000e+00 9.0000000000e+00
4.8518665908e-03 -1.1500000000e+01 -7.0000000000e+00 9.5000000000e+00
5.1565109087e-03 -1.1000000000e+01 -7.0000000000e+00 9.5000000000e+00
3.1207105013e-03 -1.2000000000e+01 -7.0000000000e+00 9.5000000000e+00
4.3933068239e-03 -1.0500000000e+01 -7.0000000000e+00 9.5000000000e+00
1.5101691882e-03 -1.2500000000e+01 -7.0000000000e+00 9.5000000000e+00
2.6275968942e-03 -1.0000000000e+01 -7.0000000000e+00 9.5000000000e+00
5.1641533730e-04 -1.3000000000e+01 -7.0000000000e+00 9.5000000000e+00
1.1273391341e-03 -9.5000000000e+00 -7.0000000000e+00 9.5000000000e+00
1.1820464658e-04 -1.3500000000e+01 -7.0000000000e+00 9.5000000000e+00
3.4179549754e-04 -9.0000000000e+00 -7.0000000000e+00 9.5000000000e+00
7.0463716629e-05 -8.5000000000e+00 -7.0000000000e+00 9.5000000000e+00
7.3731832531e-05 -8.5000000000e+00 -7.5000000000e+00 9.5000000000e+00
6.8862350650e-05 -8.5000000000e+00 -8.0000000000e+00 9.5000000000e+00
4.8062912870e-05 -8.5000000000e+00 -8.5000000000e+00 9.5000000000e+00
6.5553454931e-05 -1.2000000000e+01 -8.0000000000e+00 1.3000000000e+01
4.7252361522e-05 -1.2500000000e+01 -8.0000000000e+00 1.3000000000e+01
1.5093272952e-04 -1.2000000000e+01 -7.5000000000e+00 1.3000000000e+01
2.1547880523e-04 -1.2000000000e+01 -7.0000000000e+00 1.3000000000e+01
1.5347537215e-04 -1.2500000000e+01 -7.0000000000e+00 1.3000000000e+01
8.0405033508e-05 -1.3000000000e+01 -7.0000000000e+00 1.3000000000e+01
8.4520871377e-05 -1.3000000000e+01 -6.5000000000e+00 1.3000000000e+01
7.8914200730e-05 -1.0500000000e+01 -6.5000000000e+00 1.3000000000e+01
1.5720483352e-04 -1.2500000000e+01 -6.5000000000e+00 1.3000000000e+01
1.5156252592e-04 -1.1000000000e+01 -6.5000000000e+00 1.3000000000e+01
2.1595236945e-04 -1.2000000000e+01 -6.5000000000e+00 1.3000000000e+01
2.0449157914e-04 -1.1500000000e+01 -6.5000000000e+00 1.3000000000e+01
8.0398513327e-05 -1.0500000000e+01 -7.0000000000e+00 1.3000000000e+01
8.6263786180e-04 -1.2000000000e+01 -6.5000000000e+00 1.2500000000e+01
5.6991405227e-05 -9.5000000000e+00 -6.5000000000e+00 1.2500000000e+01
1.0102107722e-04 -1.3500000000e+01 -6.5000000000e+00 1.2500000000e+01
1.9002332046e-04 -1.0000000000e+01 -6.5000000000e+00 1.2500000000e+01
2.8017451742e-04 -1.3000000000e+01 -6.5000000000e+00 1.2500000000e+01
4.4942624635e-04 -1.0500000000e+01 -6.5000000000e+00 1.2500000000e+01
5.6959038372e-04 -1.2500000000e+01 -6.5000000000e+00 1.2500000000e+01
7.6100339749e-04 -1.1000000000e+01 -6.5000000000e+00 1.2500000000e+01
9.1405903533e-04 -1.1500000000e+01 -6.5000000000e+00 1.2500000000e+01
1.5462659295e-04 -1.1000000000e+01 -7.0000000000e+00 1.3000000000e+01
2.0682173270e-04 -1.1500000000e+01 -7.0000000000e+00 1.3000000000e+01
5.2926305862e-05 -1.3000000000e+01 -7.5000000000e+00 1.3000000000e+01
5.8829608072e-05 -1.0500000000e+01 -7.5000000000e+00 1.3000000000e+01
1.0300187084e-04 -1.2500000000e+01 -7.5000000000e+00 1.3000000000e+01
1.1497582866e-04 -1.1000000000e+01 -7.5000000000e+00 1.3000000000e+01
2.0407858474e-03 -1.2000000000e+01 -6.5000000000e+00 1.2000000000e+01
1.2902383856e-03 -1.2500000000e+01 -6.5000000000e+00 1.2000000000e+01
5.9587318794e-04 -1.3000000000e+01 -6.5000000000e+00 1.2000000000e+01
4.2978633021e-05 -1.0500000000e+01 -6.5000000000e+00 7.0000000000e+00
4.2233550928e-05 -1.1000000000e+01 -6.5000000000e+00 7.0000000000e+00
4.5599365340e-05 -1.4000000000e+01 -6.5000000000e+00 1.2000000000e+01
1.7975933930e-04 -9.5000000000e+00 -6.5000000000e+00 1.2000000000e+01
1.9035307771e-04 -1.3500000000e+01 -6.5000000000e+00 1.2000000000e+01
5.6711870271e-04 -1.0000000000e+01 -6.5000000000e+00 1.2000000000e+01
1.2606000252e-03 -1.0500000000e+01 -6.5000000000e+00 1.2000000000e+01
2.0159439236e-03 -1.1000000000e+01 -6.5000000000e+00 1.2000000000e+01
2.3327447016e-03 -1.1500000000e+01 -6.5000000000e+00 1.2000000000e+01
1.4940829478e-04 -1.1500000000e+01 -7.5000000000e+00 1.3000000000e+01
3.6117069817e-03 -1.2000000000e+01 -6.5000000000e+00 1.1500000000e+01
2.1680986255e-03 -1.2500000000e+01 -6.5000000000e+00 1.1500000000e+01
2.8236872971e-04 -1.3500000000e+01 -6.5000000000e+00 1.1500000000e+01
6.2919321768e-05 -1.4000000000e+01 -6.5000000000e+00 1.1500000000e+01
9.4515315219e-05 -9.0000000000e+00 -6.5000000000e+00 1.1500000000e+01
4.3554268782e-05 -1.2000000000e+01 -6.5000000000e+00 7.5000000000e+00
8.4487453434e-05 -1.1500000000e+01 -6.5000000000e+00 7.5000000000e+00
7.4355026436e-05 -1.0000000000e+01 -6.5000000000e+00 7.5000000000e+00
1.0631655578e-04 -1.0500000000e+01 -6.5000000000e+00 7.5000000000e+00
1.0878712756e-04 -1.1000000000e+01 -6.5000000000e+00 7.5000000000e+00
4.2134974311e-04 -9.5000000000e+00 -6.5000000000e+00 1.1500000000e+01
1.2489351159e-03 -1.0000000000e+01 -6.5000000000e+00 1.1500000000e+01
9.4113744882e-04 -1.3000000000e+01 -6.5000000000e+00 1.1500000000e+01
2.6210738129e-03 -1.0500000000e+01 -6.5000000000e+00 1.1500000000e+01
3.9706283832e-03 -1.1000000000e+01 -6.5000000000e+00 1.1500000000e+01
4.4100229772e-03 -1.1500000000e+01 -6.5000000000e+00 1.1500000000e+01
4.5640780338e-05 -1.1000000000e+01 -8.0000000000e+00 1.3000000000e+01
6.3014002071e-05 -1.1500000000e+01 -8.0000000000e+00 1.3000000000e+01
4.8445496716e-03 -1.2000000000e+01 -6.5000000000e+00 1.1000000000e+01
2.7213022719e-03 -1.2500000000e+01 -6.5000000000e+00 1.1000000000e+01
1.1077793383e-03 -1.3000000000e+01 -6.5000000000e+00 1.1000000000e+01
3.0921921355e-04 -1.3500000000e+01 -6.5000000000e+00 1.1000000000e+01
6.9601213538e-05 -1.4000000000e+01 -6.5000000000e+00 1.1000000000e+01
1.8158419794e-04 -9.0000000000e+00 -6.5000000000e+00 1.1000000000e+01
7.5319062552e-04 -9.5000000000e+00 -6.5000000000e+00 1.1000000000e+01
2.1068880982e-03 -1.0000000000e+01 -6.5000000000e+00 1.1000000000e+01
1.8655100330e-04 -1.2000000000e+01 -6.5000000000e+00 8.0000000000e+00
3.3720693658e-04 -1.1500000000e+01 -6.5000000000e+00 8.0000000000e+00
7.9929677421e-05 -1.2500000000e+01 -6.5000000000e+00 8.0000000000e+00
4.3081510060e-05 -9.0000000000e+00 -6.5000000000e+00 8.0000000000e+00
1.2472399060e-04 -9.5000000000e+00 -6.5000000000e+00 8.0000000000e+00
2.6201823601e-04 -1.0000000000e+01 -6.5000000000e+00 8.0000000000e+00
3.8968877071e-04 -1.0500000000e+01 -6.5000000000e+00 8.0000000000e+00
4.1493543931e-04 -1.1000000000e+01 -6.5000000000e+00 8.0000000000e+00
4.1842744653e-03 -1.0500000000e+01 -6.5000000000e+00 1.1000000000e+01
5.9613597792e-03 -1.1000000000e+01 -6.5000000000e+00 1.1000000000e+01
6.3367417320e-03 -1.1500000000e+01 -6.5000000000e+00 1.1000000000e+01
5.1121209477e-03 -1.2000000000e+01 -6.5000000000e+00 1.0500000000e+01
6.9651685894e-03 -1.1500000000e+01 -6.5000000000e+00 1.0500000000e+01
2.8056372774e-03 -1.2500000000e+01 -6.5000000000e+00 1.0500000000e+01
1.1179786673e-03 -1.3000000000e+01 -6.5000000000e+00 1.0500000000e+01
3.0539267521e-04 -1.3500000000e+01 -6.5000000000e+00 1.0500000000e+01
6.7908290651e-05 -1.4000000000e+01 -6.5000000000e+00 1.0500000000e+01
4.8881338994e-05 -8.5000000000e+00 -6.5000000000e+00 1.0500000000e+01
2.6889118642e-04 -9.0000000000e+00 -6.5000000000e+00 1.0500000000e+01
1.0348289504e-03 -9.5000000000e+00 -6.5000000000e+00 1.0500000000e+01
2.7128497019e-03 -1.0000000000e+01 -6.5000000000e+00 1.0500000000e+01
6.4409421977e-04 -1.2000000000e+01 -6.5000000000e+00 8.5000000000e+00
1.0837382443e-03 -1.1500000000e+01 -6.5000000000e+00 8.5000000000e+00
2.8222379143e-04 -1.2500000000e+01 -6.5000000000e+00 8.5000000000e+00
8.6942482673e-05 -1.3000000000e+01 -6.5000000000e+00 8.5000000000e+00
1.0089100433e-04 -9.0000000000e+00 -6.5000000000e+00 8.5000000000e+00
3.1689409188e-04 -9.5000000000e+00 -6.5000000000e+00 8.5000000000e+00
7.0081834517e-04 -1.0000000000e+01 -6.5000000000e+00 8.5000000000e+00
4.6556211701e-03 -1.2000000000e+01 -6.5000000000e+00 1.0000000000e+01
6.6204963665e-03 -1.1500000000e+01 -6.5000000000e+00 1.0000000000e+01
2.4245116300e-03 -1.2500000000e+01 -6.5000000000e+00 1.0000000000e+01
9.0190184385e-04 -1.3000000000e+01 -6.5000000000e+00 1.0000000000e+01
2.2783389481e-04 -1.3500000000e+01 -6.5000000000e+00 1.0000000000e+01
4.8312108299e-05 -1.4000000000e+01 -6.5000000000e+00 1.0000000000e+01
5.7111054652e-05 -8.5000000000e+00 -6.5000000000e+00 1.0000000000e+01
3.0088949265e-04 -9.0000000000e+00 -6.5000000000e+00 1.0000000000e+01
1.0998562718e-03 -9.5000000000e+00 -6.5000000000e+00 1.0000000000e+01
2.7874465776e-03 -1.0000000000e+01 -6.5000000000e+00 1.0000000000e+01
5.0748725053e-03 -1.0500000000e+01 -6.5000000000e+00 1.0000000000e+01
6.5725467919e-03 -1.1000000000e+01 -6.5000000000e+00 1.0000000000e+01
1.1059659446e-03 -1.0500000000e+01 -6.5000000000e+00 8.5000000000e+00
1.5904810206e-03 -1.2000000000e+01 -6.5000000000e+00 9.0000000000e+00
7.4275770130e-04 -1.2500000000e+01 -6.5000000000e+00 9.0000000000e+00
2.4427453006e-04 -1.3000000000e+01 -6.5000000000e+00 9.0000000000e+00
6.0554255018e-05 -1.3500000000e+01 -6.5000000000e+00 9.0000000000e+00
1.8856450354e-04 -9.0000000000e+00 -6.5000000000e+00 9.0000000000e+00
6.2049952104e-04 -9.5000000000e+00 -6.5000000000e+00 9.0000000000e+00
1.4314857931e-03 -1.0000000000e+01 -6.5000000000e+00 9.0000000000e+00
2.3650909993e-03 -1.0500000000e+01 -6.5000000000e+00 9.0000000000e+00
3.0882589588e-03 -1.2000000000e+01 -6.5000000000e+00 9.5000000000e+00
1.5208462302e-03 -1.2500000000e+01 -6.5000000000e+00 9.5000000000e+00
5.2827545473e-04 -1.3000000000e+01 -6.5000000000e+00 9.5000000000e+00
1.2696559092e-04 -1.3500000000e+01 -6.5000000000e+00 9.5000000000e+00
1.7671528236e-04 -1.1500000000e+01 -6.0000000000e+00 1.3000000000e+01
1.2672573003e-04 -1.1000000000e+01 -6.0000000000e+00 1.3000000000e+01
6.5259632539e-05 -1.0500000000e+01 -6.0000000000e+00 1.3000000000e+01
7.6967304401e-05 -1.3000000000e+01 -6.0000000000e+00 1.3000000000e+01
1.3963950402e-04 -1.2500000000e+01 -6.0000000000e+00 1.3000000000e+01
1.8897278519e-04 -1.2000000000e+01 -6.0000000000e+00 1.3000000000e+01
7.0231366225e-04 -1.1500000000e+01 -6.0000000000e+00 1.2500000000e+01
5.7170949177e-04 -1.1000000000e+01 -6.0000000000e+00 1.2500000000e+01
3.2940576959e-04 -1.0500000000e+01 -6.0000000000e+00 1.2500000000e+01
1.3691191587e-04 -1.0000000000e+01 -6.0000000000e+00 1.2500000000e+01
4.1976263807e-05 -9.5000000000e+00 -6.0000000000e+00 1.2500000000e+01
9.3790917490e-05 -1.3500000000e+01 -6.0000000000e+00 1.2500000000e+01
2.4336880199e-04 -1.3000000000e+01 -6.0000000000e+00 1.2500000000e+01
4.7251766538e-04 -1.2500000000e+01 -6.0000000000e+00 1.2500000000e+01
6.9580851857e-04 -1.2000000000e+01 -6.0000000000e+00 1.2500000000e+01
5.4049576852e-05 -8.5000000000e+00 -6.5000000000e+00 9.5000000000e+00
1.7458812137e-03 -1.1500000000e+01 -6.0000000000e+00 1.2000000000e+01
1.4800766887e-03 -1.1000000000e+01 -6.0000000000e+00 1.2000000000e+01
8.9839504503e-04 -1.0500000000e+01 -6.0000000000e+00 1.2000000000e+01
1.2231933840e-04 -9.5000000000e+00 -6.0000000000e+00 1.2000000000e+01
1.7356213423e-04 -1.3500000000e+01 -6.0000000000e+00 1.2000000000e+01
3.9303099729e-04 -1.0000000000e+01 -6.0000000000e+00 1.2000000000e+01
5.1374330684e-04 -1.3000000000e+01 -6.0000000000e+00 1.2000000000e+01
1.0558745267e-03 -1.2500000000e+01 -6.0000000000e+00 1.2000000000e+01
1.6184269424e-03 -1.2000000000e+01 -6.0000000000e+00 1.2000000000e+01
6.2040395298e-05 -9.0000000000e+00 -6.0000000000e+00 1.1500000000e+01
4.8500149307e-05 -1.0000000000e+01 -6.0000000000e+00 7.5000000000e+00
7.2972983321e-05 -1.0500000000e+01 -6.0000000000e+00 7.5000000000e+00
7.9599020008e-05 -1.1000000000e+01 -6.0000000000e+00 7.5000000000e+00
6.8914358219e-05 -1.1500000000e+01 -6.0000000000e+00 7.5000000000e+00
6.2975382820e-05 -1.4000000000e+01 -6.0000000000e+00 1.1500000000e+01
2.8071523948e-04 -9.5000000000e+00 -6.0000000000e+00 1.1500000000e+01
2.6162511987e-04 -1.3500000000e+01 -6.0000000000e+00 1.1500000000e+01
8.5197375641e-04 -1.0000000000e+01 -6.0000000000e+00 1.1500000000e+01
8.2567497712e-04 -1.3000000000e+01 -6.0000000000e+00 1.1500000000e+01
1.8408473765e-03 -1.0500000000e+01 -6.0000000000e+00 1.1500000000e+01
1.7893427169e-03 -1.2500000000e+01 -6.0000000000e+00 1.1500000000e+01
2.8846834996e-03 -1.1000000000e+01 -6.0000000000e+00 1.1500000000e+01
2.8421876568e-03 -1.2000000000e+01 -6.0000000000e+00 1.1500000000e+01
3.2936830155e-03 -1.1500000000e+01 -6.0000000000e+00 1.1500000000e+01
3.8589836083e-03 -1.2000000000e+01 -6.0000000000e+00 1.1000000000e+01
4.7613182352e-03 -1.1500000000e+01 -6.0000000000e+00 1.1000000000e+01
9.9689565361e-04 -1.3000000000e+01 -6.0000000000e+00 1.1000000000e+01
2.9205696574e-03 -1.0500000000e+01 -6.0000000000e+00 1.1000000000e+01
6.0375809528e-05 -1.4000000000e+01 -6.0000000000e+00 1.1000000000e+01
1.1615467198e-04 -9.0000000000e+00 -6.0000000000e+00 1.1000000000e+01
8.0265359481e-05 -1.2500000000e+01 -6.0000000000e+00 8.0000000000e+00
7.6458796866e-05 -9.5000000000e+00 -6.0000000000e+00 8.0000000000e+00
1.6535641592e-04 -1.0000000000e+01 -6.0000000000e+00 8.0000000000e+00
2.6043689700e-04 -1.0500000000e+01 -6.0000000000e+00 8.0000000000e+00
2.9356887718e-04 -1.1000000000e+01 -6.0000000000e+00 8.0000000000e+00
1.6722885661e-04 -1.2000000000e+01 -6.0000000000e+00 8.0000000000e+00
2.6907795262e-04 -1.1500000000e+01 -6.0000000000e+00 8.0000000000e+00
4.9627361177e-04 -9.5000000000e+00 -6.0000000000e+00 1.1000000000e+01
2.9526318757e-04 -1.3500000000e+01 -6.0000000000e+00 1.1000000000e+01
1.4255864053e-03 -1.0000000000e+01 -6.0000000000e+00 1.1000000000e+01
2.3088747855e-03 -1.2500000000e+01 -6.0000000000e+00 1.1000000000e+01
2.8910295217e-04 -1.3500000000e+01 -6.0000000000e+00 1.0500000000e+01
5.8075774915e-05 -1.4000000000e+01 -6.0000000000e+00 1.0500000000e+01
1.7029726163e-04 -9.0000000000e+00 -6.0000000000e+00 1.0500000000e+01
6.7922364265e-04 -9.5000000000e+00 -6.0000000000e+00 1.0500000000e+01
1.8353338619e-03 -1.0000000000e+01 -6.0000000000e+00 1.0500000000e+01
2.6069148386e-04 -1.2500000000e+01 -6.0000000000e+00 8.5000000000e+00
9.1077421589e-05 -1.3000000000e+01 -6.0000000000e+00 8.5000000000e+00
6.1301301361e-05 -9.0000000000e+00 -6.0000000000e+00 8.5000000000e+00
1.9518182539e-04 -9.5000000000e+00 -6.0000000000e+00 8.5000000000e+00
4.4487575814e-04 -1.0000000000e+01 -6.0000000000e+00 8.5000000000e+00
7.3357436004e-04 -1.0500000000e+01 -6.0000000000e+00 8.5000000000e+00
8.6088575172e-04 -1.1000000000e+01 -6.0000000000e+00 8.5000000000e+00
5.3459522028e-04 -1.2000000000e+01 -6.0000000000e+00 8.5000000000e+00
8.2247941606e-04 -1.1500000000e+01 -6.0000000000e+00 8.5000000000e+00
1.0014453670e-03 -1.3000000000e+01 -6.0000000000e+00 1.0500000000e+01
3.5390841168e-03 -1.0500000000e+01 -6.0000000000e+00 1.0500000000e+01
8.1764146153e-04 -1.3000000000e+01 -6.0000000000e+00 1.0000000000e+01
3.4717130946e-03 -1.0500000000e+01 -6.0000000000e+00 1.0000000000e+01
2.2174705338e-04 -1.3500000000e+01 -6.0000000000e+00 1.0000000000e+01
4.1218188885e-05 -1.4000000000e+01 -6.0000000000e+00 1.0000000000e+01
1.8968743740e-04 -9.0000000000e+00 -6.0000000000e+00 1.0000000000e+01
7.1417499486e-04 -9.5000000000e+00 -6.0000000000e+00 1.0000000000e+01
6.6181016195e-04 -1.2500000000e+01 -6.0000000000e+00 9.0000000000e+00
1.9443971798e-03 -1.1000000000e+01 -6.0000000000e+00 9.0000000000e+00
2.3761672036e-04 -1.3000000000e+01 -6.0000000000e+00 9.0000000000e+00
6.3894921703e-05 -1.3500000000e+01 -6.0000000000e+00 9.0000000000e+00
1.1536432189e-04 -9.0000000000e+00 -6.0000000000e+00 9.0000000000e+00
3.8907821055e-04 -9.5000000000e+00 -6.0000000000e+00 9.0000000000e+00
9.2434574087e-04 -1.0000000000e+01 -6.0000000000e+00 9.0000000000e+00
1.5893318643e-03 -1.0500000000e+01 -6.0000000000e+00 9.0000000000e+00
3.4794698964e-03 -1.1500000000e+01 -6.0000000000e+00 9.5000000000e+00
3.4599273714e-03 -1.1000000000e+01 -6.0000000000e+00 9.5000000000e+00
1.2725763067e-04 -1.3500000000e+01 -6.0000000000e+00 9.5000000000e+00
8.7797411887e-05 -1.1000000000e+01 -5.5000000000e+00 1.3000000000e+01
1.3183384977e-04 -1.2000000000e+01 -5.5000000000e+00 1.3000000000e+01
4.3071516729e-05 -1.0500000000e+01 -5.5000000000e+00 1.3000000000e+01
5.7551664289e-05 -1.3000000000e+01 -5.5000000000e+00 1.3000000000e+01
1.0131465631e-04 -1.2500000000e+01 -5.5000000000e+00 1.3000000000e+01
1.2013043037e-04 -1.1500000000e+01 -5.5000000000e+00 1.3000000000e+01
4.5177346723e-04 -1.2000000000e+01 -5.5000000000e+00 1.2500000000e+01
7.8633135363e-05 -1.0000000000e+01 -5.5000000000e+00 1.2500000000e+01
7.2261621014e-05 -1.3500000000e+01 -5.5000000000e+00 1.2500000000e+01
1.7423643683e-04 -1.3000000000e+01 -5.5000000000e+00 1.2500000000e+01
1.9187252848e-04 -1.0500000000e+01 -5.5000000000e+00 1.2500000000e+01
3.2205730509e-04 -1.2500000000e+01 -5.5000000000e+00 1.2500000000e+01
3.4152443235e-04 -1.1000000000e+01 -5.5000000000e+00 1.2500000000e+01
4.3917522675e-04 -1.1500000000e+01 -5.5000000000e+00 1.2500000000e+01
1.0422762361e-03 -1.1500000000e+01 -5.5000000000e+00 1.2000000000e+01
1.0255101441e-03 -1.2000000000e+01 -5.5000000000e+00 1.2000000000e+01
8.5660097490e-04 -1.1000000000e+01 -5.5000000000e+00 1.2000000000e+01
6.6067119044e-05 -9.5000000000e+00 -5.5000000000e+00 1.2000000000e+01
1.3072460028e-04 -1.3500000000e+01 -5.5000000000e+00 1.2000000000e+01
2.1488366496e-04 -1.0000000000e+01 -5.5000000000e+00 1.2000000000e+01
3.5647608985e-04 -1.3000000000e+01 -5.5000000000e+00 1.2000000000e+01
5.0327103579e-04 -1.0500000000e+01 -5.5000000000e+00 1.2000000000e+01
6.9606817581e-04 -1.2500000000e+01 -5.5000000000e+00 1.2000000000e+01
1.6995745132e-04 -9.0000000000e+00 -6.0000000000e+00 9.5000000000e+00
1.9161835808e-03 -1.1500000000e+01 -5.5000000000e+00 1.1500000000e+01
1.6329771513e-03 -1.1000000000e+01 -5.5000000000e+00 1.1500000000e+01
4.2379391761e-05 -1.4000000000e+01 -5.5000000000e+00 1.1500000000e+01
1.4677770581e-04 -9.5000000000e+00 -5.5000000000e+00 1.1500000000e+01
1.9814921876e-04 -1.3500000000e+01 -5.5000000000e+00 1.1500000000e+01
4.5369200608e-04 -1.0000000000e+01 -5.5000000000e+00 1.1500000000e+01
5.6809518456e-04 -1.3000000000e+01 -5.5000000000e+00 1.1500000000e+01
1.0082724796e-03 -1.0500000000e+01 -5.5000000000e+00 1.1500000000e+01
1.1603936471e-03 -1.2500000000e+01 -5.5000000000e+00 1.1500000000e+01
1.7708121274e-03 -1.2000000000e+01 -5.5000000000e+00 1.1500000000e+01
5.8332594494e-05 -9.0000000000e+00 -5.5000000000e+00 1.1000000000e+01
9.1415593937e-05 -1.2000000000e+01 -5.5000000000e+00 8.0000000000e+00
1.3264542354e-04 -1.1500000000e+01 -5.5000000000e+00 8.0000000000e+00
5.2916649790e-05 -1.2500000000e+01 -5.5000000000e+00 8.0000000000e+00
1.3637255791e-04 -1.1000000000e+01 -5.5000000000e+00 8.0000000000e+00
1.1530426636e-04 -1.0500000000e+01 -5.5000000000e+00 8.0000000000e+00
6.8752754731e-05 -1.0000000000e+01 -5.5000000000e+00 8.0000000000e+00
4.6722813637e-05 -1.4000000000e+01 -5.5000000000e+00 1.1000000000e+01
2.5298199326e-04 -9.5000000000e+00 -5.5000000000e+00 1.1000000000e+01
2.2815550221e-04 -1.3500000000e+01 -5.5000000000e+00 1.1000000000e+01
7.4269477341e-04 -1.0000000000e+01 -5.5000000000e+00 1.1000000000e+01
6.8979349474e-04 -1.3000000000e+01 -5.5000000000e+00 1.1000000000e+01
1.5670089552e-03 -1.0500000000e+01 -5.5000000000e+00 1.1000000000e+01
3.0123441459e-03 -1.1500000000e+01 -5.5000000000e+00 1.0500000000e+01
2.4731920872e-03 -1.2000000000e+01 -5.5000000000e+00 1.0500000000e+01
2.7482120233e-03 -1.1000000000e+01 -5.5000000000e+00 1.0500000000e+01
4.3752360571e-05 -1.4000000000e+01 -5.5000000000e+00 1.0500000000e+01
8.3249381990e-05 -9.0000000000e+00 -5.5000000000e+00 1.0500000000e+01
2.9249338610e-04 -1.2000000000e+01 -5.5000000000e+00 8.5000000000e+00
4.1590764364e-04 -1.1500000000e+01 -5.5000000000e+00 8.5000000000e+00
1.5783739344e-04 -1.2500000000e+01 -5.5000000000e+00 8.5000000000e+00
4.1930109225e-04 -1.1000000000e+01 -5.5000000000e+00 8.5000000000e+00
6.0205100478e-05 -1.3000000000e+01 -5.5000000000e+00 8.5000000000e+00
8.4791442959e-05 -9.5000000000e+00 -5.5000000000e+00 8.5000000000e+00
1.9782418000e-04 -1.0000000000e+01 -5.5000000000e+00 8.5000000000e+00
3.3823730168e-04 -1.0500000000e+01 -5.5000000000e+00 8.5000000000e+00
3.3997301548e-04 -9.5000000000e+00 -5.5000000000e+00 1.0500000000e+01
2.1882451569e-04 -1.3500000000e+01 -5.5000000000e+00 1.0500000000e+01
9.3995963963e-04 -1.0000000000e+01 -5.5000000000e+00 1.0500000000e+01
6.8356790478e-04 -1.3000000000e+01 -5.5000000000e+00 1.0500000000e+01
1.8722655733e-03 -1.0500000000e+01 -5.5000000000e+00 1.0500000000e+01
1.5124089765e-03 -1.2500000000e+01 -5.5000000000e+00 1.0500000000e+01
2.1200886131e-03 -1.2000000000e+01 -5.5000000000e+00 1.0000000000e+01
9.1401995024e-05 -9.0000000000e+00 -5.5000000000e+00 1.0000000000e+01
3.4941894110e-04 -9.5000000000e+00 -5.5000000000e+00 1.0000000000e+01
1.6977450620e-04 -1.3500000000e+01 -5.5000000000e+00 1.0000000000e+01
9.9610810842e-04 -1.1500000000e+01 -5.5000000000e+00 9.0000000000e+00
9.8305486482e-04 -1.1000000000e+01 -5.5000000000e+00 9.0000000000e+00
1.6631911117e-04 -1.3000000000e+01 -5.5000000000e+00 9.0000000000e+00
5.2019372687e-05 -1.3500000000e+01 -5.5000000000e+00 9.0000000000e+00
5.1438467239e-05 -9.0000000000e+00 -5.5000000000e+00 9.0000000000e+00
1.7768265148e-04 -9.5000000000e+00 -5.5000000000e+00 9.0000000000e+00
4.2934309867e-04 -1.0000000000e+01 -5.5000000000e+00 9.0000000000e+00
7.5958610796e-04 -1.0500000000e+01 -5.5000000000e+00 9.0000000000e+00
4.0256558682e-04 -1.2500000000e+01 -5.5000000000e+00 9.0000000000e+00
7.2591636925e-04 -1.2000000000e+01 -5.5000000000e+00 9.0000000000e+00
9.2456243145e-04 -1.0000000000e+01 -5.5000000000e+00 1.0000000000e+01
5.4424536893e-04 -1.3000000000e+01 -5.5000000000e+00 1.0000000000e+01
1.7769797142e-03 -1.0500000000e+01 -5.5000000000e+00 1.0000000000e+01
1.2518443573e-03 -1.2500000000e+01 -5.5000000000e+00 1.0000000000e+01
2.5146336944e-03 -1.1000000000e+01 -5.5000000000e+00 1.0000000000e+01
2.6874509379e-03 -1.1500000000e+01 -5.5000000000e+00 1.0000000000e+01
1.4117867738e-03 -1.2000000000e+01 -5.5000000000e+00 9.5000000000e+00
1.8641050658e-03 -1.1500000000e+01 -5.5000000000e+00 9.5000000000e+00
8.0525981980e-04 -1.2500000000e+01 -5.5000000000e+00 9.5000000000e+00
3.3948799387e-04 -1.3000000000e+01 -5.5000000000e+00 9.5000000000e+00
1.0642795963e-04 -1.3500000000e+01 -5.5000000000e+00 9.5000000000e+00
6.9007436524e-05 -1.1500000000e+01 -5.0000000000e+00 1.3000000000e+01
4.1636835530e-05 -1.1000000000e+01 -5.0000000000e+00 1.3000000000e+01
5.6320519314e-05 -1.2500000000e+01 -5.0000000000e+00 1.3000000000e+01
7.8463043780e-05 -1.2000000000e+01 -5.0000000000e+00 1.3000000000e+01
8.5677318211e-05 -1.0500000000e+01 -5.0000000000e+00 1.2500000000e+01
1.0286545093e-04 -1.3000000000e+01 -5.0000000000e+00 1.2500000000e+01
1.7623778717e-04 -1.2500000000e+01 -5.0000000000e+00 1.2500000000e+01
1.5793557178e-04 -1.1000000000e+01 -5.0000000000e+00 1.2500000000e+01
2.3196799096e-04 -1.2000000000e+01 -5.0000000000e+00 1.2500000000e+01
2.1775999879e-04 -1.1500000000e+01 -5.0000000000e+00 1.2500000000e+01
7.8819821814e-05 -9.0000000000e+00 -5.5000000000e+00 9.5000000000e+00
3.7816588404e-04 -1.1000000000e+01 -5.0000000000e+00 1.2000000000e+01
5.0221920685e-04 -1.2000000000e+01 -5.0000000000e+00 1.2000000000e+01
8.2764114505e-05 -1.3500000000e+01 -5.0000000000e+00 1.2000000000e+01
8.8330180659e-05 -1.0000000000e+01 -5.0000000000e+00 1.2000000000e+01
1.9812608605e-04 -1.3000000000e+01 -5.0000000000e+00 1.2000000000e+01
2.1467546920e-04 -1.0500000000e+01 -5.0000000000e+00 1.2000000000e+01
3.6061695791e-04 -1.2500000000e+01 -5.0000000000e+00 1.2000000000e+01
4.8773683281e-04 -1.1500000000e+01 -5.0000000000e+00 1.2000000000e+01
8.4339607486e-04 -1.2000000000e+01 -5.0000000000e+00 1.1500000000e+01
8.5306481826e-04 -1.1500000000e+01 -5.0000000000e+00 1.1500000000e+01
4.4513030311e-05 -1.4000000000e+01 -5.0000000000e+00 1.1500000000e+01
5.4300120010e-05 -9.5000000000e+00 -5.0000000000e+00 1.1500000000e+01
1.1849426147e-04 -1.3500000000e+01 -5.0000000000e+00 1.1500000000e+01
1.7846433577e-04 -1.0000000000e+01 -5.0000000000e+00 1.1500000000e+01
3.0595765553e-04 -1.3000000000e+01 -5.0000000000e+00 1.1500000000e+01
4.1164916115e-04 -1.0500000000e+01 -5.0000000000e+00 1.1500000000e+01
4.7689656892e-05 -1.4000000000e+01 -5.0000000000e+00 1.1000000000e+01
9.1293336746e-05 -9.5000000000e+00 -5.0000000000e+00 1.1000000000e+01
1.3508500418e-04 -1.3500000000e+01 -5.0000000000e+00 1.1000000000e+01
2.7742106964e-04 -1.0000000000e+01 -5.0000000000e+00 1.1000000000e+01
3.6466257174e-04 -1.3000000000e+01 -5.0000000000e+00 1.1000000000e+01
6.1286347365e-04 -1.0500000000e+01 -5.0000000000e+00 1.1000000000e+01
7.2679977202e-04 -1.2500000000e+01 -5.0000000000e+00 1.1000000000e+01
9.9192510190e-04 -1.1000000000e+01 -5.0000000000e+00 1.1000000000e+01
1.0908935108e-03 -1.2000000000e+01 -5.0000000000e+00 1.1000000000e+01
1.1708633718e-03 -1.1500000000e+01 -5.0000000000e+00 1.1000000000e+01
1.0980593711e-03 -1.2000000000e+01 -5.0000000000e+00 1.0500000000e+01
1.2406038987e-03 -1.1500000000e+01 -5.0000000000e+00 1.0500000000e+01
7.1566257281e-04 -1.2500000000e+01 -5.0000000000e+00 1.0500000000e+01
3.4971692324e-04 -1.3000000000e+01 -5.0000000000e+00 1.0500000000e+01
4.0072072504e-05 -1.4000000000e+01 -5.0000000000e+00 1.0500000000e+01
4.5041289783e-05 -1.0000000000e+01 -5.0000000000e+00 8.5000000000e+00
8.0140858407e-05 -1.0500000000e+01 -5.0000000000e+00 8.5000000000e+00
5.4168678182e-05 -1.2500000000e+01 -5.0000000000e+00 8.5000000000e+00
1.0950459566e-04 -1.1000000000e+01 -5.0000000000e+00 8.5000000000e+00
9.1864740470e-05 -1.2000000000e+01 -5.0000000000e+00 8.5000000000e+00
1.1684944865e-04 -1.1500000000e+01 -5.0000000000e+00 8.5000000000e+00
1.1542584878e-04 -9.5000000000e+00 -5.0000000000e+00 1.0500000000e+01
1.2832723696e-04 -1.3500000000e+01 -5.0000000000e+00 1.0500000000e+01
9.2918820084e-04 -1.1000000000e+01 -5.0000000000e+00 1.0000000000e+01
5.5895313046e-04 -1.2500000000e+01 -5.0000000000e+00 1.0000000000e+01
8.8407570755e-04 -1.2000000000e+01 -5.0000000000e+00 1.0000000000e+01
1.0330486415e-03 -1.1500000000e+01 -5.0000000000e+00 1.0000000000e+01
1.1233417193e-04 -9.5000000000e+00 -5.0000000000e+00 1.0000000000e+01
9.1247133616e-05 -1.3500000000e+01 -5.0000000000e+00 1.0000000000e+01
3.0745688687e-04 -1.0000000000e+01 -5.0000000000e+00 1.0000000000e+01
2.6552050393e-04 -1.3000000000e+01 -5.0000000000e+00 1.0000000000e+01
2.6134664152e-04 -1.2000000000e+01 -5.0000000000e+00 9.0000000000e+00
3.1815083114e-04 -1.1500000000e+01 -5.0000000000e+00 9.0000000000e+00
1.5717690760e-04 -1.2500000000e+01 -5.0000000000e+00 9.0000000000e+00
6.7949721985e-05 -1.3000000000e+01 -5.0000000000e+00 9.0000000000e+00
4.5840814150e-05 -9.5000000000e+00 -5.0000000000e+00 9.0000000000e+00
1.1714641441e-04 -1.0000000000e+01 -5.0000000000e+00 9.0000000000e+00
2.1449418901e-04 -1.0500000000e+01 -5.0000000000e+00 9.0000000000e+00
2.9843724109e-04 -1.1000000000e+01 -5.0000000000e+00 9.0000000000e+00
3.4034961922e-04 -1.2500000000e+01 -5.0000000000e+00 9.5000000000e+00
1.5791631025e-04 -1.3000000000e+01 -5.0000000000e+00 9.5000000000e+00
5.6834314296e-05 -1.3500000000e+01 -5.0000000000e+00 9.5000000000e+00
7.8220525265e-05 -1.1500000000e+01 -4.5000000000e+00 1.2500000000e+01
5.0271313912e-05 -1.1000000000e+01 -4.5000000000e+00 1.2500000000e+01
8.9264365945e-05 -1.2000000000e+01 -4.5000000000e+00 1.2500000000e+01
5.3953918520e-05 -1.3000000000e+01 -4.5000000000e+00 1.2500000000e+01
7.5789312967e-05 -1.2500000000e+01 -4.5000000000e+00 1.2500000000e+01
1.1414751791e-04 -1.1000000000e+01 -4.5000000000e+00 1.2000000000e+01
5.6534485212e-05 -1.0500000000e+01 -4.5000000000e+00 1.2000000000e+01
8.4648635273e-05 -1.3000000000e+01 -4.5000000000e+00 1.2000000000e+01
2.5581417826e-04 -1.1500000000e+01 -4.5000000000e+00 1.1500000000e+01
1.4619100374e-04 -1.2500000000e+01 -4.5000000000e+00 1.2000000000e+01
1.7741127671e-04 -1.2000000000e+01 -4.5000000000e+00 1.2000000000e+01
1.6213233489e-04 -1.1500000000e+01 -4.5000000000e+00 1.2000000000e+01
8.3216455416e-05 -9.5000000000e+00 -5.0000000000e+00 9.5000000000e+00
1.0133390127e-04 -1.0500000000e+01 -4.5000000000e+00 1.1500000000e+01
5.5313244778e-05 -1.3500000000e+01 -4.5000000000e+00 1.1500000000e+01
1.2616544868e-04 -1.3000000000e+01 -4.5000000000e+00 1.1500000000e+01
2.1295071645e-04 -1.2500000000e+01 -4.5000000000e+00 1.1500000000e+01
1.8465187645e-04 -1.1000000000e+01 -4.5000000000e+00 1.1500000000e+01
2.7708484661e-04 -1.2000000000e+01 -4.5000000000e+00 1.1500000000e+01
1.3166857211e-04 -1.0500000000e+01 -4.5000000000e+00 1.1000000000e+01
5.7685177852e-05 -1.3500000000e+01 -4.5000000000e+00 1.1000000000e+01
5.5573531761e-05 -1.0000000000e+01 -4.5000000000e+00 1.1000000000e+01
1.3945022400e-04 -1.3000000000e+01 -4.5000000000e+00 1.1000000000e+01
2.4402549246e-04 -1.2500000000e+01 -4.5000000000e+00 1.1000000000e+01
2.1364090267e-04 -1.2500000000e+01 -4.5000000000e+00 1.0500000000e+01
4.5670808138e-05 -1.3500000000e+01 -4.5000000000e+00 1.0500000000e+01
5.9777884951e-05 -1.0000000000e+01 -4.5000000000e+00 1.0500000000e+01
1.1958165650e-04 -1.3000000000e+01 -4.5000000000e+00 1.0500000000e+01
1.3344455833e-04 -1.0500000000e+01 -4.5000000000e+00 1.0500000000e+01
1.9566740195e-04 -1.2000000000e+01 -4.5000000000e+00 1.0000000000e+01
1.3948995178e-04 -1.2500000000e+01 -4.5000000000e+00 1.0000000000e+01
1.6604268649e-04 -1.1000000000e+01 -4.5000000000e+00 1.0000000000e+01
7.5203745901e-05 -1.3000000000e+01 -4.5000000000e+00 1.0000000000e+01
4.8833729429e-05 -1.0000000000e+01 -4.5000000000e+00 1.0000000000e+01
4.0362271675e-05 -1.1500000000e+01 -4.5000000000e+00 9.0000000000e+00
9.8683027084e-05 -1.2000000000e+01 -4.5000000000e+00 9.5000000000e+00
1.0395333242e-04 -1.1500000000e+01 -4.5000000000e+00 9.5000000000e+00
6.5870326931e-05 -1.2500000000e+01 -4.5000000000e+00 9.5000000000e+00
4.1171950537e-05 -1.2000000000e+01 -4.0000000000e+00 1.1500000000e+01
4.2651313301e-05 -1.2000000000e+01 -4.0000000000e+00 1.1000000000e+01
6.2267804804e-05 -1.0500000000e+01 -4.5000000000e+00 9.5000000000e+00
9.2070347865e-05 -1.1000000000e+01 -4.5000000000e+00 9.5000000000e+00
1.0411394482e-04 -1.0500000000e+01 -4.5000000000e+00 1.0000000000e+01
2.0338578232e-04 -1.1500000000e+01 -4.5000000000e+00 1.0000000000e+01
2.2838901596e-04 -1.1000000000e+01 -4.5000000000e+00 1.0500000000e+01
2.9500910275e-04 -1.2000000000e+01 -4.5000000000e+00 1.0500000000e+01
2.8783968570e-04 -1.1500000000e+01 -4.5000000000e+00 1.0500000000e+01
2.3559470090e-04 -1.1000000000e+01 -4.5000000000e+00 1.1000000000e+01
3.2753885233e-04 -1.2000000000e+01 -4.5000000000e+00 1.1000000000e+01
3.1124579032e-04 -1.1500000000e+01 -4.5000000000e+00 1.1000000000e+01
2.1804024579e-04 -1.0000000000e+01 -5.0000000000e+00 9.5000000000e+00
4.1877706421e-04 -1.0500000000e+01 -5.0000000000e+00 9.5000000000e+00
6.0836783327e-04 -1.1000000000e+01 -5.0000000000e+00 9.5000000000e+00
5.4423899897e-04 -1.2000000000e+01 -5.0000000000e+00 9.5000000000e+00
6.6173707387e-04 -1.1500000000e+01 -5.0000000000e+00 9.5000000000e+00
6.2160984764e-04 -1.0500000000e+01 -5.0000000000e+00 1.0000000000e+01
3.3437686782e-04 -1.0000000000e+01 -5.0000000000e+00 1.0500000000e+01
7.0046003200e-04 -1.0500000000e+01 -5.0000000000e+00 1.0500000000e+01
1.0822315293e-03 -1.1000000000e+01 -5.0000000000e+00 1.0500000000e+01
5.8279649328e-04 -1.2500000000e+01 -5.0000000000e+00 1.1500000000e+01
6.9716098401e-04 -1.1000000000e+01 -5.0000000000e+00 1.1500000000e+01
2.8621324363e-04 -9.5000000000e+00 -5.5000000000e+00 9.5000000000e+00
7.2212741997e-04 -1.0000000000e+01 -5.5000000000e+00 9.5000000000e+00
1.3283236234e-03 -1.0500000000e+01 -5.5000000000e+00 9.5000000000e+00
1.7950600040e-03 -1.1000000000e+01 -5.5000000000e+00 9.5000000000e+00
1.4860133660e-03 -1.2500000000e+01 -5.5000000000e+00 1.1000000000e+01
2.4200584421e-03 -1.1000000000e+01 -5.5000000000e+00 1.1000000000e+01
2.3604041361e-03 -1.2000000000e+01 -5.5000000000e+00 1.1000000000e+01
2.7457607267e-03 -1.1500000000e+01 -5.5000000000e+00 1.1000000000e+01
6.0683887261e-04 -9.5000000000e+00 -6.0000000000e+00 9.5000000000e+00
1.5055513067e-03 -1.0000000000e+01 -6.0000000000e+00 9.5000000000e+00
5.0234591634e-04 -1.3000000000e+01 -6.0000000000e+00 9.5000000000e+00
2.6949845772e-03 -1.0500000000e+01 -6.0000000000e+00 9.5000000000e+00
1.3210239196e-03 -1.2500000000e+01 -6.0000000000e+00 9.5000000000e+00
2.4866807445e-03 -1.2000000000e+01 -6.0000000000e+00 9.5000000000e+00
1.3014749330e-03 -1.2000000000e+01 -6.0000000000e+00 9.0000000000e+00
1.9107489714e-03 -1.1500000000e+01 -6.0000000000e+00 9.0000000000e+00
1.8551151609e-03 -1.0000000000e+01 -6.0000000000e+00 1.0000000000e+01
2.0353179380e-03 -1.2500000000e+01 -6.0000000000e+00 1.0000000000e+01
4.7037548234e-03 -1.1000000000e+01 -6.0000000000e+00 1.0000000000e+01
3.6451965420e-03 -1.2000000000e+01 -6.0000000000e+00 1.0000000000e+01
4.8782274856e-03 -1.1500000000e+01 -6.0000000000e+00 1.0000000000e+01
2.3793144593e-03 -1.2500000000e+01 -6.0000000000e+00 1.0500000000e+01
4.9657177303e-03 -1.1000000000e+01 -6.0000000000e+00 1.0500000000e+01
4.1015100784e-03 -1.2000000000e+01 -6.0000000000e+00 1.0500000000e+01
5.2668575740e-03 -1.1500000000e+01 -6.0000000000e+00 1.0500000000e+01
4.3413080797e-03 -1.1000000000e+01 -6.0000000000e+00 1.1000000000e+01
2.7643391668e-04 -9.0000000000e+00 -6.5000000000e+00 9.5000000000e+00
9.5848437188e-04 -9.5000000000e+00 -6.5000000000e+00 9.5000000000e+00
2.3136059136e-03 -1.0000000000e+01 -6.5000000000e+00 9.5000000000e+00
4.0022051183e-03 -1.0500000000e+01 -6.5000000000e+00 9.5000000000e+00
4.8575887276e-03 -1.1000000000e+01 -6.5000000000e+00 9.5000000000e+00
4.6948479329e-03 -1.1500000000e+01 -6.5000000000e+00 9.5000000000e+00
2.7407077461e-03 -1.1000000000e+01 -6.5000000000e+00 9.0000000000e+00
2.5385852001e-03 -1.1500000000e+01 -6.5000000000e+00 9.0000000000e+00
1.2325980982e-03 -1.1000000000e+01 -6.5000000000e+00 8.5000000000e+00
5.0673481110e-03 -1.0500000000e+01 -6.5000000000e+00 1.0500000000e+01
6.7721290681e-03 -1.1000000000e+01 -6.5000000000e+00 1.0500000000e+01
