inf
8.8278337733e-05 -1.1500000000e+01 -1.0000000000e+01 9.5000000000e+00
1.8140936976e-04 -1.1500000000e+01 -1.0000000000e+01 1.0000000000e+01
8.2597916368e-04 -1.1500000000e+01 -9.5000000000e+00 1.0000000000e+01
9.8745886170e-04 -1.1000000000e+01 -9.5000000000e+00 1.0000000000e+01
2.4638266843e-04 -1.1000000000e+01 -1.0000000000e+01 1.0000000000e+01
4.6295771303e-05 -1.1000000000e+01 -1.0500000000e+01 1.0000000000e+01
2.1319398536e-04 -1.1500000000e+01 -9.5000000000e+00 9.0000000000e+00
4.7625829822e-04 -1.2000000000e+01 -9.5000000000e+00 1.0000000000e+01
3.2857253714e-04 -1.1000000000e+01 -9.5000000000e+00 9.0000000000e+00
6.3882918221e-05 -1.1000000000e+01 -1.0000000000e+01 9.0000000000e+00
4.8534103932e-04 -1.1500000000e+01 -9.5000000000e+00 9.5000000000e+00
6.7448578878e-04 -1.1000000000e+01 -9.5000000000e+00 9.5000000000e+00
1.4640216778e-04 -1.1000000000e+01 -1.0000000000e+01 9.5000000000e+00
2.3452418707e-04 -1.2000000000e+01 -9.5000000000e+00 9.5000000000e+00
8.9029629981e-05 -1.2000000000e+01 -9.5000000000e+00 9.0000000000e+00
9.1761886023e-05 -1.2000000000e+01 -1.0000000000e+01 1.0000000000e+01
6.8111981972e-05 -1.1500000000e+01 -9.5000000000e+00 8.5000000000e+00
1.2866982859e-04 -1.1000000000e+01 -9.5000000000e+00 8.5000000000e+00
1.8667566368e-04 -1.2500000000e+01 -9.5000000000e+00 1.0000000000e+01
6.9285731998e-05 -1.2500000000e+01 -9.5000000000e+00 9.5000000000e+00
1.8714025053e-04 -1.1500000000e+01 -1.0000000000e+01 1.0500000000e+01
8.2827459164e-04 -1.1500000000e+01 -9.5000000000e+00 1.0500000000e+01
9.6225516609e-04 -1.1000000000e+01 -9.5000000000e+00 1.0500000000e+01
2.4339482661e-04 -1.1000000000e+01 -1.0000000000e+01 1.0500000000e+01
4.7043069444e-05 -1.1000000000e+01 -1.0500000000e+01 1.0500000000e+01
4.9651548828e-04 -1.2000000000e+01 -9.5000000000e+00 1.0500000000e+01
1.0433317301e-04 -1.2000000000e+01 -1.0000000000e+01 1.0500000000e+01
2.1371187248e-04 -1.2500000000e+01 -9.5000000000e+00 1.0500000000e+01
2.2971148583e-03 -1.1500000000e+01 -9.0000000000e+00 1.0500000000e+01
2.4647776189e-03 -1.1000000000e+01 -9.0000000000e+00 1.0500000000e+01
1.4965681060e-03 -1.2000000000e+01 -9.0000000000e+00 1.0500000000e+01
2.0294822782e-03 -1.0500000000e+01 -9.0000000000e+00 1.0500000000e+01
8.2631669968e-04 -1.0500000000e+01 -9.5000000000e+00 1.0500000000e+01
2.2502003251e-04 -1.0500000000e+01 -1.0000000000e+01 1.0500000000e+01
4.5339671646e-05 -1.0500000000e+01 -1.0500000000e+01 1.0500000000e+01
2.9702111239e-04 -1.1500000000e+01 -9.0000000000e+00 8.5000000000e+00
4.2427602392e-04 -1.1000000000e+01 -9.0000000000e+00 8.5000000000e+00
1.3690966603e-04 -1.2000000000e+01 -9.0000000000e+00 8.5000000000e+00
7.1816594659e-04 -1.2500000000e+01 -9.0000000000e+00 1.0500000000e+01
4.2668253334e-04 -1.0500000000e+01 -9.0000000000e+00 8.5000000000e+00
1.4984658128e-04 -1.0500000000e+01 -9.5000000000e+00 8.5000000000e+00
2.3096872386e-03 -1.1500000000e+01 -9.0000000000e+00 1.0000000000e+01
2.5294127978e-03 -1.1000000000e+01 -9.0000000000e+00 1.0000000000e+01
1.4683978659e-03 -1.2000000000e+01 -9.0000000000e+00 1.0000000000e+01
2.1184774189e-03 -1.0500000000e+01 -9.0000000000e+00 1.0000000000e+01
8.6565383922e-04 -1.0500000000e+01 -9.5000000000e+00 1.0000000000e+01
2.3591320784e-04 -1.0500000000e+01 -1.0000000000e+01 1.0000000000e+01
4.6661591981e-05 -1.0500000000e+01 -1.0500000000e+01 1.0000000000e+01
7.5871858594e-04 -1.1500000000e+01 -9.0000000000e+00 9.0000000000e+00
9.8039691183e-04 -1.1000000000e+01 -9.0000000000e+00 9.0000000000e+00
4.0510206181e-04 -1.2000000000e+01 -9.0000000000e+00 9.0000000000e+00
6.7285646379e-04 -1.2500000000e+01 -9.0000000000e+00 1.0000000000e+01
9.2940899473e-04 -1.0500000000e+01 -9.0000000000e+00 9.0000000000e+00
3.4245877834e-04 -1.0500000000e+01 -9.5000000000e+00 9.0000000000e+00
7.7235177223e-05 -1.0500000000e+01 -1.0000000000e+01 9.0000000000e+00
1.5348651522e-03 -1.1500000000e+01 -9.0000000000e+00 9.5000000000e+00
1.8537242760e-03 -1.1000000000e+01 -9.0000000000e+00 9.5000000000e+00
8.7799943864e-04 -1.2000000000e+01 -9.0000000000e+00 9.5000000000e+00
1.6807103749e-03 -1.0500000000e+01 -9.0000000000e+00 9.5000000000e+00
6.5982258027e-04 -1.0500000000e+01 -9.5000000000e+00 9.5000000000e+00
1.6275172285e-04 -1.0500000000e+01 -1.0000000000e+01 9.5000000000e+00
3.5292658408e-04 -1.2500000000e+01 -9.0000000000e+00 9.5000000000e+00
1.4498405943e-04 -1.2500000000e+01 -9.0000000000e+00 9.0000000000e+00
4.1774216821e-05 -1.2500000000e+01 -1.0000000000e+01 1.0500000000e+01
6.7222189010e-05 -1.1500000000e+01 -9.0000000000e+00 8.0000000000e+00
1.1496387362e-04 -1.1000000000e+01 -9.0000000000e+00 8.0000000000e+00
1.3113805861e-04 -1.0500000000e+01 -9.0000000000e+00 8.0000000000e+00
2.4325745771e-04 -1.3000000000e+01 -9.0000000000e+00 1.0500000000e+01
6.2897666630e-05 -1.3000000000e+01 -9.5000000000e+00 1.0500000000e+01
2.0860764646e-04 -1.3000000000e+01 -9.0000000000e+00 1.0000000000e+01
4.2940797418e-05 -1.3000000000e+01 -9.5000000000e+00 1.0000000000e+01
8.8043079700e-05 -1.3000000000e+01 -9.0000000000e+00 9.5000000000e+00
1.7243654348e-04 -1.1500000000e+01 -1.0000000000e+01 1.1000000000e+01
7.5086277994e-04 -1.1500000000e+01 -9.5000000000e+00 1.1000000000e+01
8.3426808060e-04 -1.1000000000e+01 -9.5000000000e+00 1.1000000000e+01
2.1188319048e-04 -1.1000000000e+01 -1.0000000000e+01 1.1000000000e+01
4.2038427871e-05 -1.1000000000e+01 -1.0500000000e+01 1.1000000000e+01
4.6725024737e-04 -1.2000000000e+01 -9.5000000000e+00 1.1000000000e+01
9.8501908902e-05 -1.2000000000e+01 -1.0000000000e+01 1.1000000000e+01
2.0329372090e-04 -1.2500000000e+01 -9.5000000000e+00 1.1000000000e+01
2.0562566378e-03 -1.1500000000e+01 -9.0000000000e+00 1.1000000000e+01
2.1255855509e-03 -1.1000000000e+01 -9.0000000000e+00 1.1000000000e+01
1.3926931436e-03 -1.2000000000e+01 -9.0000000000e+00 1.1000000000e+01
1.6751884060e-03 -1.0500000000e+01 -9.0000000000e+00 1.1000000000e+01
6.9119434274e-04 -1.0500000000e+01 -9.5000000000e+00 1.1000000000e+01
1.8957980587e-04 -1.0500000000e+01 -1.0000000000e+01 1.1000000000e+01
6.8235402533e-04 -1.2500000000e+01 -9.0000000000e+00 1.1000000000e+01
2.3272386994e-04 -1.3000000000e+01 -9.0000000000e+00 1.1000000000e+01
5.9328818836e-05 -1.3000000000e+01 -9.5000000000e+00 1.1000000000e+01
4.0655135366e-03 -1.1500000000e+01 -8.5000000000e+00 1.1000000000e+01
4.0333164160e-03 -1.1000000000e+01 -8.5000000000e+00 1.1000000000e+01
2.9021704782e-03 -1.2000000000e+01 -8.5000000000e+00 1.1000000000e+01
3.0331427682e-03 -1.0500000000e+01 -8.5000000000e+00 1.1000000000e+01
1.5140326688e-03 -1.2500000000e+01 -8.5000000000e+00 1.1000000000e+01
1.6246455834e-03 -1.0000000000e+01 -8.5000000000e+00 1.1000000000e+01
9.3251251800e-04 -1.0000000000e+01 -9.0000000000e+00 1.1000000000e+01
4.0503417671e-04 -1.0000000000e+01 -9.5000000000e+00 1.1000000000e+01
1.2125036006e-04 -1.0000000000e+01 -1.0000000000e+01 1.1000000000e+01
1.8661529987e-04 -1.1500000000e+01 -8.5000000000e+00 8.0000000000e+00
2.6868062962e-04 -1.1000000000e+01 -8.5000000000e+00 8.0000000000e+00
8.9176163388e-05 -1.2000000000e+01 -8.5000000000e+00 8.0000000000e+00
2.7550781987e-04 -1.0500000000e+01 -8.5000000000e+00 8.0000000000e+00
5.6601502543e-04 -1.3000000000e+01 -8.5000000000e+00 1.1000000000e+01
2.0325180534e-04 -1.0000000000e+01 -8.5000000000e+00 8.0000000000e+00
1.0609002666e-04 -1.0000000000e+01 -9.0000000000e+00 8.0000000000e+00
4.5621791542e-03 -1.1500000000e+01 -8.5000000000e+00 1.0500000000e+01
4.6741821112e-03 -1.1000000000e+01 -8.5000000000e+00 1.0500000000e+01
3.1294313273e-03 -1.2000000000e+01 -8.5000000000e+00 1.0500000000e+01
3.7062696376e-03 -1.0500000000e+01 -8.5000000000e+00 1.0500000000e+01
1.5995606041e-03 -1.2500000000e+01 -8.5000000000e+00 1.0500000000e+01
2.0846870611e-03 -1.0000000000e+01 -8.5000000000e+00 1.0500000000e+01
1.1852950779e-03 -1.0000000000e+01 -9.0000000000e+00 1.0500000000e+01
5.0605681362e-04 -1.0000000000e+01 -9.5000000000e+00 1.0500000000e+01
1.4870237279e-04 -1.0000000000e+01 -1.0000000000e+01 1.0500000000e+01
6.9228136745e-04 -1.1500000000e+01 -8.5000000000e+00 8.5000000000e+00
8.7705402790e-04 -1.1000000000e+01 -8.5000000000e+00 8.5000000000e+00
3.7525275705e-04 -1.2000000000e+01 -8.5000000000e+00 8.5000000000e+00
8.2990148659e-04 -1.0500000000e+01 -8.5000000000e+00 8.5000000000e+00
1.4117614238e-04 -1.2500000000e+01 -8.5000000000e+00 8.5000000000e+00
5.9180682505e-04 -1.3000000000e+01 -8.5000000000e+00 1.0500000000e+01
5.6030709442e-04 -1.0000000000e+01 -8.5000000000e+00 8.5000000000e+00
3.0777728684e-04 -1.0000000000e+01 -9.0000000000e+00 8.5000000000e+00
1.2069384053e-04 -1.0000000000e+01 -9.5000000000e+00 8.5000000000e+00
4.5795585456e-03 -1.1500000000e+01 -8.5000000000e+00 1.0000000000e+01
4.7634942339e-03 -1.1000000000e+01 -8.5000000000e+00 1.0000000000e+01
3.0768695342e-03 -1.2000000000e+01 -8.5000000000e+00 1.0000000000e+01
3.8462587434e-03 -1.0500000000e+01 -8.5000000000e+00 1.0000000000e+01
1.5185171652e-03 -1.2500000000e+01 -8.5000000000e+00 1.0000000000e+01
2.1972102954e-03 -1.0000000000e+01 -8.5000000000e+00 1.0000000000e+01
1.2547475173e-03 -1.0000000000e+01 -9.0000000000e+00 1.0000000000e+01
5.3750235152e-04 -1.0000000000e+01 -9.5000000000e+00 1.0000000000e+01
1.5931767936e-04 -1.0000000000e+01 -1.0000000000e+01 1.0000000000e+01
1.6627538960e-03 -1.1500000000e+01 -8.5000000000e+00 9.0000000000e+00
1.9631117007e-03 -1.1000000000e+01 -8.5000000000e+00 9.0000000000e+00
9.7767051777e-04 -1.2000000000e+01 -8.5000000000e+00 9.0000000000e+00
1.7704626798e-03 -1.0500000000e+01 -8.5000000000e+00 9.0000000000e+00
4.1412992681e-04 -1.2500000000e+01 -8.5000000000e+00 9.0000000000e+00
5.2642034173e-04 -1.3000000000e+01 -8.5000000000e+00 1.0000000000e+01
1.1341189289e-03 -1.0000000000e+01 -8.5000000000e+00 9.0000000000e+00
6.3016717668e-04 -1.0000000000e+01 -9.0000000000e+00 9.0000000000e+00
2.5360426473e-04 -1.0000000000e+01 -9.5000000000e+00 9.0000000000e+00
6.5326684580e-05 -1.0000000000e+01 -1.0000000000e+01 9.0000000000e+00
3.1910724673e-03 -1.1500000000e+01 -8.5000000000e+00 9.5000000000e+00
3.5640932046e-03 -1.1000000000e+01 -8.5000000000e+00 9.5000000000e+00
1.9759987722e-03 -1.2000000000e+01 -8.5000000000e+00 9.5000000000e+00
3.0882085052e-03 -1.0500000000e+01 -8.5000000000e+00 9.5000000000e+00
8.9266088864e-04 -1.2500000000e+01 -8.5000000000e+00 9.5000000000e+00
1.8892371468e-03 -1.0000000000e+01 -8.5000000000e+00 9.5000000000e+00
1.0844553209e-03 -1.0000000000e+01 -9.0000000000e+00 9.5000000000e+00
4.5931603298e-04 -1.0000000000e+01 -9.5000000000e+00 9.5000000000e+00
1.2925981524e-04 -1.0000000000e+01 -1.0000000000e+01 9.5000000000e+00
2.7822012135e-04 -1.3000000000e+01 -8.5000000000e+00 9.5000000000e+00
1.1690992986e-04 -1.3000000000e+01 -8.5000000000e+00 9.0000000000e+00
5.9364760324e-05 -1.1000000000e+01 -8.5000000000e+00 7.5000000000e+00
6.4756037569e-05 -1.0500000000e+01 -8.5000000000e+00 7.5000000000e+00
5.1811189131e-05 -1.0000000000e+01 -8.5000000000e+00 7.5000000000e+00
1.4366326366e-04 -1.3500000000e+01 -8.5000000000e+00 1.1000000000e+01
5.3039232258e-05 -1.3500000000e+01 -9.0000000000e+00 1.1000000000e+01
1.5000656822e-04 -1.3500000000e+01 -8.5000000000e+00 1.0500000000e+01
5.5912581951e-05 -1.3500000000e+01 -9.0000000000e+00 1.0500000000e+01
1.1992969719e-04 -1.3500000000e+01 -8.5000000000e+00 1.0000000000e+01
5.6294812219e-05 -1.3500000000e+01 -8.5000000000e+00 9.5000000000e+00
1.3279821685e-04 -1.1500000000e+01 -1.0000000000e+01 1.1500000000e+01
5.5629073459e-04 -1.1500000000e+01 -9.5000000000e+00 1.1500000000e+01
5.8050521073e-04 -1.1000000000e+01 -9.5000000000e+00 1.1500000000e+01
1.5533087935e-04 -1.1000000000e+01 -1.0000000000e+01 1.1500000000e+01
3.6775852505e-04 -1.2000000000e+01 -9.5000000000e+00 1.1500000000e+01
7.9907379412e-05 -1.2000000000e+01 -1.0000000000e+01 1.1500000000e+01
1.7245701464e-04 -1.2500000000e+01 -9.5000000000e+00 1.1500000000e+01
1.4477000393e-03 -1.1500000000e+01 -9.0000000000e+00 1.1500000000e+01
1.4276916621e-03 -1.1000000000e+01 -9.0000000000e+00 1.1500000000e+01
1.0402440636e-03 -1.2000000000e+01 -9.0000000000e+00 1.1500000000e+01
1.0473554403e-03 -1.0500000000e+01 -9.0000000000e+00 1.1500000000e+01
4.4805204863e-04 -1.0500000000e+01 -9.5000000000e+00 1.1500000000e+01
1.3050537562e-04 -1.0500000000e+01 -1.0000000000e+01 1.1500000000e+01
5.4456536960e-04 -1.2500000000e+01 -9.0000000000e+00 1.1500000000e+01
1.9960750631e-04 -1.3000000000e+01 -9.0000000000e+00 1.1500000000e+01
5.3408533864e-05 -1.3000000000e+01 -9.5000000000e+00 1.1500000000e+01
2.7898557105e-03 -1.1500000000e+01 -8.5000000000e+00 1.1500000000e+01
2.6505642696e-03 -1.1000000000e+01 -8.5000000000e+00 1.1500000000e+01
2.1100635143e-03 -1.2000000000e+01 -8.5000000000e+00 1.1500000000e+01
1.8669867385e-03 -1.0500000000e+01 -8.5000000000e+00 1.1500000000e+01
1.1688567526e-03 -1.2500000000e+01 -8.5000000000e+00 1.1500000000e+01
9.4708552674e-04 -1.0000000000e+01 -8.5000000000e+00 1.1500000000e+01
5.4796388669e-04 -1.0000000000e+01 -9.0000000000e+00 1.1500000000e+01
2.4382637886e-04 -1.0000000000e+01 -9.5000000000e+00 1.1500000000e+01
7.6462616788e-05 -1.0000000000e+01 -1.0000000000e+01 1.1500000000e+01
4.6526062902e-04 -1.3000000000e+01 -8.5000000000e+00 1.1500000000e+01
1.2500637835e-04 -1.3500000000e+01 -8.5000000000e+00 1.1500000000e+01
4.7665160026e-05 -1.3500000000e+01 -9.0000000000e+00 1.1500000000e+01
4.0783237873e-03 -1.1500000000e+01 -8.0000000000e+00 1.1500000000e+01
3.7440117098e-03 -1.1000000000e+01 -8.0000000000e+00 1.1500000000e+01
3.2455436064e-03 -1.2000000000e+01 -8.0000000000e+00 1.1500000000e+01
2.5289677128e-03 -1.0500000000e+01 -8.0000000000e+00 1.1500000000e+01
1.9014990111e-03 -1.2500000000e+01 -8.0000000000e+00 1.1500000000e+01
1.2384332251e-03 -1.0000000000e+01 -8.0000000000e+00 1.1500000000e+01
8.0319309824e-04 -1.3000000000e+01 -8.0000000000e+00 1.1500000000e+01
4.3749970215e-04 -9.5000000000e+00 -8.0000000000e+00 1.1500000000e+01
3.4867182798e-04 -9.5000000000e+00 -8.5000000000e+00 1.1500000000e+01
2.0899423171e-04 -9.5000000000e+00 -9.0000000000e+00 1.1500000000e+01
9.6436383565e-05 -9.5000000000e+00 -9.5000000000e+00 1.1500000000e+01
7.2826231970e-05 -1.1500000000e+01 -8.0000000000e+00 7.5000000000e+00
1.0138187707e-04 -1.1000000000e+01 -8.0000000000e+00 7.5000000000e+00
1.0355615124e-04 -1.0500000000e+01 -8.0000000000e+00 7.5000000000e+00
7.7721298366e-05 -1.0000000000e+01 -8.0000000000e+00 7.5000000000e+00
2.3496501341e-04 -1.3500000000e+01 -8.0000000000e+00 1.1500000000e+01
4.1163256824e-05 -9.5000000000e+00 -8.0000000000e+00 7.5000000000e+00
6.0061440773e-03 -1.1500000000e+01 -8.0000000000e+00 1.1000000000e+01
5.7430431630e-03 -1.1000000000e+01 -8.0000000000e+00 1.1000000000e+01
4.5163146960e-03 -1.2000000000e+01 -8.0000000000e+00 1.1000000000e+01
4.1191447980e-03 -1.0500000000e+01 -8.0000000000e+00 1.1000000000e+01
2.4955637564e-03 -1.2500000000e+01 -8.0000000000e+00 1.1000000000e+01
2.1242755472e-03 -1.0000000000e+01 -8.0000000000e+00 1.1000000000e+01
9.9565085671e-04 -1.3000000000e+01 -8.0000000000e+00 1.1000000000e+01
7.9194947893e-04 -9.5000000000e+00 -8.0000000000e+00 1.1000000000e+01
6.3257953902e-04 -9.5000000000e+00 -8.5000000000e+00 1.1000000000e+01
3.7890677453e-04 -9.5000000000e+00 -9.0000000000e+00 1.1000000000e+01
1.7241564334e-04 -9.5000000000e+00 -9.5000000000e+00 1.1000000000e+01
5.4862255322e-05 -9.5000000000e+00 -1.0000000000e+01 1.1000000000e+01
3.2917730093e-04 -1.1500000000e+01 -8.0000000000e+00 8.0000000000e+00
4.2782997138e-04 -1.1000000000e+01 -8.0000000000e+00 8.0000000000e+00
1.7509714771e-04 -1.2000000000e+01 -8.0000000000e+00 8.0000000000e+00
4.1418871544e-04 -1.0500000000e+01 -8.0000000000e+00 8.0000000000e+00
6.6637201058e-05 -1.2500000000e+01 -8.0000000000e+00 8.0000000000e+00
2.8647469520e-04 -1.0000000000e+01 -8.0000000000e+00 8.0000000000e+00
2.7490941986e-04 -1.3500000000e+01 -8.0000000000e+00 1.1000000000e+01
1.4179979260e-04 -9.5000000000e+00 -8.0000000000e+00 8.0000000000e+00
1.0608817870e-04 -9.5000000000e+00 -8.5000000000e+00 8.0000000000e+00
5.9709609982e-05 -9.5000000000e+00 -9.0000000000e+00 8.0000000000e+00
6.7224763129e-03 -1.1500000000e+01 -8.0000000000e+00 1.0500000000e+01
6.6488024780e-03 -1.1000000000e+01 -8.0000000000e+00 1.0500000000e+01
4.8724589831e-03 -1.2000000000e+01 -8.0000000000e+00 1.0500000000e+01
5.0604193239e-03 -1.0500000000e+01 -8.0000000000e+00 1.0500000000e+01
2.6372729544e-03 -1.2500000000e+01 -8.0000000000e+00 1.0500000000e+01
2.7546160057e-03 -1.0000000000e+01 -8.0000000000e+00 1.0500000000e+01
1.0412810694e-03 -1.3000000000e+01 -8.0000000000e+00 1.0500000000e+01
1.0891762685e-03 -9.5000000000e+00 -8.0000000000e+00 1.0500000000e+01
8.5980947585e-04 -9.5000000000e+00 -8.5000000000e+00 1.0500000000e+01
5.1060810749e-04 -9.5000000000e+00 -9.0000000000e+00 1.0500000000e+01
2.2826546976e-04 -9.5000000000e+00 -9.5000000000e+00 1.0500000000e+01
7.0745809614e-05 -9.5000000000e+00 -1.0000000000e+01 1.0500000000e+01
1.1052978762e-03 -1.1500000000e+01 -8.0000000000e+00 8.5000000000e+00
1.3021349944e-03 -1.1000000000e+01 -8.0000000000e+00 8.5000000000e+00
6.4993399379e-04 -1.2000000000e+01 -8.0000000000e+00 8.5000000000e+00
1.1820334741e-03 -1.0500000000e+01 -8.0000000000e+00 8.5000000000e+00
2.7640647257e-04 -1.2500000000e+01 -8.0000000000e+00 8.5000000000e+00
7.6312391146e-04 -1.0000000000e+01 -8.0000000000e+00 8.5000000000e+00
7.9238953702e-05 -1.3000000000e+01 -8.0000000000e+00 8.5000000000e+00
2.8489520397e-04 -1.3500000000e+01 -8.0000000000e+00 1.0500000000e+01
3.5744340306e-04 -9.5000000000e+00 -8.0000000000e+00 8.5000000000e+00
2.7420274698e-04 -9.5000000000e+00 -8.5000000000e+00 8.5000000000e+00
1.5949528907e-04 -9.5000000000e+00 -9.0000000000e+00 8.5000000000e+00
6.7614933883e-05 -9.5000000000e+00 -9.5000000000e+00 8.5000000000e+00
6.6711880477e-03 -1.1500000000e+01 -8.0000000000e+00 1.0000000000e+01
6.6878347492e-03 -1.1000000000e+01 -8.0000000000e+00 1.0000000000e+01
4.6989045736e-03 -1.2000000000e+01 -8.0000000000e+00 1.0000000000e+01
5.2016027680e-03 -1.0500000000e+01 -8.0000000000e+00 1.0000000000e+01
2.4497572160e-03 -1.2500000000e+01 -8.0000000000e+00 1.0000000000e+01
2.8876819137e-03 -1.0000000000e+01 -8.0000000000e+00 1.0000000000e+01
9.1328909577e-04 -1.3000000000e+01 -8.0000000000e+00 1.0000000000e+01
1.1692170728e-03 -9.5000000000e+00 -8.0000000000e+00 1.0000000000e+01
9.2119647955e-04 -9.5000000000e+00 -8.5000000000e+00 1.0000000000e+01
5.4761655597e-04 -9.5000000000e+00 -9.0000000000e+00 1.0000000000e+01
2.4460067695e-04 -9.5000000000e+00 -9.5000000000e+00 1.0000000000e+01
7.5927960719e-05 -9.5000000000e+00 -1.0000000000e+01 1.0000000000e+01
2.5761207770e-03 -1.1500000000e+01 -8.0000000000e+00 9.0000000000e+00
2.8548620338e-03 -1.1000000000e+01 -8.0000000000e+00 9.0000000000e+00
1.6097049143e-03 -1.2000000000e+01 -8.0000000000e+00 9.0000000000e+00
2.4817736100e-03 -1.0500000000e+01 -8.0000000000e+00 9.0000000000e+00
7.4193284118e-04 -1.2500000000e+01 -8.0000000000e+00 9.0000000000e+00
1.5281025420e-03 -1.0000000000e+01 -8.0000000000e+00 9.0000000000e+00
2.3904012362e-04 -1.3000000000e+01 -8.0000000000e+00 9.0000000000e+00
2.2966931046e-04 -1.3500000000e+01 -8.0000000000e+00 1.0000000000e+01
6.8479662409e-04 -9.5000000000e+00 -8.0000000000e+00 9.0000000000e+00
5.3058394488e-04 -9.5000000000e+00 -8.5000000000e+00 9.0000000000e+00
3.1106698894e-04 -9.5000000000e+00 -9.0000000000e+00 9.0000000000e+00
1.3392551279e-04 -9.5000000000e+00 -9.5000000000e+00 9.0000000000e+00
4.7772239927e-03 -1.1500000000e+01 -8.0000000000e+00 9.5000000000e+00
5.0448191634e-03 -1.1000000000e+01 -8.0000000000e+00 9.5000000000e+00
3.1318766897e-03 -1.2000000000e+01 -8.0000000000e+00 9.5000000000e+00
4.2066111650e-03 -1.0500000000e+01 -8.0000000000e+00 9.5000000000e+00
1.5267965280e-03 -1.2500000000e+01 -8.0000000000e+00 9.5000000000e+00
2.4748576242e-03 -1.0000000000e+01 -8.0000000000e+00 9.5000000000e+00
5.2561776653e-04 -1.3000000000e+01 -8.0000000000e+00 9.5000000000e+00
1.0611483501e-03 -9.5000000000e+00 -8.0000000000e+00 9.5000000000e+00
8.4427382509e-04 -9.5000000000e+00 -8.5000000000e+00 9.5000000000e+00
5.0942988074e-04 -9.5000000000e+00 -9.0000000000e+00 9.5000000000e+00
2.2902633685e-04 -9.5000000000e+00 -9.5000000000e+00 9.5000000000e+00
7.0332094908e-05 -9.5000000000e+00 -1.0000000000e+01 9.5000000000e+00
1.2253032420e-04 -1.3500000000e+01 -8.0000000000e+00 9.5000000000e+00
5.1650072326e-05 -1.3500000000e+01 -8.0000000000e+00 9.0000000000e+00
4.5947841385e-05 -1.4000000000e+01 -8.0000000000e+00 1.1500000000e+01
5.2186997788e-05 -1.4000000000e+01 -8.0000000000e+00 1.1000000000e+01
5.3697015543e-05 -1.4000000000e+01 -8.0000000000e+00 1.0500000000e+01
8.0109012347e-05 -1.1500000000e+01 -1.0000000000e+01 1.2000000000e+01
2.9955471486e-04 -1.1500000000e+01 -9.5000000000e+00 1.2000000000e+01
2.9057983119e-04 -1.1000000000e+01 -9.5000000000e+00 1.2000000000e+01
8.3822686046e-05 -1.1000000000e+01 -1.0000000000e+01 1.2000000000e+01
2.1743726238e-04 -1.2000000000e+01 -9.5000000000e+00 1.2000000000e+01
5.2080709392e-05 -1.2000000000e+01 -1.0000000000e+01 1.2000000000e+01
1.1134654893e-04 -1.2500000000e+01 -9.5000000000e+00 1.2000000000e+01
7.4148982745e-04 -1.1500000000e+01 -9.0000000000e+00 1.2000000000e+01
6.9092943925e-04 -1.1000000000e+01 -9.0000000000e+00 1.2000000000e+01
5.7228729909e-04 -1.2000000000e+01 -9.0000000000e+00 1.2000000000e+01
4.6994286537e-04 -1.0500000000e+01 -9.0000000000e+00 1.2000000000e+01
2.0449425572e-04 -1.0500000000e+01 -9.5000000000e+00 1.2000000000e+01
6.2833216754e-05 -1.0500000000e+01 -1.0000000000e+01 1.2000000000e+01
3.1966354573e-04 -1.2500000000e+01 -9.0000000000e+00 1.2000000000e+01
1.2703400388e-04 -1.3000000000e+01 -9.0000000000e+00 1.2000000000e+01
1.4004976454e-03 -1.1500000000e+01 -8.5000000000e+00 1.2000000000e+01
1.2708025540e-03 -1.1000000000e+01 -8.5000000000e+00 1.2000000000e+01
1.1226112515e-03 -1.2000000000e+01 -8.5000000000e+00 1.2000000000e+01
8.4132888142e-04 -1.0500000000e+01 -8.5000000000e+00 1.2000000000e+01
6.5845933869e-04 -1.2500000000e+01 -8.5000000000e+00 1.2000000000e+01
4.0383136662e-04 -1.0000000000e+01 -8.5000000000e+00 1.2000000000e+01
2.3101418242e-04 -1.0000000000e+01 -9.0000000000e+00 1.2000000000e+01
1.0318045143e-04 -1.0000000000e+01 -9.5000000000e+00 1.2000000000e+01
2.7917644782e-04 -1.3000000000e+01 -8.5000000000e+00 1.2000000000e+01
8.0792884455e-05 -1.3500000000e+01 -8.5000000000e+00 1.2000000000e+01
2.0594378494e-03 -1.1500000000e+01 -8.0000000000e+00 1.2000000000e+01
1.8145573848e-03 -1.1000000000e+01 -8.0000000000e+00 1.2000000000e+01
1.7264004875e-03 -1.2000000000e+01 -8.0000000000e+00 1.2000000000e+01
1.1646692199e-03 -1.0500000000e+01 -8.0000000000e+00 1.2000000000e+01
1.0604209286e-03 -1.2500000000e+01 -8.0000000000e+00 1.2000000000e+01
5.4159801157e-04 -1.0000000000e+01 -8.0000000000e+00 1.2000000000e+01
4.7221111296e-04 -1.3000000000e+01 -8.0000000000e+00 1.2000000000e+01
1.8120361089e-04 -9.5000000000e+00 -8.0000000000e+00 1.2000000000e+01
1.4067876453e-04 -9.5000000000e+00 -8.5000000000e+00 1.2000000000e+01
8.2743820986e-05 -9.5000000000e+00 -9.0000000000e+00 1.2000000000e+01
1.4753050563e-04 -1.3500000000e+01 -8.0000000000e+00 1.2000000000e+01
2.2398583288e-03 -1.1500000000e+01 -7.5000000000e+00 1.2000000000e+01
1.9285641694e-03 -1.1000000000e+01 -7.5000000000e+00 1.2000000000e+01
1.9542001194e-03 -1.2000000000e+01 -7.5000000000e+00 1.2000000000e+01
1.2142818344e-03 -1.0500000000e+01 -7.5000000000e+00 1.2000000000e+01
1.2575234673e-03 -1.2500000000e+01 -7.5000000000e+00 1.2000000000e+01
5.5810038182e-04 -1.0000000000e+01 -7.5000000000e+00 1.2000000000e+01
5.9836457244e-04 -1.3000000000e+01 -7.5000000000e+00 1.2000000000e+01
1.8410887945e-04 -9.5000000000e+00 -7.5000000000e+00 1.2000000000e+01
2.0182285295e-04 -1.3500000000e+01 -7.5000000000e+00 1.2000000000e+01
4.2756281883e-05 -9.0000000000e+00 -7.5000000000e+00 1.2000000000e+01
4.3270081466e-05 -9.0000000000e+00 -8.0000000000e+00 1.2000000000e+01
4.3888108722e-05 -1.4000000000e+01 -7.5000000000e+00 1.2000000000e+01
4.3961339115e-03 -1.1500000000e+01 -7.5000000000e+00 1.1500000000e+01
3.9460341667e-03 -1.1000000000e+01 -7.5000000000e+00 1.1500000000e+01
3.6290779105e-03 -1.2000000000e+01 -7.5000000000e+00 1.1500000000e+01
2.6201206901e-03 -1.0500000000e+01 -7.5000000000e+00 1.1500000000e+01
2.2271172781e-03 -1.2500000000e+01 -7.5000000000e+00 1.1500000000e+01
1.2682907720e-03 -1.0000000000e+01 -7.5000000000e+00 1.1500000000e+01
1.0059143182e-03 -1.3000000000e+01 -7.5000000000e+00 1.1500000000e+01
4.4227966057e-04 -9.5000000000e+00 -7.5000000000e+00 1.1500000000e+01
3.2078943904e-04 -1.3500000000e+01 -7.5000000000e+00 1.1500000000e+01
1.0981521122e-04 -9.0000000000e+00 -7.5000000000e+00 1.1500000000e+01
1.1071405787e-04 -9.0000000000e+00 -8.0000000000e+00 1.1500000000e+01
9.3761272724e-05 -9.0000000000e+00 -8.5000000000e+00 1.1500000000e+01
5.8182937240e-05 -9.0000000000e+00 -9.0000000000e+00 1.1500000000e+01
9.6382908911e-05 -1.1500000000e+01 -7.5000000000e+00 7.5000000000e+00
1.2528686022e-04 -1.1000000000e+01 -7.5000000000e+00 7.5000000000e+00
5.1694342389e-05 -1.2000000000e+01 -7.5000000000e+00 7.5000000000e+00
1.2213487680e-04 -1.0500000000e+01 -7.5000000000e+00 7.5000000000e+00
8.7152778655e-05 -1.0000000000e+01 -7.5000000000e+00 7.5000000000e+00
4.4498133043e-05 -9.5000000000e+00 -7.5000000000e+00 7.5000000000e+00
6.8142317208e-05 -1.4000000000e+01 -7.5000000000e+00 1.1500000000e+01
6.5135772743e-03 -1.1500000000e+01 -7.5000000000e+00 1.1000000000e+01
6.0933351536e-03 -1.1000000000e+01 -7.5000000000e+00 1.1000000000e+01
5.0744895613e-03 -1.2000000000e+01 -7.5000000000e+00 1.1000000000e+01
4.2755404296e-03 -1.0500000000e+01 -7.5000000000e+00 1.1000000000e+01
2.9429173832e-03 -1.2500000000e+01 -7.5000000000e+00 1.1000000000e+01
2.1813363821e-03 -1.0000000000e+01 -7.5000000000e+00 1.1000000000e+01
1.2524151615e-03 -1.3000000000e+01 -7.5000000000e+00 1.1000000000e+01
8.0307717658e-04 -9.5000000000e+00 -7.5000000000e+00 1.1000000000e+01
3.7528742165e-04 -1.3500000000e+01 -7.5000000000e+00 1.1000000000e+01
2.1154904771e-04 -9.0000000000e+00 -7.5000000000e+00 1.1000000000e+01
2.1231648074e-04 -9.0000000000e+00 -8.0000000000e+00 1.1000000000e+01
1.8004931124e-04 -9.0000000000e+00 -8.5000000000e+00 1.1000000000e+01
1.1211728046e-04 -9.0000000000e+00 -9.0000000000e+00 1.1000000000e+01
5.1676296578e-05 -9.0000000000e+00 -9.5000000000e+00 1.1000000000e+01
4.1312630655e-04 -1.1500000000e+01 -7.5000000000e+00 8.0000000000e+00
4.9891867995e-04 -1.1000000000e+01 -7.5000000000e+00 8.0000000000e+00
2.3743703919e-04 -1.2000000000e+01 -7.5000000000e+00 8.0000000000e+00
4.6445531785e-04 -1.0500000000e+01 -7.5000000000e+00 8.0000000000e+00
9.8765317916e-05 -1.2500000000e+01 -7.5000000000e+00 8.0000000000e+00
3.1125447953e-04 -1.0000000000e+01 -7.5000000000e+00 8.0000000000e+00
1.5007444593e-04 -9.5000000000e+00 -7.5000000000e+00 8.0000000000e+00
7.6375705652e-05 -1.4000000000e+01 -7.5000000000e+00 1.1000000000e+01
5.2307904392e-05 -9.0000000000e+00 -7.5000000000e+00 8.0000000000e+00
5.0904931670e-05 -9.0000000000e+00 -8.0000000000e+00 8.0000000000e+00
4.0344030625e-05 -9.0000000000e+00 -8.5000000000e+00 8.0000000000e+00
7.3254880457e-03 -1.1500000000e+01 -7.5000000000e+00 1.0500000000e+01
7.1009960051e-03 -1.1000000000e+01 -7.5000000000e+00 1.0500000000e+01
5.4775337058e-03 -1.2000000000e+01 -7.5000000000e+00 1.0500000000e+01
5.2997735027e-03 -1.0500000000e+01 -7.5000000000e+00 1.0500000000e+01
3.0962796949e-03 -1.2500000000e+01 -7.5000000000e+00 1.0500000000e+01
2.8494930727e-03 -1.0000000000e+01 -7.5000000000e+00 1.0500000000e+01
1.2938721562e-03 -1.3000000000e+01 -7.5000000000e+00 1.0500000000e+01
1.1136598626e-03 -9.5000000000e+00 -7.5000000000e+00 1.0500000000e+01
3.8193567544e-04 -1.3500000000e+01 -7.5000000000e+00 1.0500000000e+01
3.1190815371e-04 -9.0000000000e+00 -7.5000000000e+00 1.0500000000e+01
3.1066233376e-04 -9.0000000000e+00 -8.0000000000e+00 1.0500000000e+01
2.6011844947e-04 -9.0000000000e+00 -8.5000000000e+00 1.0500000000e+01
1.6106613558e-04 -9.0000000000e+00 -9.0000000000e+00 1.0500000000e+01
7.3345147453e-05 -9.0000000000e+00 -9.5000000000e+00 1.0500000000e+01
1.2891499544e-03 -1.1500000000e+01 -7.5000000000e+00 8.5000000000e+00
1.4468896940e-03 -1.1000000000e+01 -7.5000000000e+00 8.5000000000e+00
7.9810744038e-04 -1.2000000000e+01 -7.5000000000e+00 8.5000000000e+00
1.2846585553e-03 -1.0500000000e+01 -7.5000000000e+00 8.5000000000e+00
3.6801656836e-04 -1.2500000000e+01 -7.5000000000e+00 8.5000000000e+00
8.1348431151e-04 -1.0000000000e+01 -7.5000000000e+00 8.5000000000e+00
1.1833268695e-04 -1.3000000000e+01 -7.5000000000e+00 8.5000000000e+00
3.7364177833e-04 -9.5000000000e+00 -7.5000000000e+00 8.5000000000e+00
7.6708896302e-05 -1.4000000000e+01 -7.5000000000e+00 1.0500000000e+01
1.2467754915e-04 -9.0000000000e+00 -7.5000000000e+00 8.5000000000e+00
1.2190764908e-04 -9.0000000000e+00 -8.0000000000e+00 8.5000000000e+00
9.8481898194e-05 -9.0000000000e+00 -8.5000000000e+00 8.5000000000e+00
6.0328259295e-05 -9.0000000000e+00 -9.0000000000e+00 8.5000000000e+00
7.2017977213e-03 -1.1500000000e+01 -7.5000000000e+00 1.0000000000e+01
7.0941472184e-03 -1.1000000000e+01 -7.5000000000e+00 1.0000000000e+01
5.2133291155e-03 -1.2000000000e+01 -7.5000000000e+00 1.0000000000e+01
5.4291252655e-03 -1.0500000000e+01 -7.5000000000e+00 1.0000000000e+01
2.8286638162e-03 -1.2500000000e+01 -7.5000000000e+00 1.0000000000e+01
2.9865821184e-03 -1.0000000000e+01 -7.5000000000e+00 1.0000000000e+01
1.1166236853e-03 -1.3000000000e+01 -7.5000000000e+00 1.0000000000e+01
1.1989105049e-03 -9.5000000000e+00 -7.5000000000e+00 1.0000000000e+01
3.0572164915e-04 -1.3500000000e+01 -7.5000000000e+00 1.0000000000e+01
3.4930441054e-04 -9.0000000000e+00 -7.5000000000e+00 1.0000000000e+01
3.4604101375e-04 -9.0000000000e+00 -8.0000000000e+00 1.0000000000e+01
2.8609417731e-04 -9.0000000000e+00 -8.5000000000e+00 1.0000000000e+01
1.7719287853e-04 -9.0000000000e+00 -9.0000000000e+00 1.0000000000e+01
8.0479203113e-05 -9.0000000000e+00 -9.5000000000e+00 1.0000000000e+01
2.9205760694e-03 -1.1500000000e+01 -7.5000000000e+00 9.0000000000e+00
3.1192797281e-03 -1.1000000000e+01 -7.5000000000e+00 9.0000000000e+00
1.8987076176e-03 -1.2000000000e+01 -7.5000000000e+00 9.0000000000e+00
2.6639704230e-03 -1.0500000000e+01 -7.5000000000e+00 9.0000000000e+00
9.3057892527e-04 -1.2500000000e+01 -7.5000000000e+00 9.0000000000e+00
1.6131447481e-03 -1.0000000000e+01 -7.5000000000e+00 9.0000000000e+00
3.2578606630e-04 -1.3000000000e+01 -7.5000000000e+00 9.0000000000e+00
7.1098387784e-04 -9.5000000000e+00 -7.5000000000e+00 9.0000000000e+00
7.7174876146e-05 -1.3500000000e+01 -7.5000000000e+00 9.0000000000e+00
5.6551068725e-05 -1.4000000000e+01 -7.5000000000e+00 1.0000000000e+01
2.2774563161e-04 -9.0000000000e+00 -7.5000000000e+00 9.0000000000e+00
2.2359903353e-04 -9.0000000000e+00 -8.0000000000e+00 9.0000000000e+00
1.8236062265e-04 -9.0000000000e+00 -8.5000000000e+00 9.0000000000e+00
1.1226268630e-04 -9.0000000000e+00 -9.0000000000e+00 9.0000000000e+00
5.0047524743e-05 -9.0000000000e+00 -9.5000000000e+00 9.0000000000e+00
5.2600531918e-03 -1.1500000000e+01 -7.5000000000e+00 9.5000000000e+00
5.4190771561e-03 -1.1000000000e+01 -7.5000000000e+00 9.5000000000e+00
3.5833572738e-03 -1.2000000000e+01 -7.5000000000e+00 9.5000000000e+00
4.4332485999e-03 -1.0500000000e+01 -7.5000000000e+00 9.5000000000e+00
1.8372587823e-03 -1.2500000000e+01 -7.5000000000e+00 9.5000000000e+00
2.5717142254e-03 -1.0000000000e+01 -7.5000000000e+00 9.5000000000e+00
6.8383912231e-04 -1.3000000000e+01 -7.5000000000e+00 9.5000000000e+00
1.0881634771e-03 -9.5000000000e+00 -7.5000000000e+00 9.5000000000e+00
1.7427244466e-04 -1.3500000000e+01 -7.5000000000e+00 9.5000000000e+00
3.3236441419e-04 -9.0000000000e+00 -7.5000000000e+00 9.5000000000e+00
3.2949284235e-04 -9.0000000000e+00 -8.0000000000e+00 9.5000000000e+00
2.7557776597e-04 -9.0000000000e+00 -8.5000000000e+00 9.5000000000e+00
1.7361670247e-04 -9.0000000000e+00 -9.0000000000e+00 9.5000000000e+00
7.9705538750e-05 -9.0000000000e+00 -9.5000000000e+00 9.5000000000e+00
1.0384997485e-04 -1.1500000000e+01 -9.5000000000e+00 1.2500000000e+01
9.2389604408e-05 -1.1000000000e+01 -9.5000000000e+00 1.2500000000e+01
8.3875936936e-05 -1.2000000000e+01 -9.5000000000e+00 1.2500000000e+01
4.8700644984e-05 -1.2500000000e+01 -9.5000000000e+00 1.2500000000e+01
2.5275018181e-04 -1.1500000000e+01 -9.0000000000e+00 1.2500000000e+01
2.2114379766e-04 -1.1000000000e+01 -9.0000000000e+00 1.2500000000e+01
2.1024910549e-04 -1.2000000000e+01 -9.0000000000e+00 1.2500000000e+01
1.3957973230e-04 -1.0500000000e+01 -9.0000000000e+00 1.2500000000e+01
5.8833122190e-05 -1.0500000000e+01 -9.5000000000e+00 1.2500000000e+01
1.2712199946e-04 -1.2500000000e+01 -9.0000000000e+00 1.2500000000e+01
5.6937981431e-05 -1.3000000000e+01 -9.0000000000e+00 1.2500000000e+01
4.8111567922e-04 -1.1500000000e+01 -8.5000000000e+00 1.2500000000e+01
4.1581786594e-04 -1.1000000000e+01 -8.5000000000e+00 1.2500000000e+01
4.0938057002e-04 -1.2000000000e+01 -8.5000000000e+00 1.2500000000e+01
2.5992890585e-04 -1.0500000000e+01 -8.5000000000e+00 1.2500000000e+01
2.5521822136e-04 -1.2500000000e+01 -8.5000000000e+00 1.2500000000e+01
1.1783486970e-04 -1.0000000000e+01 -8.5000000000e+00 1.2500000000e+01
6.3978150963e-05 -1.0000000000e+01 -9.0000000000e+00 1.2500000000e+01
1.1706097160e-04 -1.3000000000e+01 -8.5000000000e+00 1.2500000000e+01
4.2611572801e-05 -1.3500000000e+01 -8.5000000000e+00 1.2500000000e+01
7.3624291967e-04 -1.1500000000e+01 -8.0000000000e+00 1.2500000000e+01
6.2332541155e-04 -1.1000000000e+01 -8.0000000000e+00 1.2500000000e+01
6.4941656329e-04 -1.2000000000e+01 -8.0000000000e+00 1.2500000000e+01
3.8017482589e-04 -1.0500000000e+01 -8.0000000000e+00 1.2500000000e+01
4.1550948869e-04 -1.2500000000e+01 -8.0000000000e+00 1.2500000000e+01
1.6813841858e-04 -1.0000000000e+01 -8.0000000000e+00 1.2500000000e+01
1.9689498005e-04 -1.3000000000e+01 -8.0000000000e+00 1.2500000000e+01
5.3524483048e-05 -9.5000000000e+00 -8.0000000000e+00 1.2500000000e+01
7.0312042149e-05 -1.3500000000e+01 -8.0000000000e+00 1.2500000000e+01
8.3102848032e-04 -1.1500000000e+01 -7.5000000000e+00 1.2500000000e+01
6.8884721636e-04 -1.1000000000e+01 -7.5000000000e+00 1.2500000000e+01
7.7284214053e-04 -1.2000000000e+01 -7.5000000000e+00 1.2500000000e+01
4.1022189105e-04 -1.0500000000e+01 -7.5000000000e+00 1.2500000000e+01
5.1984823900e-04 -1.2500000000e+01 -7.5000000000e+00 1.2500000000e+01
1.7759735125e-04 -1.0000000000e+01 -7.5000000000e+00 1.2500000000e+01
2.5903491390e-04 -1.3000000000e+01 -7.5000000000e+00 1.2500000000e+01
5.5460804986e-05 -9.5000000000e+00 -7.5000000000e+00 1.2500000000e+01
9.6695429229e-05 -1.3500000000e+01 -7.5000000000e+00 1.2500000000e+01
7.9954300345e-04 -1.1500000000e+01 -7.0000000000e+00 1.2500000000e+01
6.5917197617e-04 -1.1000000000e+01 -7.0000000000e+00 1.2500000000e+01
7.5726043783e-04 -1.2000000000e+01 -7.0000000000e+00 1.2500000000e+01
3.8912206169e-04 -1.0500000000e+01 -7.0000000000e+00 1.2500000000e+01
5.1481548386e-04 -1.2500000000e+01 -7.0000000000e+00 1.2500000000e+01
1.6693536853e-04 -1.0000000000e+01 -7.0000000000e+00 1.2500000000e+01
2.6276985625e-04 -1.3000000000e+01 -7.0000000000e+00 1.2500000000e+01
5.0980640836e-05 -9.5000000000e+00 -7.0000000000e+00 1.2500000000e+01
1.0016867030e-04 -1.3500000000e+01 -7.0000000000e+00 1.2500000000e+01
2.1391922314e-03 -1.1500000000e+01 -7.0000000000e+00 1.2000000000e+01
1.8275527082e-03 -1.1000000000e+01 -7.0000000000e+00 1.2000000000e+01
1.9003951671e-03 -1.2000000000e+01 -7.0000000000e+00 1.2000000000e+01
1.1367731145e-03 -1.0500000000e+01 -7.0000000000e+00 1.2000000000e+01
1.2369741952e-03 -1.2500000000e+01 -7.0000000000e+00 1.2000000000e+01
5.1448126116e-04 -1.0000000000e+01 -7.0000000000e+00 1.2000000000e+01
5.9773143812e-04 -1.3000000000e+01 -7.0000000000e+00 1.2000000000e+01
1.6669057596e-04 -9.5000000000e+00 -7.0000000000e+00 1.2000000000e+01
2.0628373665e-04 -1.3500000000e+01 -7.0000000000e+00 1.2000000000e+01
5.1705588501e-05 -1.4000000000e+01 -7.0000000000e+00 1.2000000000e+01
4.2184427723e-03 -1.1500000000e+01 -7.0000000000e+00 1.1500000000e+01
3.7439449841e-03 -1.1000000000e+01 -7.0000000000e+00 1.1500000000e+01
3.5370450070e-03 -1.2000000000e+01 -7.0000000000e+00 1.1500000000e+01
2.4454058831e-03 -1.0500000000e+01 -7.0000000000e+00 1.1500000000e+01
2.1984182098e-03 -1.2500000000e+01 -7.0000000000e+00 1.1500000000e+01
1.1651848473e-03 -1.0000000000e+01 -7.0000000000e+00 1.1500000000e+01
1.0082211864e-03 -1.3000000000e+01 -7.0000000000e+00 1.1500000000e+01
3.9903334307e-04 -9.5000000000e+00 -7.0000000000e+00 1.1500000000e+01
3.2978583835e-04 -1.3500000000e+01 -7.0000000000e+00 1.1500000000e+01
9.4558891805e-05 -9.0000000000e+00 -7.0000000000e+00 1.1500000000e+01
7.3082352861e-05 -1.4000000000e+01 -7.0000000000e+00 1.1500000000e+01
1.0495026531e-04 -1.1500000000e+01 -7.0000000000e+00 7.5000000000e+00
1.2883128068e-04 -1.1000000000e+01 -7.0000000000e+00 7.5000000000e+00
6.4996509632e-05 -1.2000000000e+01 -7.0000000000e+00 7.5000000000e+00
1.2306836694e-04 -1.0500000000e+01 -7.0000000000e+00 7.5000000000e+00
8.6907797265e-05 -1.0000000000e+01 -7.0000000000e+00 7.5000000000e+00
4.3175631343e-05 -9.5000000000e+00 -7.0000000000e+00 7.5000000000e+00
6.3123776532e-03 -1.1500000000e+01 -7.0000000000e+00 1.1000000000e+01
5.8411371563e-03 -1.1000000000e+01 -7.0000000000e+00 1.1000000000e+01
4.9895092328e-03 -1.2000000000e+01 -7.0000000000e+00 1.1000000000e+01
4.0239677616e-03 -1.0500000000e+01 -7.0000000000e+00 1.1000000000e+01
2.9307946467e-03 -1.2500000000e+01 -7.0000000000e+00 1.1000000000e+01
2.0164986346e-03 -1.0000000000e+01 -7.0000000000e+00 1.1000000000e+01
1.2621957392e-03 -1.3000000000e+01 -7.0000000000e+00 1.1000000000e+01
7.2737926895e-04 -9.5000000000e+00 -7.0000000000e+00 1.1000000000e+01
3.8584017116e-04 -1.3500000000e+01 -7.0000000000e+00 1.1000000000e+01
1.8339424650e-04 -9.0000000000e+00 -7.0000000000e+00 1.1000000000e+01
8.2489520596e-05 -1.4000000000e+01 -7.0000000000e+00 1.1000000000e+01
4.0681743311e-05 -8.5000000000e+00 -8.0000000000e+00 1.1000000000e+01
4.2259084406e-04 -1.1500000000e+01 -7.0000000000e+00 8.0000000000e+00
4.9574330659e-04 -1.1000000000e+01 -7.0000000000e+00 8.0000000000e+00
2.4679714816e-04 -1.2000000000e+01 -7.0000000000e+00 8.0000000000e+00
4.5343345701e-04 -1.0500000000e+01 -7.0000000000e+00 8.0000000000e+00
1.1037709051e-04 -1.2500000000e+01 -7.0000000000e+00 8.0000000000e+00
2.9410605962e-04 -1.0000000000e+01 -7.0000000000e+00 8.0000000000e+00
1.3787919352e-04 -9.5000000000e+00 -7.0000000000e+00 8.0000000000e+00
4.6493482507e-05 -9.0000000000e+00 -7.0000000000e+00 8.0000000000e+00
7.1453348857e-03 -1.1500000000e+01 -7.0000000000e+00 1.0500000000e+01
6.8662313785e-03 -1.1000000000e+01 -7.0000000000e+00 1.0500000000e+01
5.4099807025e-03 -1.2000000000e+01 -7.0000000000e+00 1.0500000000e+01
5.0342771941e-03 -1.0500000000e+01 -7.0000000000e+00 1.0500000000e+01
3.0867827967e-03 -1.2500000000e+01 -7.0000000000e+00 1.0500000000e+01
2.6688214089e-03 -1.0000000000e+01 -7.0000000000e+00 1.0500000000e+01
1.3010266737e-03 -1.3000000000e+01 -7.0000000000e+00 1.0500000000e+01
1.0199356325e-03 -9.5000000000e+00 -7.0000000000e+00 1.0500000000e+01
3.8969963880e-04 -1.3500000000e+01 -7.0000000000e+00 1.0500000000e+01
2.7368199072e-04 -9.0000000000e+00 -7.0000000000e+00 1.0500000000e+01
8.2570674101e-05 -1.4000000000e+01 -7.0000000000e+00 1.0500000000e+01
5.2325957793e-05 -8.5000000000e+00 -7.0000000000e+00 1.0500000000e+01
6.2075847627e-05 -8.5000000000e+00 -7.5000000000e+00 1.0500000000e+01
6.2818414270e-05 -8.5000000000e+00 -8.0000000000e+00 1.0500000000e+01
5.3406106417e-05 -8.5000000000e+00 -8.5000000000e+00 1.0500000000e+01
1.2934944443e-03 -1.1500000000e+01 -7.0000000000e+00 8.5000000000e+00
1.4198062529e-03 -1.1000000000e+01 -7.0000000000e+00 8.5000000000e+00
8.1252397038e-04 -1.2000000000e+01 -7.0000000000e+00 8.5000000000e+00
1.2405231514e-03 -1.0500000000e+01 -7.0000000000e+00 8.5000000000e+00
3.8230024795e-04 -1.2500000000e+01 -7.0000000000e+00 8.5000000000e+00
7.6586362874e-04 -1.0000000000e+01 -7.0000000000e+00 8.5000000000e+00
1.2605083771e-04 -1.3000000000e+01 -7.0000000000e+00 8.5000000000e+00
3.4266980319e-04 -9.5000000000e+00 -7.0000000000e+00 8.5000000000e+00
1.0947911534e-04 -9.0000000000e+00 -7.0000000000e+00 8.5000000000e+00
7.0063833099e-03 -1.1500000000e+01 -7.0000000000e+00 1.0000000000e+01
6.8436879949e-03 -1.1000000000e+01 -7.0000000000e+00 1.0000000000e+01
5.1418970993e-03 -1.2000000000e+01 -7.0000000000e+00 1.0000000000e+01
5.1445078981e-03 -1.0500000000e+01 -7.0000000000e+00 1.0000000000e+01
2.8234574310e-03 -1.2500000000e+01 -7.0000000000e+00 1.0000000000e+01
2.7943713189e-03 -1.0000000000e+01 -7.0000000000e+00 1.0000000000e+01
1.1279726638e-03 -1.3000000000e+01 -7.0000000000e+00 1.0000000000e+01
1.1025412477e-03 -9.5000000000e+00 -7.0000000000e+00 1.0000000000e+01
3.1379330774e-04 -1.3500000000e+01 -7.0000000000e+00 1.0000000000e+01
3.0948600999e-04 -9.0000000000e+00 -7.0000000000e+00 1.0000000000e+01
6.5224335408e-05 -1.4000000000e+01 -7.0000000000e+00 1.0000000000e+01
6.1783406950e-05 -8.5000000000e+00 -7.0000000000e+00 1.0000000000e+01
7.2804280963e-05 -8.5000000000e+00 -7.5000000000e+00 1.0000000000e+01
7.3090509332e-05 -8.5000000000e+00 -8.0000000000e+00 1.0000000000e+01
6.1352450857e-05 -8.5000000000e+00 -8.5000000000e+00 1.0000000000e+01
2.9036231900e-03 -1.1500000000e+01 -7.0000000000e+00 9.0000000000e+00
3.0513996310e-03 -1.1000000000e+01 -7.0000000000e+00 9.0000000000e+00
1.9155568284e-03 -1.2000000000e+01 -7.0000000000e+00 9.0000000000e+00
2.5619817104e-03 -1.0500000000e+01 -7.0000000000e+00 9.0000000000e+00
9.5003706350e-04 -1.2500000000e+01 -7.0000000000e+00 9.0000000000e+00
1.5181544670e-03 -1.0000000000e+01 -7.0000000000e+00 9.0000000000e+00
3.4088661123e-04 -1.3000000000e+01 -7.0000000000e+00 9.0000000000e+00
6.5367836885e-04 -9.5000000000e+00 -7.0000000000e+00 9.0000000000e+00
8.6690629708e-05 -1.3500000000e+01 -7.0000000000e+00 9.0000000000e+00
2.0076827222e-04 -9.0000000000e+00 -7.0000000000e+00 9.0000000000e+00
4.3466991925e-05 -8.5000000000e+00 -7.0000000000e+00 9.0000000000e+00
5.1735970208e-05 -8.5000000000e+00 -7.5000000000e+00 9.0000000000e+00
5.1821758306e-05 -8.5000000000e+00 -8.0000000000e+00 9.0000000000e+00
4.2730197899e-05 -8.5000000000e+00 -8.5000000000e+00 9.0000000000e+00
5.1767780300e-03 -1.1500000000e+01 -7.0000000000e+00 9.5000000000e+00
5.2626386785e-03 -1.1000000000e+01 -7.0000000000e+00 9.5000000000e+00
3.5802317126e-03 -1.2000000000e+01 -7.0000000000e+00 9.5000000000e+00
4.2136512664e-03 -1.0500000000e+01 -7.0000000000e+00 9.5000000000e+00
1.8584286140e-03 -1.2500000000e+01 -7.0000000000e+00 9.5000000000e+00
2.3974603197e-03 -1.0000000000e+01 -7.0000000000e+00 9.5000000000e+00
7.0000009462e-04 -1.3000000000e+01 -7.0000000000e+00 9.5000000000e+00
9.8947623304e-04 -9.5000000000e+00 -7.0000000000e+00 9.5000000000e+00
1.8224294622e-04 -1.3500000000e+01 -7.0000000000e+00 9.5000000000e+00
2.9024347596e-04 -9.0000000000e+00 -7.0000000000e+00 9.5000000000e+00
5.9571981618e-05 -8.5000000000e+00 -7.0000000000e+00 9.5000000000e+00
7.1645241357e-05 -8.5000000000e+00 -7.5000000000e+00 9.5000000000e+00
7.2244844146e-05 -8.5000000000e+00 -8.0000000000e+00 9.5000000000e+00
6.1217828088e-05 -8.5000000000e+00 -8.5000000000e+00 9.5000000000e+00
8.8650781848e-05 -1.2000000000e+01 -8.0000000000e+00 1.3000000000e+01
6.2299433803e-05 -1.2500000000e+01 -8.0000000000e+00 1.3000000000e+01
1.5725090181e-04 -1.2000000000e+01 -7.5000000000e+00 1.3000000000e+01
1.7062617970e-04 -1.2000000000e+01 -7.0000000000e+00 1.3000000000e+01
1.2781078560e-04 -1.2500000000e+01 -7.0000000000e+00 1.3000000000e+01
7.1560650487e-05 -1.3000000000e+01 -7.0000000000e+00 1.3000000000e+01
6.7902867593e-05 -1.3000000000e+01 -6.5000000000e+00 1.3000000000e+01
5.6045867041e-05 -1.0500000000e+01 -6.5000000000e+00 1.3000000000e+01
1.2051697539e-04 -1.2500000000e+01 -6.5000000000e+00 1.3000000000e+01
1.0803049342e-04 -1.1000000000e+01 -6.5000000000e+00 1.3000000000e+01
1.5982544868e-04 -1.2000000000e+01 -6.5000000000e+00 1.3000000000e+01
1.4925075253e-04 -1.1500000000e+01 -6.5000000000e+00 1.3000000000e+01
6.1713037701e-05 -1.0500000000e+01 -7.0000000000e+00 1.3000000000e+01
6.4377148500e-04 -1.2000000000e+01 -6.5000000000e+00 1.2500000000e+01
4.0876921011e-05 -9.5000000000e+00 -6.5000000000e+00 1.2500000000e+01
9.5292783362e-05 -1.3500000000e+01 -6.5000000000e+00 1.2500000000e+01
1.2744521728e-04 -1.0000000000e+01 -6.5000000000e+00 1.2500000000e+01
2.3546870725e-04 -1.3000000000e+01 -6.5000000000e+00 1.2500000000e+01
3.0350595390e-04 -1.0500000000e+01 -6.5000000000e+00 1.2500000000e+01
4.4716145869e-04 -1.2500000000e+01 -6.5000000000e+00 1.2500000000e+01
5.2562230098e-04 -1.1000000000e+01 -6.5000000000e+00 1.2500000000e+01
6.4935046921e-04 -1.1500000000e+01 -6.5000000000e+00 1.2500000000e+01
1.1846340551e-04 -1.1000000000e+01 -7.0000000000e+00 1.3000000000e+01
1.6078202806e-04 -1.1500000000e+01 -7.0000000000e+00 1.3000000000e+01
6.1574922489e-05 -1.3000000000e+01 -7.5000000000e+00 1.3000000000e+01
5.8500925255e-05 -1.0500000000e+01 -7.5000000000e+00 1.3000000000e+01
1.1364099129e-04 -1.2500000000e+01 -7.5000000000e+00 1.3000000000e+01
1.1294663050e-04 -1.1000000000e+01 -7.5000000000e+00 1.3000000000e+01
1.5744412036e-03 -1.2000000000e+01 -6.5000000000e+00 1.2000000000e+01
1.0558345619e-03 -1.2500000000e+01 -6.5000000000e+00 1.2000000000e+01
5.2865913634e-04 -1.3000000000e+01 -6.5000000000e+00 1.2000000000e+01
4.2042171817e-05 -1.4000000000e+01 -6.5000000000e+00 1.2000000000e+01
1.2050451608e-04 -9.5000000000e+00 -6.5000000000e+00 1.2000000000e+01
1.8913982087e-04 -1.3500000000e+01 -6.5000000000e+00 1.2000000000e+01
3.7915695022e-04 -1.0000000000e+01 -6.5000000000e+00 1.2000000000e+01
8.5818668085e-04 -1.0500000000e+01 -6.5000000000e+00 1.2000000000e+01
1.4168920965e-03 -1.1000000000e+01 -6.5000000000e+00 1.2000000000e+01
1.6883513537e-03 -1.1500000000e+01 -6.5000000000e+00 1.2000000000e+01
1.5135556854e-04 -1.1500000000e+01 -7.5000000000e+00 1.3000000000e+01
2.9070785465e-03 -1.2000000000e+01 -6.5000000000e+00 1.1500000000e+01
1.8799267237e-03 -1.2500000000e+01 -6.5000000000e+00 1.1500000000e+01
3.0623912708e-04 -1.3500000000e+01 -6.5000000000e+00 1.1500000000e+01
7.6138049791e-05 -1.4000000000e+01 -6.5000000000e+00 1.1500000000e+01
4.0145578580e-05 -1.4500000000e+01 -6.5000000000e+00 1.1500000000e+01
6.5259658067e-05 -9.0000000000e+00 -6.5000000000e+00 1.1500000000e+01
5.5069934038e-05 -1.2000000000e+01 -6.5000000000e+00 7.5000000000e+00
9.5527217108e-05 -1.1500000000e+01 -6.5000000000e+00 7.5000000000e+00
6.1687034368e-05 -1.0000000000e+01 -6.5000000000e+00 7.5000000000e+00
9.6631507489e-05 -1.0500000000e+01 -6.5000000000e+00 7.5000000000e+00
1.0785907833e-04 -1.1000000000e+01 -6.5000000000e+00 7.5000000000e+00
2.8309392217e-04 -9.5000000000e+00 -6.5000000000e+00 1.1500000000e+01
8.4621016575e-04 -1.0000000000e+01 -6.5000000000e+00 1.1500000000e+01
8.9855353676e-04 -1.3000000000e+01 -6.5000000000e+00 1.1500000000e+01
1.8197475584e-03 -1.0500000000e+01 -6.5000000000e+00 1.1500000000e+01
2.8676030760e-03 -1.1000000000e+01 -6.5000000000e+00 1.1500000000e+01
3.3124713098e-03 -1.1500000000e+01 -6.5000000000e+00 1.1500000000e+01
6.5343484315e-05 -1.1000000000e+01 -8.0000000000e+00 1.3000000000e+01
8.6847732813e-05 -1.1500000000e+01 -8.0000000000e+00 1.3000000000e+01
4.1530140557e-03 -1.2000000000e+01 -6.5000000000e+00 1.1000000000e+01
2.5566624864e-03 -1.2500000000e+01 -6.5000000000e+00 1.1000000000e+01
1.1535847473e-03 -1.3000000000e+01 -6.5000000000e+00 1.1000000000e+01
3.6704939269e-04 -1.3500000000e+01 -6.5000000000e+00 1.1000000000e+01
8.5674038986e-05 -1.4000000000e+01 -6.5000000000e+00 1.1000000000e+01
1.2427202651e-04 -9.0000000000e+00 -6.5000000000e+00 1.1000000000e+01
5.1188586978e-04 -9.5000000000e+00 -6.5000000000e+00 1.1000000000e+01
1.4550071541e-03 -1.0000000000e+01 -6.5000000000e+00 1.1000000000e+01
2.2774998387e-04 -1.2000000000e+01 -6.5000000000e+00 8.0000000000e+00
3.5716439185e-04 -1.1500000000e+01 -6.5000000000e+00 8.0000000000e+00
1.1048847784e-04 -1.2500000000e+01 -6.5000000000e+00 8.0000000000e+00
4.2168246616e-05 -1.3000000000e+01 -6.5000000000e+00 8.0000000000e+00
9.3381339559e-05 -9.5000000000e+00 -6.5000000000e+00 8.0000000000e+00
2.0599503282e-04 -1.0000000000e+01 -6.5000000000e+00 8.0000000000e+00
3.3216346721e-04 -1.0500000000e+01 -6.5000000000e+00 8.0000000000e+00
3.8365895628e-04 -1.1000000000e+01 -6.5000000000e+00 8.0000000000e+00
2.9836031549e-03 -1.0500000000e+01 -6.5000000000e+00 1.1000000000e+01
4.4848504929e-03 -1.1000000000e+01 -6.5000000000e+00 1.1000000000e+01
4.9923299125e-03 -1.1500000000e+01 -6.5000000000e+00 1.1000000000e+01
4.5577218331e-03 -1.2000000000e+01 -6.5000000000e+00 1.0500000000e+01
5.7236671879e-03 -1.1500000000e+01 -6.5000000000e+00 1.0500000000e+01
2.7132761592e-03 -1.2500000000e+01 -6.5000000000e+00 1.0500000000e+01
1.1909483520e-03 -1.3000000000e+01 -6.5000000000e+00 1.0500000000e+01
3.6930294798e-04 -1.3500000000e+01 -6.5000000000e+00 1.0500000000e+01
8.5601549347e-05 -1.4000000000e+01 -6.5000000000e+00 1.0500000000e+01
1.8481538080e-04 -9.0000000000e+00 -6.5000000000e+00 1.0500000000e+01
7.1630971915e-04 -9.5000000000e+00 -6.5000000000e+00 1.0500000000e+01
1.9280179308e-03 -1.0000000000e+01 -6.5000000000e+00 1.0500000000e+01
7.0762904666e-04 -1.2000000000e+01 -6.5000000000e+00 8.5000000000e+00
1.0509643545e-03 -1.1500000000e+01 -6.5000000000e+00 8.5000000000e+00
3.5717499244e-04 -1.2500000000e+01 -6.5000000000e+00 8.5000000000e+00
1.2754424632e-04 -1.3000000000e+01 -6.5000000000e+00 8.5000000000e+00
7.2056882045e-05 -9.0000000000e+00 -6.5000000000e+00 8.5000000000e+00
2.3113332147e-04 -9.5000000000e+00 -6.5000000000e+00 8.5000000000e+00
5.3372102385e-04 -1.0000000000e+01 -6.5000000000e+00 8.5000000000e+00
4.2482629758e-03 -1.2000000000e+01 -6.5000000000e+00 1.0000000000e+01
5.5095762625e-03 -1.1500000000e+01 -6.5000000000e+00 1.0000000000e+01
2.4448230814e-03 -1.2500000000e+01 -6.5000000000e+00 1.0000000000e+01
1.0301399105e-03 -1.3000000000e+01 -6.5000000000e+00 1.0000000000e+01
3.0181431937e-04 -1.3500000000e+01 -6.5000000000e+00 1.0000000000e+01
6.6746291583e-05 -1.4000000000e+01 -6.5000000000e+00 1.0000000000e+01
4.0852151448e-05 -8.5000000000e+00 -6.5000000000e+00 1.0000000000e+01
2.0890197355e-04 -9.0000000000e+00 -6.5000000000e+00 1.0000000000e+01
7.7081418108e-04 -9.5000000000e+00 -6.5000000000e+00 1.0000000000e+01
2.0025814790e-03 -1.0000000000e+01 -6.5000000000e+00 1.0000000000e+01
3.7809577495e-03 -1.0500000000e+01 -6.5000000000e+00 1.0000000000e+01
5.2235719583e-03 -1.1000000000e+01 -6.5000000000e+00 1.0000000000e+01
8.9882856519e-04 -1.0500000000e+01 -6.5000000000e+00 8.5000000000e+00
1.6462741347e-03 -1.2000000000e+01 -6.5000000000e+00 9.0000000000e+00
8.6913208159e-04 -1.2500000000e+01 -6.5000000000e+00 9.0000000000e+00
3.2993548463e-04 -1.3000000000e+01 -6.5000000000e+00 9.0000000000e+00
8.8970265166e-05 -1.3500000000e+01 -6.5000000000e+00 9.0000000000e+00
1.3263872019e-04 -9.0000000000e+00 -6.5000000000e+00 9.0000000000e+00
4.4583335930e-04 -9.5000000000e+00 -6.5000000000e+00 9.0000000000e+00
1.0690842159e-03 -1.0000000000e+01 -6.5000000000e+00 9.0000000000e+00
1.8666897817e-03 -1.0500000000e+01 -6.5000000000e+00 9.0000000000e+00
3.0160195443e-03 -1.2000000000e+01 -6.5000000000e+00 9.5000000000e+00
1.6602716023e-03 -1.2500000000e+01 -6.5000000000e+00 9.5000000000e+00
6.6520826769e-04 -1.3000000000e+01 -6.5000000000e+00 9.5000000000e+00
1.8251789629e-04 -1.3500000000e+01 -6.5000000000e+00 9.5000000000e+00
1.1001387986e-04 -1.1500000000e+01 -6.0000000000e+00 1.3000000000e+01
7.6756472341e-05 -1.1000000000e+01 -6.0000000000e+00 1.3000000000e+01
5.3270881361e-05 -1.3000000000e+01 -6.0000000000e+00 1.3000000000e+01
9.2995578211e-05 -1.2500000000e+01 -6.0000000000e+00 1.3000000000e+01
1.2050932615e-04 -1.2000000000e+01 -6.0000000000e+00 1.3000000000e+01
4.2641498538e-04 -1.1500000000e+01 -6.0000000000e+00 1.2500000000e+01
3.3258759514e-04 -1.1000000000e+01 -6.0000000000e+00 1.2500000000e+01
1.8727171375e-04 -1.0500000000e+01 -6.0000000000e+00 1.2500000000e+01
7.8931526395e-05 -1.0000000000e+01 -6.0000000000e+00 1.2500000000e+01
7.4685308091e-05 -1.3500000000e+01 -6.0000000000e+00 1.2500000000e+01
1.7429468036e-04 -1.3000000000e+01 -6.0000000000e+00 1.2500000000e+01
3.1623160547e-04 -1.2500000000e+01 -6.0000000000e+00 1.2500000000e+01
4.3732472957e-04 -1.2000000000e+01 -6.0000000000e+00 1.2500000000e+01
1.0587973310e-03 -1.1500000000e+01 -6.0000000000e+00 1.2000000000e+01
8.6604258882e-04 -1.1000000000e+01 -6.0000000000e+00 1.2000000000e+01
5.0895486238e-04 -1.0500000000e+01 -6.0000000000e+00 1.2000000000e+01
6.9098701754e-05 -9.5000000000e+00 -6.0000000000e+00 1.2000000000e+01
1.4529141509e-04 -1.3500000000e+01 -6.0000000000e+00 1.2000000000e+01
2.1971150851e-04 -1.0000000000e+01 -6.0000000000e+00 1.2000000000e+01
3.7685978107e-04 -1.3000000000e+01 -6.0000000000e+00 1.2000000000e+01
7.1892800626e-04 -1.2500000000e+01 -6.0000000000e+00 1.2000000000e+01
1.0387079923e-03 -1.2000000000e+01 -6.0000000000e+00 1.2000000000e+01
4.9220826649e-05 -1.0500000000e+01 -6.0000000000e+00 7.5000000000e+00
5.7913432050e-05 -1.1000000000e+01 -6.0000000000e+00 7.5000000000e+00
4.0917482319e-05 -1.2000000000e+01 -6.0000000000e+00 7.5000000000e+00
5.5626924606e-05 -1.1500000000e+01 -6.0000000000e+00 7.5000000000e+00
5.6934467531e-05 -1.4000000000e+01 -6.0000000000e+00 1.1500000000e+01
1.5718557140e-04 -9.5000000000e+00 -6.0000000000e+00 1.1500000000e+01
2.3076027352e-04 -1.3500000000e+01 -6.0000000000e+00 1.1500000000e+01
4.7835668331e-04 -1.0000000000e+01 -6.0000000000e+00 1.1500000000e+01
6.3231386917e-04 -1.3000000000e+01 -6.0000000000e+00 1.1500000000e+01
1.0555113198e-03 -1.0500000000e+01 -6.0000000000e+00 1.1500000000e+01
1.2569942052e-03 -1.2500000000e+01 -6.0000000000e+00 1.1500000000e+01
1.7144528511e-03 -1.1000000000e+01 -6.0000000000e+00 1.1500000000e+01
1.8778046668e-03 -1.2000000000e+01 -6.0000000000e+00 1.1500000000e+01
2.0292071039e-03 -1.1500000000e+01 -6.0000000000e+00 1.1500000000e+01
2.6344371582e-03 -1.2000000000e+01 -6.0000000000e+00 1.1000000000e+01
3.0287856018e-03 -1.1500000000e+01 -6.0000000000e+00 1.1000000000e+01
8.1450401729e-04 -1.3000000000e+01 -6.0000000000e+00 1.1000000000e+01
1.7031778013e-03 -1.0500000000e+01 -6.0000000000e+00 1.1000000000e+01
6.6097294300e-05 -1.4000000000e+01 -6.0000000000e+00 1.1000000000e+01
6.6850595768e-05 -9.0000000000e+00 -6.0000000000e+00 1.1000000000e+01
7.7898399243e-05 -1.2500000000e+01 -6.0000000000e+00 8.0000000000e+00
4.5811939148e-05 -9.5000000000e+00 -6.0000000000e+00 8.0000000000e+00
1.0205853192e-04 -1.0000000000e+01 -6.0000000000e+00 8.0000000000e+00
1.7026650526e-04 -1.0500000000e+01 -6.0000000000e+00 8.0000000000e+00
2.0528070007e-04 -1.1000000000e+01 -6.0000000000e+00 8.0000000000e+00
1.3930034966e-04 -1.2000000000e+01 -6.0000000000e+00 8.0000000000e+00
2.0012563362e-04 -1.1500000000e+01 -6.0000000000e+00 8.0000000000e+00
2.7883809283e-04 -9.5000000000e+00 -6.0000000000e+00 1.1000000000e+01
2.8142437490e-04 -1.3500000000e+01 -6.0000000000e+00 1.1000000000e+01
8.0884087065e-04 -1.0000000000e+01 -6.0000000000e+00 1.1000000000e+01
1.6984146606e-03 -1.2500000000e+01 -6.0000000000e+00 1.1000000000e+01
2.8143729529e-04 -1.3500000000e+01 -6.0000000000e+00 1.0500000000e+01
6.3879436809e-05 -1.4000000000e+01 -6.0000000000e+00 1.0500000000e+01
9.7511505018e-05 -9.0000000000e+00 -6.0000000000e+00 1.0500000000e+01
3.8564327508e-04 -9.5000000000e+00 -6.0000000000e+00 1.0500000000e+01
1.0610513690e-03 -1.0000000000e+01 -6.0000000000e+00 1.0500000000e+01
2.3047817767e-04 -1.2500000000e+01 -6.0000000000e+00 8.5000000000e+00
9.6353942717e-05 -1.3000000000e+01 -6.0000000000e+00 8.5000000000e+00
1.1530380499e-04 -9.5000000000e+00 -6.0000000000e+00 8.5000000000e+00
2.7011184721e-04 -1.0000000000e+01 -6.0000000000e+00 8.5000000000e+00
4.6577864662e-04 -1.0500000000e+01 -6.0000000000e+00 8.5000000000e+00
5.8508791724e-04 -1.1000000000e+01 -6.0000000000e+00 8.5000000000e+00
4.1952321640e-04 -1.2000000000e+01 -6.0000000000e+00 8.5000000000e+00
5.8453488035e-04 -1.1500000000e+01 -6.0000000000e+00 8.5000000000e+00
8.3687784960e-04 -1.3000000000e+01 -6.0000000000e+00 1.0500000000e+01
2.1157383706e-03 -1.0500000000e+01 -6.0000000000e+00 1.0500000000e+01
7.0434042360e-04 -1.3000000000e+01 -6.0000000000e+00 1.0000000000e+01
2.0911830727e-03 -1.0500000000e+01 -6.0000000000e+00 1.0000000000e+01
2.2895001830e-04 -1.3500000000e+01 -6.0000000000e+00 1.0000000000e+01
4.9687205252e-05 -1.4000000000e+01 -6.0000000000e+00 1.0000000000e+01
1.0932523498e-04 -9.0000000000e+00 -6.0000000000e+00 1.0000000000e+01
4.1003782275e-04 -9.5000000000e+00 -6.0000000000e+00 1.0000000000e+01
5.5643699146e-04 -1.2500000000e+01 -6.0000000000e+00 9.0000000000e+00
1.2956945615e-03 -1.1000000000e+01 -6.0000000000e+00 9.0000000000e+00
2.3382635886e-04 -1.3000000000e+01 -6.0000000000e+00 9.0000000000e+00
7.5465282326e-05 -1.3500000000e+01 -6.0000000000e+00 9.0000000000e+00
6.6749340172e-05 -9.0000000000e+00 -6.0000000000e+00 9.0000000000e+00
2.2716442792e-04 -9.5000000000e+00 -6.0000000000e+00 9.0000000000e+00
5.5253228258e-04 -1.0000000000e+01 -6.0000000000e+00 9.0000000000e+00
9.8915102400e-04 -1.0500000000e+01 -6.0000000000e+00 9.0000000000e+00
2.3554627892e-03 -1.1500000000e+01 -6.0000000000e+00 9.5000000000e+00
2.2475313468e-03 -1.1000000000e+01 -6.0000000000e+00 9.5000000000e+00
1.4774606597e-04 -1.3500000000e+01 -6.0000000000e+00 9.5000000000e+00
5.1475082537e-05 -1.1000000000e+01 -5.5000000000e+00 1.3000000000e+01
6.8858064866e-05 -1.2000000000e+01 -5.5000000000e+00 1.3000000000e+01
5.4848831441e-05 -1.2500000000e+01 -5.5000000000e+00 1.3000000000e+01
6.0701765682e-05 -1.1500000000e+01 -5.5000000000e+00 1.3000000000e+01
2.3367896394e-04 -1.2000000000e+01 -5.5000000000e+00 1.2500000000e+01
4.3718904122e-05 -1.3500000000e+01 -5.5000000000e+00 1.2500000000e+01
1.0640940240e-04 -1.3000000000e+01 -5.5000000000e+00 1.2500000000e+01
9.0569939240e-05 -1.0500000000e+01 -5.5000000000e+00 1.2500000000e+01
1.7962951702e-04 -1.2500000000e+01 -5.5000000000e+00 1.2500000000e+01
1.6281089073e-04 -1.1000000000e+01 -5.5000000000e+00 1.2500000000e+01
2.2009149771e-04 -1.1500000000e+01 -5.5000000000e+00 1.2500000000e+01
5.1805922487e-04 -1.1500000000e+01 -5.5000000000e+00 1.2000000000e+01
5.3082293258e-04 -1.2000000000e+01 -5.5000000000e+00 1.2000000000e+01
4.0577453992e-04 -1.1000000000e+01 -5.5000000000e+00 1.2000000000e+01
8.9807586282e-05 -1.3500000000e+01 -5.5000000000e+00 1.2000000000e+01
9.7147341995e-05 -1.0000000000e+01 -5.5000000000e+00 1.2000000000e+01
2.1430560305e-04 -1.3000000000e+01 -5.5000000000e+00 1.2000000000e+01
2.3147298485e-04 -1.0500000000e+01 -5.5000000000e+00 1.2000000000e+01
3.8597096680e-04 -1.2500000000e+01 -5.5000000000e+00 1.2000000000e+01
9.7648667049e-05 -9.0000000000e+00 -6.0000000000e+00 9.5000000000e+00
9.5256696413e-04 -1.1500000000e+01 -5.5000000000e+00 1.1500000000e+01
7.8068494730e-04 -1.1000000000e+01 -5.5000000000e+00 1.1500000000e+01
6.5788354758e-05 -9.5000000000e+00 -5.5000000000e+00 1.1500000000e+01
1.3924847628e-04 -1.3500000000e+01 -5.5000000000e+00 1.1500000000e+01
2.0481993107e-04 -1.0000000000e+01 -5.5000000000e+00 1.1500000000e+01
3.4861069867e-04 -1.3000000000e+01 -5.5000000000e+00 1.1500000000e+01
4.6596141662e-04 -1.0500000000e+01 -5.5000000000e+00 1.1500000000e+01
6.5296709564e-04 -1.2500000000e+01 -5.5000000000e+00 1.1500000000e+01
9.3516315351e-04 -1.2000000000e+01 -5.5000000000e+00 1.1500000000e+01
5.0442654652e-05 -1.2000000000e+01 -5.5000000000e+00 8.0000000000e+00
6.6453938259e-05 -1.1500000000e+01 -5.5000000000e+00 8.0000000000e+00
6.5103596479e-05 -1.1000000000e+01 -5.5000000000e+00 8.0000000000e+00
5.1976563886e-05 -1.0500000000e+01 -5.5000000000e+00 8.0000000000e+00
4.6102388039e-05 -1.4000000000e+01 -5.5000000000e+00 1.1000000000e+01
1.1317200799e-04 -9.5000000000e+00 -5.5000000000e+00 1.1000000000e+01
1.6735567715e-04 -1.3500000000e+01 -5.5000000000e+00 1.1000000000e+01
3.3622450396e-04 -1.0000000000e+01 -5.5000000000e+00 1.1000000000e+01
4.3827908131e-04 -1.3000000000e+01 -5.5000000000e+00 1.1000000000e+01
7.2821640635e-04 -1.0500000000e+01 -5.5000000000e+00 1.1000000000e+01
1.5471178624e-03 -1.1500000000e+01 -5.5000000000e+00 1.0500000000e+01
1.3577706444e-03 -1.2000000000e+01 -5.5000000000e+00 1.0500000000e+01
1.3531724378e-03 -1.1000000000e+01 -5.5000000000e+00 1.0500000000e+01
4.3276876847e-05 -1.4000000000e+01 -5.5000000000e+00 1.0500000000e+01
1.6511903260e-04 -1.2000000000e+01 -5.5000000000e+00 8.5000000000e+00
2.1590192127e-04 -1.1500000000e+01 -5.5000000000e+00 8.5000000000e+00
9.5252857930e-05 -1.2500000000e+01 -5.5000000000e+00 8.5000000000e+00
2.0895754319e-04 -1.1000000000e+01 -5.5000000000e+00 8.5000000000e+00
4.1247089000e-05 -1.3000000000e+01 -5.5000000000e+00 8.5000000000e+00
8.7114544631e-05 -1.0000000000e+01 -5.5000000000e+00 8.5000000000e+00
1.5690662412e-04 -1.0500000000e+01 -5.5000000000e+00 8.5000000000e+00
1.5226694283e-04 -9.5000000000e+00 -5.5000000000e+00 1.0500000000e+01
1.6370927771e-04 -1.3500000000e+01 -5.5000000000e+00 1.0500000000e+01
4.2766812737e-04 -1.0000000000e+01 -5.5000000000e+00 1.0500000000e+01
4.4081063428e-04 -1.3000000000e+01 -5.5000000000e+00 1.0500000000e+01
8.8181343164e-04 -1.0500000000e+01 -5.5000000000e+00 1.0500000000e+01
8.9056689930e-04 -1.2500000000e+01 -5.5000000000e+00 1.0500000000e+01
1.1695947497e-03 -1.2000000000e+01 -5.5000000000e+00 1.0000000000e+01
4.1204773146e-05 -1.4000000000e+01 -5.5000000000e+00 1.0000000000e+01
4.0682664148e-05 -9.0000000000e+00 -5.5000000000e+00 1.0000000000e+01
1.5713487518e-04 -9.5000000000e+00 -5.5000000000e+00 1.0000000000e+01
1.2776751801e-04 -1.3500000000e+01 -5.5000000000e+00 1.0000000000e+01
5.1540486050e-04 -1.1500000000e+01 -5.5000000000e+00 9.0000000000e+00
4.8772416143e-04 -1.1000000000e+01 -5.5000000000e+00 9.0000000000e+00
1.1256941443e-04 -1.3000000000e+01 -5.5000000000e+00 9.0000000000e+00
7.7669007718e-05 -9.5000000000e+00 -5.5000000000e+00 9.0000000000e+00
1.9353592188e-04 -1.0000000000e+01 -5.5000000000e+00 9.0000000000e+00
3.5358535689e-04 -1.0500000000e+01 -5.5000000000e+00 9.0000000000e+00
2.4537359168e-04 -1.2500000000e+01 -5.5000000000e+00 9.0000000000e+00
4.0646384484e-04 -1.2000000000e+01 -5.5000000000e+00 9.0000000000e+00
4.2274706434e-04 -1.0000000000e+01 -5.5000000000e+00 1.0000000000e+01
3.5620109758e-04 -1.3000000000e+01 -5.5000000000e+00 1.0000000000e+01
8.3694558460e-04 -1.0500000000e+01 -5.5000000000e+00 1.0000000000e+01
7.4440129348e-04 -1.2500000000e+01 -5.5000000000e+00 1.0000000000e+01
1.2411725357e-03 -1.1000000000e+01 -5.5000000000e+00 1.0000000000e+01
1.3831383954e-03 -1.1500000000e+01 -5.5000000000e+00 1.0000000000e+01
7.8317851221e-04 -1.2000000000e+01 -5.5000000000e+00 9.5000000000e+00
9.6063650164e-04 -1.1500000000e+01 -5.5000000000e+00 9.5000000000e+00
4.8521413467e-04 -1.2500000000e+01 -5.5000000000e+00 9.5000000000e+00
2.2643760013e-04 -1.3000000000e+01 -5.5000000000e+00 9.5000000000e+00
7.5979117032e-05 -1.3500000000e+01 -5.5000000000e+00 9.5000000000e+00
4.9681456296e-05 -1.3000000000e+01 -5.0000000000e+00 1.2500000000e+01
7.7899777555e-05 -1.2500000000e+01 -5.0000000000e+00 1.2500000000e+01
5.8279409504e-05 -1.1000000000e+01 -5.0000000000e+00 1.2500000000e+01
9.8027869795e-05 -1.2000000000e+01 -5.0000000000e+00 1.2500000000e+01
8.7038142890e-05 -1.1500000000e+01 -5.0000000000e+00 1.2500000000e+01
1.3518967809e-04 -1.1000000000e+01 -5.0000000000e+00 1.2000000000e+01
2.0213191972e-04 -1.2000000000e+01 -5.0000000000e+00 1.2000000000e+01
4.6105357247e-05 -1.3500000000e+01 -5.0000000000e+00 1.2000000000e+01
9.3100293432e-05 -1.3000000000e+01 -5.0000000000e+00 1.2000000000e+01
7.3593655033e-05 -1.0500000000e+01 -5.0000000000e+00 1.2000000000e+01
1.5720229885e-04 -1.2500000000e+01 -5.0000000000e+00 1.2000000000e+01
1.8823873388e-04 -1.1500000000e+01 -5.0000000000e+00 1.2000000000e+01
3.3438078202e-04 -1.2000000000e+01 -5.0000000000e+00 1.1500000000e+01
3.2340992547e-04 -1.1500000000e+01 -5.0000000000e+00 1.1500000000e+01
6.1826598672e-05 -1.3500000000e+01 -5.0000000000e+00 1.1500000000e+01
5.5748290318e-05 -1.0000000000e+01 -5.0000000000e+00 1.1500000000e+01
1.4572810016e-04 -1.3000000000e+01 -5.0000000000e+00 1.1500000000e+01
1.3504235482e-04 -1.0500000000e+01 -5.0000000000e+00 1.1500000000e+01
7.0892656134e-05 -1.3500000000e+01 -5.0000000000e+00 1.1000000000e+01
8.3749371419e-05 -1.0000000000e+01 -5.0000000000e+00 1.1000000000e+01
1.7446839227e-04 -1.3000000000e+01 -5.0000000000e+00 1.1000000000e+01
1.9705519172e-04 -1.0500000000e+01 -5.0000000000e+00 1.1000000000e+01
3.1577287756e-04 -1.2500000000e+01 -5.0000000000e+00 1.1000000000e+01
3.3437111524e-04 -1.1000000000e+01 -5.0000000000e+00 1.1000000000e+01
4.3159033931e-04 -1.2000000000e+01 -5.0000000000e+00 1.1000000000e+01
4.2457034906e-04 -1.1500000000e+01 -5.0000000000e+00 1.1000000000e+01
4.2576301821e-04 -1.2000000000e+01 -5.0000000000e+00 1.0500000000e+01
4.3451856593e-04 -1.1500000000e+01 -5.0000000000e+00 1.0500000000e+01
3.0612427789e-04 -1.2500000000e+01 -5.0000000000e+00 1.0500000000e+01
1.6404443796e-04 -1.3000000000e+01 -5.0000000000e+00 1.0500000000e+01
7.2971636063e-05 -1.3500000000e+01 -5.0000000000e+00 1.0500000000e+01
2.9568822180e-04 -1.1000000000e+01 -5.0000000000e+00 1.0000000000e+01
2.2763578599e-04 -1.2500000000e+01 -5.0000000000e+00 1.0000000000e+01
3.2908832194e-04 -1.2000000000e+01 -5.0000000000e+00 1.0000000000e+01
3.4525499159e-04 -1.1500000000e+01 -5.0000000000e+00 1.0000000000e+01
4.5917905077e-05 -1.3500000000e+01 -5.0000000000e+00 1.0000000000e+01
8.6693127659e-05 -1.0000000000e+01 -5.0000000000e+00 1.0000000000e+01
1.2287894831e-04 -1.3000000000e+01 -5.0000000000e+00 1.0000000000e+01
8.5595852206e-05 -1.2000000000e+01 -5.0000000000e+00 9.0000000000e+00
9.1719365650e-05 -1.1500000000e+01 -5.0000000000e+00 9.0000000000e+00
5.4930219988e-05 -1.2500000000e+01 -5.0000000000e+00 9.0000000000e+00
5.7219346018e-05 -1.0500000000e+01 -5.0000000000e+00 9.0000000000e+00
8.2284394647e-05 -1.1000000000e+01 -5.0000000000e+00 9.0000000000e+00
1.3033080441e-04 -1.2500000000e+01 -5.0000000000e+00 9.5000000000e+00
7.0691854187e-05 -1.3000000000e+01 -5.0000000000e+00 9.5000000000e+00
5.3260948852e-05 -1.1500000000e+01 -4.5000000000e+00 1.1500000000e+01
4.3713847297e-05 -1.2000000000e+01 -4.5000000000e+00 1.2000000000e+01
5.5646693148e-05 -1.2500000000e+01 -4.5000000000e+00 1.1500000000e+01
6.6630713776e-05 -1.2000000000e+01 -4.5000000000e+00 1.1500000000e+01
5.6872006586e-05 -1.2500000000e+01 -4.5000000000e+00 1.1000000000e+01
4.4718209670e-05 -1.2500000000e+01 -4.5000000000e+00 1.0500000000e+01
4.3513693224e-05 -1.1500000000e+01 -4.5000000000e+00 1.0000000000e+01
4.8283650017e-05 -1.1000000000e+01 -4.5000000000e+00 1.0500000000e+01
6.4327558924e-05 -1.2000000000e+01 -4.5000000000e+00 1.0500000000e+01
6.2493791108e-05 -1.1500000000e+01 -4.5000000000e+00 1.0500000000e+01
4.9883586205e-05 -1.1000000000e+01 -4.5000000000e+00 1.1000000000e+01
7.3386116907e-05 -1.2000000000e+01 -4.5000000000e+00 1.1000000000e+01
6.8614410090e-05 -1.1500000000e+01 -4.5000000000e+00 1.1000000000e+01
5.9188043159e-05 -1.0000000000e+01 -5.0000000000e+00 9.5000000000e+00
1.1979814660e-04 -1.0500000000e+01 -5.0000000000e+00 9.5000000000e+00
1.8192296506e-04 -1.1000000000e+01 -5.0000000000e+00 9.5000000000e+00
1.8783237744e-04 -1.2000000000e+01 -5.0000000000e+00 9.5000000000e+00
2.0934201169e-04 -1.1500000000e+01 -5.0000000000e+00 9.5000000000e+00
1.8689541397e-04 -1.0500000000e+01 -5.0000000000e+00 1.0000000000e+01
9.8912916567e-05 -1.0000000000e+01 -5.0000000000e+00 1.0500000000e+01
2.1954808614e-04 -1.0500000000e+01 -5.0000000000e+00 1.0500000000e+01
3.5542367698e-04 -1.1000000000e+01 -5.0000000000e+00 1.0500000000e+01
2.5377747920e-04 -1.2500000000e+01 -5.0000000000e+00 1.1500000000e+01
2.4578735340e-04 -1.1000000000e+01 -5.0000000000e+00 1.1500000000e+01
1.2648755794e-04 -9.5000000000e+00 -5.5000000000e+00 9.5000000000e+00
3.2637681321e-04 -1.0000000000e+01 -5.5000000000e+00 9.5000000000e+00
6.2016440345e-04 -1.0500000000e+01 -5.5000000000e+00 9.5000000000e+00
8.8733977069e-04 -1.1000000000e+01 -5.5000000000e+00 9.5000000000e+00
8.5975512862e-04 -1.2500000000e+01 -5.5000000000e+00 1.1000000000e+01
1.1717354620e-03 -1.1000000000e+01 -5.5000000000e+00 1.1000000000e+01
1.2767075415e-03 -1.2000000000e+01 -5.5000000000e+00 1.1000000000e+01
1.3820451110e-03 -1.1500000000e+01 -5.5000000000e+00 1.1000000000e+01
3.5013251280e-04 -9.5000000000e+00 -6.0000000000e+00 9.5000000000e+00
8.8679048982e-04 -1.0000000000e+01 -6.0000000000e+00 9.5000000000e+00
4.5870667223e-04 -1.3000000000e+01 -6.0000000000e+00 9.5000000000e+00
1.6441429138e-03 -1.0500000000e+01 -6.0000000000e+00 9.5000000000e+00
1.0607845927e-03 -1.2500000000e+01 -6.0000000000e+00 9.5000000000e+00
1.8173354461e-03 -1.2000000000e+01 -6.0000000000e+00 9.5000000000e+00
9.8523711590e-04 -1.2000000000e+01 -6.0000000000e+00 9.0000000000e+00
1.3242494570e-03 -1.1500000000e+01 -6.0000000000e+00 9.0000000000e+00
1.0833343002e-03 -1.0000000000e+01 -6.0000000000e+00 1.0000000000e+01
1.5680583713e-03 -1.2500000000e+01 -6.0000000000e+00 1.0000000000e+01
2.9918277327e-03 -1.1000000000e+01 -6.0000000000e+00 1.0000000000e+01
2.5938388033e-03 -1.2000000000e+01 -6.0000000000e+00 1.0000000000e+01
3.2300535293e-03 -1.1500000000e+01 -6.0000000000e+00 1.0000000000e+01
1.7949588346e-03 -1.2500000000e+01 -6.0000000000e+00 1.0500000000e+01
3.1227974485e-03 -1.1000000000e+01 -6.0000000000e+00 1.0500000000e+01
2.8719598037e-03 -1.2000000000e+01 -6.0000000000e+00 1.0500000000e+01
3.4520236176e-03 -1.1500000000e+01 -6.0000000000e+00 1.0500000000e+01
2.6430601933e-03 -1.1000000000e+01 -6.0000000000e+00 1.1000000000e+01
1.9162124647e-04 -9.0000000000e+00 -6.5000000000e+00 9.5000000000e+00
6.7636150844e-04 -9.5000000000e+00 -6.5000000000e+00 9.5000000000e+00
1.6852819975e-03 -1.0000000000e+01 -6.5000000000e+00 9.5000000000e+00
3.0550885854e-03 -1.0500000000e+01 -6.5000000000e+00 9.5000000000e+00
4.0175560394e-03 -1.1000000000e+01 -6.5000000000e+00 9.5000000000e+00
4.1073667710e-03 -1.1500000000e+01 -6.5000000000e+00 9.5000000000e+00
2.3513363910e-03 -1.1000000000e+01 -6.5000000000e+00 9.0000000000e+00
2.3385632732e-03 -1.1500000000e+01 -6.5000000000e+00 9.0000000000e+00
1.0852220087e-03 -1.1000000000e+01 -6.5000000000e+00 8.5000000000e+00
3.7438579830e-03 -1.0500000000e+01 -6.5000000000e+00 1.0500000000e+01
5.3245243812e-03 -1.1000000000e+01 -6.5000000000e+00 1.0500000000e+01
