inf
1.1962773791e-03 -1.1500000000e+01 -1.0000000000e+01 9.5000000000e+00
6.3939091971e-04 -1.1500000000e+01 -1.0000000000e+01 9.0000000000e+00
1.6753648829e-04 -1.1500000000e+01 -1.0500000000e+01 9.0000000000e+00
3.4650982183e-04 -1.1500000000e+01 -1.0500000000e+01 9.5000000000e+00
4.0390105005e-04 -1.2000000000e+01 -1.0000000000e+01 9.0000000000e+00
1.5013064961e-03 -1.1500000000e+01 -1.0000000000e+01 1.0000000000e+01
4.6894532563e-04 -1.1500000000e+01 -1.0500000000e+01 1.0000000000e+01
7.9587122180e-04 -1.2000000000e+01 -1.0000000000e+01 9.5000000000e+00
3.3870037271e-03 -1.1500000000e+01 -9.5000000000e+00 1.0000000000e+01
3.3540047474e-03 -1.1000000000e+01 -9.5000000000e+00 1.0000000000e+01
1.5290954158e-03 -1.1000000000e+01 -1.0000000000e+01 1.0000000000e+01
5.0570656752e-04 -1.1000000000e+01 -1.0500000000e+01 1.0000000000e+01
1.5798197192e-03 -1.1500000000e+01 -9.5000000000e+00 9.0000000000e+00
2.5186337221e-03 -1.2000000000e+01 -9.5000000000e+00 1.0000000000e+01
1.7088164939e-03 -1.1000000000e+01 -9.5000000000e+00 9.0000000000e+00
7.3282092053e-04 -1.1000000000e+01 -1.0000000000e+01 9.0000000000e+00
2.1509396035e-04 -1.1000000000e+01 -1.0500000000e+01 9.0000000000e+00
2.7942856812e-03 -1.1500000000e+01 -9.5000000000e+00 9.5000000000e+00
2.9124616130e-03 -1.1000000000e+01 -9.5000000000e+00 9.5000000000e+00
1.3058736868e-03 -1.1000000000e+01 -1.0000000000e+01 9.5000000000e+00
4.1475946207e-04 -1.1000000000e+01 -1.0500000000e+01 9.5000000000e+00
2.8705001315e-04 -1.1500000000e+01 -1.0000000000e+01 8.5000000000e+00
6.8209724915e-05 -1.1500000000e+01 -1.0500000000e+01 8.5000000000e+00
1.9496797863e-03 -1.2000000000e+01 -9.5000000000e+00 9.5000000000e+00
1.0595999827e-03 -1.2000000000e+01 -9.5000000000e+00 9.0000000000e+00
1.0798643925e-03 -1.2000000000e+01 -1.0000000000e+01 1.0000000000e+01
3.1730583149e-04 -1.2000000000e+01 -1.0500000000e+01 1.0000000000e+01
2.0899424675e-04 -1.2000000000e+01 -1.0500000000e+01 9.5000000000e+00
9.3083807532e-05 -1.2000000000e+01 -1.0500000000e+01 9.0000000000e+00
7.4152126688e-04 -1.1500000000e+01 -9.5000000000e+00 8.5000000000e+00
8.3696129306e-04 -1.1000000000e+01 -9.5000000000e+00 8.5000000000e+00
3.4857479552e-04 -1.1000000000e+01 -1.0000000000e+01 8.5000000000e+00
9.6356011323e-05 -1.1000000000e+01 -1.0500000000e+01 8.5000000000e+00
4.7345251754e-04 -1.2000000000e+01 -9.5000000000e+00 8.5000000000e+00
1.6941210764e-04 -1.2000000000e+01 -1.0000000000e+01 8.5000000000e+00
2.2226373808e-04 -1.2500000000e+01 -9.5000000000e+00 8.5000000000e+00
9.5342320316e-05 -1.1500000000e+01 -1.1000000000e+01 1.0000000000e+01
1.0979829098e-04 -1.1000000000e+01 -1.1000000000e+01 1.0000000000e+01
6.0702671414e-05 -1.2000000000e+01 -1.1000000000e+01 1.0000000000e+01
6.9023815992e-05 -1.2500000000e+01 -1.0000000000e+01 8.5000000000e+00
1.4035724540e-03 -1.2500000000e+01 -9.5000000000e+00 1.0000000000e+01
4.0393840847e-05 -1.1000000000e+01 -1.1000000000e+01 9.0000000000e+00
5.7671480468e-04 -1.2500000000e+01 -1.0000000000e+01 1.0000000000e+01
1.5606346618e-04 -1.2500000000e+01 -1.0500000000e+01 1.0000000000e+01
5.2836762351e-04 -1.2500000000e+01 -9.5000000000e+00 9.0000000000e+00
6.3567950355e-05 -1.1500000000e+01 -1.1000000000e+01 9.5000000000e+00
8.3651479126e-05 -1.1000000000e+01 -1.1000000000e+01 9.5000000000e+00
1.8499583225e-04 -1.2500000000e+01 -1.0000000000e+01 9.0000000000e+00
1.0170716094e-03 -1.2500000000e+01 -9.5000000000e+00 9.5000000000e+00
1.4404217501e-03 -1.1500000000e+01 -1.0000000000e+01 1.0500000000e+01
4.4810023995e-04 -1.1500000000e+01 -1.0500000000e+01 1.0500000000e+01
3.2532631911e-03 -1.1500000000e+01 -9.5000000000e+00 1.0500000000e+01
3.1970180484e-03 -1.1000000000e+01 -9.5000000000e+00 1.0500000000e+01
1.4573841319e-03 -1.1000000000e+01 -1.0000000000e+01 1.0500000000e+01
4.7953396588e-04 -1.1000000000e+01 -1.0500000000e+01 1.0500000000e+01
9.1951379588e-05 -1.1500000000e+01 -1.1000000000e+01 1.0500000000e+01
2.4470200797e-03 -1.2000000000e+01 -9.5000000000e+00 1.0500000000e+01
1.0488142130e-03 -1.2000000000e+01 -1.0000000000e+01 1.0500000000e+01
3.0875253195e-04 -1.2000000000e+01 -1.0500000000e+01 1.0500000000e+01
1.0371224198e-04 -1.1000000000e+01 -1.1000000000e+01 1.0500000000e+01
6.0712614045e-05 -1.2000000000e+01 -1.1000000000e+01 1.0500000000e+01
3.8955442452e-04 -1.2500000000e+01 -1.0000000000e+01 9.5000000000e+00
8.9113496953e-05 -1.2500000000e+01 -1.0500000000e+01 9.5000000000e+00
1.3818590790e-03 -1.2500000000e+01 -9.5000000000e+00 1.0500000000e+01
5.6280658428e-03 -1.1500000000e+01 -9.0000000000e+00 1.0500000000e+01
5.3822313035e-03 -1.1000000000e+01 -9.0000000000e+00 1.0500000000e+01
4.3594548734e-03 -1.2000000000e+01 -9.0000000000e+00 1.0500000000e+01
3.9117574229e-03 -1.0500000000e+01 -9.0000000000e+00 1.0500000000e+01
2.3877866585e-03 -1.0500000000e+01 -9.5000000000e+00 1.0500000000e+01
1.1176564315e-03 -1.0500000000e+01 -1.0000000000e+01 1.0500000000e+01
3.8388090438e-04 -1.0500000000e+01 -1.0500000000e+01 1.0500000000e+01
8.6299701804e-05 -1.0500000000e+01 -1.1000000000e+01 1.0500000000e+01
1.3639332052e-03 -1.1500000000e+01 -9.0000000000e+00 8.5000000000e+00
1.4649737951e-03 -1.1000000000e+01 -9.0000000000e+00 8.5000000000e+00
9.1567427449e-04 -1.2000000000e+01 -9.0000000000e+00 8.5000000000e+00
2.5404499159e-03 -1.2500000000e+01 -9.0000000000e+00 1.0500000000e+01
1.2227842614e-03 -1.0500000000e+01 -9.0000000000e+00 8.5000000000e+00
7.2152480393e-04 -1.0500000000e+01 -9.5000000000e+00 8.5000000000e+00
3.1397196483e-04 -1.0500000000e+01 -1.0000000000e+01 8.5000000000e+00
9.4972264345e-05 -1.0500000000e+01 -1.0500000000e+01 8.5000000000e+00
5.8442116447e-03 -1.1500000000e+01 -9.0000000000e+00 1.0000000000e+01
5.6477189566e-03 -1.1000000000e+01 -9.0000000000e+00 1.0000000000e+01
4.4708291537e-03 -1.2000000000e+01 -9.0000000000e+00 1.0000000000e+01
4.1611530284e-03 -1.0500000000e+01 -9.0000000000e+00 1.0000000000e+01
2.5348322250e-03 -1.0500000000e+01 -9.5000000000e+00 1.0000000000e+01
1.1824280614e-03 -1.0500000000e+01 -1.0000000000e+01 1.0000000000e+01
4.0577454179e-04 -1.0500000000e+01 -1.0500000000e+01 1.0000000000e+01
9.1587858364e-05 -1.0500000000e+01 -1.1000000000e+01 1.0000000000e+01
2.8462657974e-03 -1.1500000000e+01 -9.0000000000e+00 9.0000000000e+00
2.9533470698e-03 -1.1000000000e+01 -9.0000000000e+00 9.0000000000e+00
1.9916977825e-03 -1.2000000000e+01 -9.0000000000e+00 9.0000000000e+00
2.5745977842e-03 -1.2500000000e+01 -9.0000000000e+00 1.0000000000e+01
2.3773315596e-03 -1.0500000000e+01 -9.0000000000e+00 9.0000000000e+00
1.4195381457e-03 -1.0500000000e+01 -9.5000000000e+00 9.0000000000e+00
6.3162520835e-04 -1.0500000000e+01 -1.0000000000e+01 9.0000000000e+00
1.9896444865e-04 -1.0500000000e+01 -1.0500000000e+01 9.0000000000e+00
4.0292513680e-05 -1.0500000000e+01 -1.1000000000e+01 9.0000000000e+00
4.8462760930e-03 -1.1500000000e+01 -9.0000000000e+00 9.5000000000e+00
4.8784174144e-03 -1.1000000000e+01 -9.0000000000e+00 9.5000000000e+00
3.5203845699e-03 -1.2000000000e+01 -9.0000000000e+00 9.5000000000e+00
3.7824970974e-03 -1.0500000000e+01 -9.0000000000e+00 9.5000000000e+00
2.3245965929e-03 -1.0500000000e+01 -9.5000000000e+00 9.5000000000e+00
1.0761209483e-03 -1.0500000000e+01 -1.0000000000e+01 9.5000000000e+00
3.6280312342e-04 -1.0500000000e+01 -1.0500000000e+01 9.5000000000e+00
7.9108465359e-05 -1.0500000000e+01 -1.1000000000e+01 9.5000000000e+00
8.1001607513e-05 -1.1500000000e+01 -1.0000000000e+01 8.0000000000e+00
2.4074628932e-04 -1.1500000000e+01 -9.5000000000e+00 8.0000000000e+00
2.9460298728e-04 -1.1000000000e+01 -9.5000000000e+00 8.0000000000e+00
1.1242735421e-04 -1.1000000000e+01 -1.0000000000e+01 8.0000000000e+00
1.3951869675e-04 -1.2000000000e+01 -9.5000000000e+00 8.0000000000e+00
1.9231612650e-03 -1.2500000000e+01 -9.0000000000e+00 9.5000000000e+00
1.0466584716e-03 -1.2500000000e+01 -9.0000000000e+00 9.0000000000e+00
4.5927846920e-04 -1.2500000000e+01 -9.0000000000e+00 8.5000000000e+00
5.6900763450e-04 -1.2500000000e+01 -1.0000000000e+01 1.0500000000e+01
1.5557535290e-04 -1.2500000000e+01 -1.0500000000e+01 1.0500000000e+01
5.7266972752e-05 -1.2500000000e+01 -9.5000000000e+00 8.0000000000e+00
4.7293727958e-04 -1.1500000000e+01 -9.0000000000e+00 8.0000000000e+00
5.3860299589e-04 -1.1000000000e+01 -9.0000000000e+00 8.0000000000e+00
2.9628900947e-04 -1.2000000000e+01 -9.0000000000e+00 8.0000000000e+00
4.7174251776e-04 -1.0500000000e+01 -9.0000000000e+00 8.0000000000e+00
2.6959535848e-04 -1.0500000000e+01 -9.5000000000e+00 8.0000000000e+00
1.1058892103e-04 -1.0500000000e+01 -1.0000000000e+01 8.0000000000e+00
1.3636724402e-04 -1.2500000000e+01 -9.0000000000e+00 8.0000000000e+00
4.4268648318e-05 -1.3000000000e+01 -9.0000000000e+00 8.0000000000e+00
1.1026058723e-03 -1.3000000000e+01 -9.0000000000e+00 1.0500000000e+01
5.7809446306e-04 -1.3000000000e+01 -9.5000000000e+00 1.0500000000e+01
2.2663509477e-04 -1.3000000000e+01 -1.0000000000e+01 1.0500000000e+01
5.6213861780e-05 -1.3000000000e+01 -1.0500000000e+01 1.0500000000e+01
1.6752705749e-04 -1.3000000000e+01 -9.0000000000e+00 8.5000000000e+00
7.3736346556e-05 -1.3000000000e+01 -9.5000000000e+00 8.5000000000e+00
1.1034459197e-03 -1.3000000000e+01 -9.0000000000e+00 1.0000000000e+01
5.7860537346e-04 -1.3000000000e+01 -9.5000000000e+00 1.0000000000e+01
2.2555266374e-04 -1.3000000000e+01 -1.0000000000e+01 1.0000000000e+01
5.4528555523e-05 -1.3000000000e+01 -1.0500000000e+01 1.0000000000e+01
4.0448584445e-04 -1.3000000000e+01 -9.0000000000e+00 9.0000000000e+00
1.9086092690e-04 -1.3000000000e+01 -9.5000000000e+00 9.0000000000e+00
5.8446692622e-05 -1.3000000000e+01 -1.0000000000e+01 9.0000000000e+00
7.7806962887e-04 -1.3000000000e+01 -9.0000000000e+00 9.5000000000e+00
3.9046808603e-04 -1.3000000000e+01 -9.5000000000e+00 9.5000000000e+00
1.2097266841e-03 -1.1500000000e+01 -1.0000000000e+01 1.1000000000e+01
3.8779628591e-04 -1.1500000000e+01 -1.0500000000e+01 1.1000000000e+01
2.6630699809e-03 -1.1500000000e+01 -9.5000000000e+00 1.1000000000e+01
2.5231536973e-03 -1.1000000000e+01 -9.5000000000e+00 1.1000000000e+01
1.1787183570e-03 -1.1000000000e+01 -1.0000000000e+01 1.1000000000e+01
4.0053959168e-04 -1.1000000000e+01 -1.0500000000e+01 1.1000000000e+01
7.9606281355e-05 -1.1500000000e+01 -1.1000000000e+01 1.1000000000e+01
2.0788060252e-03 -1.2000000000e+01 -9.5000000000e+00 1.1000000000e+01
9.1205937733e-04 -1.2000000000e+01 -1.0000000000e+01 1.1000000000e+01
2.7403058957e-04 -1.2000000000e+01 -1.0500000000e+01 1.1000000000e+01
8.7697334759e-05 -1.1000000000e+01 -1.1000000000e+01 1.1000000000e+01
5.3394241022e-05 -1.2000000000e+01 -1.1000000000e+01 1.1000000000e+01
1.2132999287e-03 -1.2500000000e+01 -9.5000000000e+00 1.1000000000e+01
4.5290001270e-03 -1.1500000000e+01 -9.0000000000e+00 1.1000000000e+01
4.1847486803e-03 -1.1000000000e+01 -9.0000000000e+00 1.1000000000e+01
3.6520426077e-03 -1.2000000000e+01 -9.0000000000e+00 1.1000000000e+01
2.9016477306e-03 -1.0500000000e+01 -9.0000000000e+00 1.1000000000e+01
1.7925188232e-03 -1.0500000000e+01 -9.5000000000e+00 1.1000000000e+01
8.5903908153e-04 -1.0500000000e+01 -1.0000000000e+01 1.1000000000e+01
3.0583333659e-04 -1.0500000000e+01 -1.0500000000e+01 1.1000000000e+01
7.0471653563e-05 -1.0500000000e+01 -1.1000000000e+01 1.1000000000e+01
2.2032462307e-03 -1.2500000000e+01 -9.0000000000e+00 1.1000000000e+01
5.0998146142e-04 -1.2500000000e+01 -1.0000000000e+01 1.1000000000e+01
1.4174127568e-04 -1.2500000000e+01 -1.0500000000e+01 1.1000000000e+01
1.3694666544e-04 -1.3000000000e+01 -1.0000000000e+01 9.5000000000e+00
9.8968894350e-04 -1.3000000000e+01 -9.0000000000e+00 1.1000000000e+01
5.2515838358e-04 -1.3000000000e+01 -9.5000000000e+00 1.1000000000e+01
5.7284708664e-03 -1.1500000000e+01 -8.5000000000e+00 1.1000000000e+01
5.1569344117e-03 -1.1000000000e+01 -8.5000000000e+00 1.1000000000e+01
4.7686523822e-03 -1.2000000000e+01 -8.5000000000e+00 1.1000000000e+01
3.4798595025e-03 -1.0500000000e+01 -8.5000000000e+00 1.1000000000e+01
2.9895135326e-03 -1.2500000000e+01 -8.5000000000e+00 1.1000000000e+01
1.7495030570e-03 -1.0000000000e+01 -8.5000000000e+00 1.1000000000e+01
1.4944262254e-03 -1.0000000000e+01 -9.0000000000e+00 1.1000000000e+01
9.4471613758e-04 -1.0000000000e+01 -9.5000000000e+00 1.1000000000e+01
4.6399537575e-04 -1.0000000000e+01 -1.0000000000e+01 1.1000000000e+01
1.7125988832e-04 -1.0000000000e+01 -1.0500000000e+01 1.1000000000e+01
4.1218483479e-05 -1.0000000000e+01 -1.1000000000e+01 1.1000000000e+01
6.5232666008e-04 -1.1500000000e+01 -8.5000000000e+00 8.0000000000e+00
7.0734606518e-04 -1.1000000000e+01 -8.5000000000e+00 8.0000000000e+00
4.3095828175e-04 -1.2000000000e+01 -8.5000000000e+00 8.0000000000e+00
6.0010538385e-04 -1.0500000000e+01 -8.5000000000e+00 8.0000000000e+00
2.1353623158e-04 -1.2500000000e+01 -8.5000000000e+00 8.0000000000e+00
1.4037612444e-03 -1.3000000000e+01 -8.5000000000e+00 1.1000000000e+01
3.6838442044e-04 -1.0000000000e+01 -8.5000000000e+00 8.0000000000e+00
2.9936268291e-04 -1.0000000000e+01 -9.0000000000e+00 8.0000000000e+00
1.7955170583e-04 -1.0000000000e+01 -9.5000000000e+00 8.0000000000e+00
7.8870192545e-05 -1.0000000000e+01 -1.0000000000e+01 8.0000000000e+00
7.1626706390e-03 -1.1500000000e+01 -8.5000000000e+00 1.0500000000e+01
6.6852598941e-03 -1.1000000000e+01 -8.5000000000e+00 1.0500000000e+01
5.7238544654e-03 -1.2000000000e+01 -8.5000000000e+00 1.0500000000e+01
4.7221497539e-03 -1.0500000000e+01 -8.5000000000e+00 1.0500000000e+01
3.4541096870e-03 -1.2500000000e+01 -8.5000000000e+00 1.0500000000e+01
2.4767940962e-03 -1.0000000000e+01 -8.5000000000e+00 1.0500000000e+01
2.1036587581e-03 -1.0000000000e+01 -9.0000000000e+00 1.0500000000e+01
1.3192168083e-03 -1.0000000000e+01 -9.5000000000e+00 1.0500000000e+01
6.3592132105e-04 -1.0000000000e+01 -1.0000000000e+01 1.0500000000e+01
2.2759384908e-04 -1.0000000000e+01 -1.0500000000e+01 1.0500000000e+01
5.3239216917e-05 -1.0000000000e+01 -1.1000000000e+01 1.0500000000e+01
1.7992792384e-03 -1.1500000000e+01 -8.5000000000e+00 8.5000000000e+00
1.8638007925e-03 -1.1000000000e+01 -8.5000000000e+00 8.5000000000e+00
1.2541680677e-03 -1.2000000000e+01 -8.5000000000e+00 8.5000000000e+00
1.5158308981e-03 -1.0500000000e+01 -8.5000000000e+00 8.5000000000e+00
6.6071154931e-04 -1.2500000000e+01 -8.5000000000e+00 8.5000000000e+00
1.5631393978e-03 -1.3000000000e+01 -8.5000000000e+00 1.0500000000e+01
8.9631497520e-04 -1.0000000000e+01 -8.5000000000e+00 8.5000000000e+00
7.4235705234e-04 -1.0000000000e+01 -9.0000000000e+00 8.5000000000e+00
4.5524641609e-04 -1.0000000000e+01 -9.5000000000e+00 8.5000000000e+00
2.0789883473e-04 -1.0000000000e+01 -1.0000000000e+01 8.5000000000e+00
6.7587238907e-05 -1.0000000000e+01 -1.0500000000e+01 8.5000000000e+00
7.3873384254e-03 -1.1500000000e+01 -8.5000000000e+00 1.0000000000e+01
6.9832454005e-03 -1.1000000000e+01 -8.5000000000e+00 1.0000000000e+01
5.8131813229e-03 -1.2000000000e+01 -8.5000000000e+00 1.0000000000e+01
5.0286890640e-03 -1.0500000000e+01 -8.5000000000e+00 1.0000000000e+01
3.4594232058e-03 -1.2500000000e+01 -8.5000000000e+00 1.0000000000e+01
2.6970807135e-03 -1.0000000000e+01 -8.5000000000e+00 1.0000000000e+01
2.2787901109e-03 -1.0000000000e+01 -9.0000000000e+00 1.0000000000e+01
1.4241613452e-03 -1.0000000000e+01 -9.5000000000e+00 1.0000000000e+01
6.8220177428e-04 -1.0000000000e+01 -1.0000000000e+01 1.0000000000e+01
2.4262494679e-04 -1.0000000000e+01 -1.0500000000e+01 1.0000000000e+01
5.6773953042e-05 -1.0000000000e+01 -1.1000000000e+01 1.0000000000e+01
3.6940447596e-03 -1.1500000000e+01 -8.5000000000e+00 9.0000000000e+00
3.7158107506e-03 -1.1000000000e+01 -8.5000000000e+00 9.0000000000e+00
2.6783872239e-03 -1.2000000000e+01 -8.5000000000e+00 9.0000000000e+00
2.9128900197e-03 -1.0500000000e+01 -8.5000000000e+00 9.0000000000e+00
1.4668994056e-03 -1.2500000000e+01 -8.5000000000e+00 9.0000000000e+00
1.5433662266e-03 -1.3000000000e+01 -8.5000000000e+00 1.0000000000e+01
1.6703311531e-03 -1.0000000000e+01 -8.5000000000e+00 9.0000000000e+00
1.3968258965e-03 -1.0000000000e+01 -9.0000000000e+00 9.0000000000e+00
8.6378542794e-04 -1.0000000000e+01 -9.5000000000e+00 9.0000000000e+00
4.0089751404e-04 -1.0000000000e+01 -1.0000000000e+01 9.0000000000e+00
1.3427696571e-04 -1.0000000000e+01 -1.0500000000e+01 9.0000000000e+00
6.1171499283e-03 -1.1500000000e+01 -8.5000000000e+00 9.5000000000e+00
5.9911979648e-03 -1.1000000000e+01 -8.5000000000e+00 9.5000000000e+00
4.5977549701e-03 -1.2000000000e+01 -8.5000000000e+00 9.5000000000e+00
4.5249445168e-03 -1.0500000000e+01 -8.5000000000e+00 9.5000000000e+00
2.6147359775e-03 -1.2500000000e+01 -8.5000000000e+00 9.5000000000e+00
2.5104409163e-03 -1.0000000000e+01 -8.5000000000e+00 9.5000000000e+00
2.1440822055e-03 -1.0000000000e+01 -9.0000000000e+00 9.5000000000e+00
1.3559367831e-03 -1.0000000000e+01 -9.5000000000e+00 9.5000000000e+00
6.5018045773e-04 -1.0000000000e+01 -1.0000000000e+01 9.5000000000e+00
2.3024876969e-04 -1.0000000000e+01 -1.0500000000e+01 9.5000000000e+00
5.3279475371e-05 -1.0000000000e+01 -1.1000000000e+01 9.5000000000e+00
5.2442678788e-05 -1.1500000000e+01 -9.5000000000e+00 7.5000000000e+00
7.0091653696e-05 -1.1000000000e+01 -9.5000000000e+00 7.5000000000e+00
1.1270458795e-04 -1.1500000000e+01 -9.0000000000e+00 7.5000000000e+00
1.3825285569e-04 -1.1000000000e+01 -9.0000000000e+00 7.5000000000e+00
6.5863477143e-05 -1.2000000000e+01 -9.0000000000e+00 7.5000000000e+00
1.2866760783e-04 -1.0500000000e+01 -9.0000000000e+00 7.5000000000e+00
6.8882867980e-05 -1.0500000000e+01 -9.5000000000e+00 7.5000000000e+00
1.1065160317e-03 -1.3000000000e+01 -8.5000000000e+00 9.5000000000e+00
5.9849190366e-04 -1.3000000000e+01 -8.5000000000e+00 9.0000000000e+00
2.5743942960e-04 -1.3000000000e+01 -8.5000000000e+00 8.5000000000e+00
7.6416702736e-05 -1.3000000000e+01 -8.5000000000e+00 8.0000000000e+00
2.0967358965e-04 -1.3000000000e+01 -1.0000000000e+01 1.1000000000e+01
5.2691261181e-05 -1.3000000000e+01 -1.0500000000e+01 1.1000000000e+01
1.6771112280e-04 -1.1500000000e+01 -8.5000000000e+00 7.5000000000e+00
1.9316857495e-04 -1.1000000000e+01 -8.5000000000e+00 7.5000000000e+00
1.0454216026e-04 -1.2000000000e+01 -8.5000000000e+00 7.5000000000e+00
1.7322959568e-04 -1.0500000000e+01 -8.5000000000e+00 7.5000000000e+00
4.8224140222e-05 -1.2500000000e+01 -8.5000000000e+00 7.5000000000e+00
1.1229143928e-04 -1.0000000000e+01 -8.5000000000e+00 7.5000000000e+00
8.7254104762e-05 -1.0000000000e+01 -9.0000000000e+00 7.5000000000e+00
4.9534804850e-05 -1.0000000000e+01 -9.5000000000e+00 7.5000000000e+00
4.8470458218e-04 -1.3500000000e+01 -8.5000000000e+00 1.1000000000e+01
3.2530129428e-04 -1.3500000000e+01 -9.0000000000e+00 1.1000000000e+01
1.6513507050e-04 -1.3500000000e+01 -9.5000000000e+00 1.1000000000e+01
6.1574925404e-05 -1.3500000000e+01 -1.0000000000e+01 1.1000000000e+01
5.2285528604e-04 -1.3500000000e+01 -8.5000000000e+00 1.0500000000e+01
3.4944951530e-04 -1.3500000000e+01 -9.0000000000e+00 1.0500000000e+01
1.7527631077e-04 -1.3500000000e+01 -9.5000000000e+00 1.0500000000e+01
6.4459873559e-05 -1.3500000000e+01 -1.0000000000e+01 1.0500000000e+01
7.0998860556e-05 -1.3500000000e+01 -8.5000000000e+00 8.5000000000e+00
4.2380034646e-05 -1.3500000000e+01 -9.0000000000e+00 8.5000000000e+00
5.0496265165e-04 -1.3500000000e+01 -8.5000000000e+00 1.0000000000e+01
3.4399146916e-04 -1.3500000000e+01 -9.0000000000e+00 1.0000000000e+01
1.7198841102e-04 -1.3500000000e+01 -9.5000000000e+00 1.0000000000e+01
6.2281526177e-05 -1.3500000000e+01 -1.0000000000e+01 1.0000000000e+01
1.7623393826e-04 -1.3500000000e+01 -8.5000000000e+00 9.0000000000e+00
1.1092843733e-04 -1.3500000000e+01 -9.0000000000e+00 9.0000000000e+00
4.7739900886e-05 -1.3500000000e+01 -9.5000000000e+00 9.0000000000e+00
3.4148183701e-04 -1.3500000000e+01 -8.5000000000e+00 9.5000000000e+00
2.2532149773e-04 -1.3500000000e+01 -9.0000000000e+00 9.5000000000e+00
1.0499589073e-04 -1.3500000000e+01 -9.5000000000e+00 9.5000000000e+00
7.5619200470e-04 -1.1500000000e+01 -1.0000000000e+01 1.1500000000e+01
2.5714210002e-04 -1.1500000000e+01 -1.0500000000e+01 1.1500000000e+01
1.6154406442e-03 -1.1500000000e+01 -9.5000000000e+00 1.1500000000e+01
1.4685517265e-03 -1.1000000000e+01 -9.5000000000e+00 1.1500000000e+01
7.0123409128e-04 -1.1000000000e+01 -1.0000000000e+01 1.1500000000e+01
2.4783622329e-04 -1.1000000000e+01 -1.0500000000e+01 1.1500000000e+01
5.6898739608e-05 -1.1500000000e+01 -1.1000000000e+01 1.1500000000e+01
1.3229021399e-03 -1.2000000000e+01 -9.5000000000e+00 1.1500000000e+01
6.0245176880e-04 -1.2000000000e+01 -1.0000000000e+01 1.1500000000e+01
1.9495671305e-04 -1.2000000000e+01 -1.0500000000e+01 1.1500000000e+01
5.7881061902e-05 -1.1000000000e+01 -1.1000000000e+01 1.1500000000e+01
4.0495183432e-05 -1.2000000000e+01 -1.1000000000e+01 1.1500000000e+01
8.0911224739e-04 -1.2500000000e+01 -9.5000000000e+00 1.1500000000e+01
2.7160595568e-03 -1.1500000000e+01 -9.0000000000e+00 1.1500000000e+01
2.4199325413e-03 -1.1000000000e+01 -9.0000000000e+00 1.1500000000e+01
2.2821860394e-03 -1.2000000000e+01 -9.0000000000e+00 1.1500000000e+01
1.6129974710e-03 -1.0500000000e+01 -9.0000000000e+00 1.1500000000e+01
9.9692665486e-04 -1.0500000000e+01 -9.5000000000e+00 1.1500000000e+01
4.8450383637e-04 -1.0500000000e+01 -1.0000000000e+01 1.1500000000e+01
1.7701850637e-04 -1.0500000000e+01 -1.0500000000e+01 1.1500000000e+01
4.2877801147e-05 -1.0500000000e+01 -1.1000000000e+01 1.1500000000e+01
1.4342800123e-03 -1.2500000000e+01 -9.0000000000e+00 1.1500000000e+01
3.5577702667e-04 -1.2500000000e+01 -1.0000000000e+01 1.1500000000e+01
1.0784514232e-04 -1.2500000000e+01 -1.0500000000e+01 1.1500000000e+01
6.7234923873e-04 -1.3000000000e+01 -9.0000000000e+00 1.1500000000e+01
3.6780629005e-04 -1.3000000000e+01 -9.5000000000e+00 1.1500000000e+01
3.4451068450e-03 -1.1500000000e+01 -8.5000000000e+00 1.1500000000e+01
3.0038655898e-03 -1.1000000000e+01 -8.5000000000e+00 1.1500000000e+01
2.9810634467e-03 -1.2000000000e+01 -8.5000000000e+00 1.1500000000e+01
1.9525321069e-03 -1.0500000000e+01 -8.5000000000e+00 1.1500000000e+01
1.9407588476e-03 -1.2500000000e+01 -8.5000000000e+00 1.1500000000e+01
9.4521031860e-04 -1.0000000000e+01 -8.5000000000e+00 1.1500000000e+01
8.0030280324e-04 -1.0000000000e+01 -9.0000000000e+00 1.1500000000e+01
5.0442965235e-04 -1.0000000000e+01 -9.5000000000e+00 1.1500000000e+01
2.4979681964e-04 -1.0000000000e+01 -1.0000000000e+01 1.1500000000e+01
9.3660405246e-05 -1.0000000000e+01 -1.0500000000e+01 1.1500000000e+01
9.4833586422e-04 -1.3000000000e+01 -8.5000000000e+00 1.1500000000e+01
1.5473538455e-04 -1.3000000000e+01 -1.0000000000e+01 1.1500000000e+01
4.3102973840e-05 -1.3000000000e+01 -1.0500000000e+01 1.1500000000e+01
3.4267800711e-04 -1.3500000000e+01 -8.5000000000e+00 1.1500000000e+01
2.3211293054e-04 -1.3500000000e+01 -9.0000000000e+00 1.1500000000e+01
1.2201682147e-04 -1.3500000000e+01 -9.5000000000e+00 1.1500000000e+01
3.4587892016e-03 -1.1500000000e+01 -8.0000000000e+00 1.1500000000e+01
2.9923756281e-03 -1.1000000000e+01 -8.0000000000e+00 1.1500000000e+01
3.0291502896e-03 -1.2000000000e+01 -8.0000000000e+00 1.1500000000e+01
1.9328241729e-03 -1.0500000000e+01 -8.0000000000e+00 1.1500000000e+01
2.0019800175e-03 -1.2500000000e+01 -8.0000000000e+00 1.1500000000e+01
9.3091888410e-04 -1.0000000000e+01 -8.0000000000e+00 1.1500000000e+01
9.9650794469e-04 -1.3000000000e+01 -8.0000000000e+00 1.1500000000e+01
3.3200673576e-04 -9.5000000000e+00 -8.0000000000e+00 1.1500000000e+01
3.3932295909e-04 -9.5000000000e+00 -8.5000000000e+00 1.1500000000e+01
2.9644182065e-04 -9.5000000000e+00 -9.0000000000e+00 1.1500000000e+01
1.9165463949e-04 -9.5000000000e+00 -9.5000000000e+00 1.1500000000e+01
9.6287425275e-05 -9.5000000000e+00 -1.0000000000e+01 1.1500000000e+01
1.8482903307e-04 -1.1500000000e+01 -8.0000000000e+00 7.5000000000e+00
2.0622696352e-04 -1.1000000000e+01 -8.0000000000e+00 7.5000000000e+00
1.1884927848e-04 -1.2000000000e+01 -8.0000000000e+00 7.5000000000e+00
1.8114632336e-04 -1.0500000000e+01 -8.0000000000e+00 7.5000000000e+00
5.8085550820e-05 -1.2500000000e+01 -8.0000000000e+00 7.5000000000e+00
1.1564399709e-04 -1.0000000000e+01 -8.0000000000e+00 7.5000000000e+00
3.7100384635e-04 -1.3500000000e+01 -8.0000000000e+00 1.1500000000e+01
5.4695487841e-05 -9.5000000000e+00 -8.0000000000e+00 7.5000000000e+00
5.3946555596e-05 -9.5000000000e+00 -8.5000000000e+00 7.5000000000e+00
4.3878144469e-05 -9.5000000000e+00 -9.0000000000e+00 7.5000000000e+00
5.7593697186e-03 -1.1500000000e+01 -8.0000000000e+00 1.1000000000e+01
5.1457692196e-03 -1.1000000000e+01 -8.0000000000e+00 1.1000000000e+01
4.8494598209e-03 -1.2000000000e+01 -8.0000000000e+00 1.1000000000e+01
3.4511029985e-03 -1.0500000000e+01 -8.0000000000e+00 1.1000000000e+01
3.0838709508e-03 -1.2500000000e+01 -8.0000000000e+00 1.1000000000e+01
1.7260730137e-03 -1.0000000000e+01 -8.0000000000e+00 1.1000000000e+01
1.4726481838e-03 -1.3000000000e+01 -8.0000000000e+00 1.1000000000e+01
6.3994483807e-04 -9.5000000000e+00 -8.0000000000e+00 1.1000000000e+01
6.5322451460e-04 -9.5000000000e+00 -8.5000000000e+00 1.1000000000e+01
5.7538353348e-04 -9.5000000000e+00 -9.0000000000e+00 1.1000000000e+01
3.7425690418e-04 -9.5000000000e+00 -9.5000000000e+00 1.1000000000e+01
1.8707090569e-04 -9.5000000000e+00 -1.0000000000e+01 1.1000000000e+01
7.0521184119e-05 -9.5000000000e+00 -1.0500000000e+01 1.1000000000e+01
6.8887065296e-04 -1.1500000000e+01 -8.0000000000e+00 8.0000000000e+00
7.3121846157e-04 -1.1000000000e+01 -8.0000000000e+00 8.0000000000e+00
4.6603181937e-04 -1.2000000000e+01 -8.0000000000e+00 8.0000000000e+00
6.1421890584e-04 -1.0500000000e+01 -8.0000000000e+00 8.0000000000e+00
2.3802076476e-04 -1.2500000000e+01 -8.0000000000e+00 8.0000000000e+00
3.7320247646e-04 -1.0000000000e+01 -8.0000000000e+00 8.0000000000e+00
9.0106244723e-05 -1.3000000000e+01 -8.0000000000e+00 8.0000000000e+00
5.2373743021e-04 -1.3500000000e+01 -8.0000000000e+00 1.1000000000e+01
1.6904368717e-04 -9.5000000000e+00 -8.0000000000e+00 8.0000000000e+00
1.6876217333e-04 -9.5000000000e+00 -8.5000000000e+00 8.0000000000e+00
1.4189566412e-04 -9.5000000000e+00 -9.0000000000e+00 8.0000000000e+00
8.9178614737e-05 -9.5000000000e+00 -9.5000000000e+00 8.0000000000e+00
4.1062117566e-05 -9.5000000000e+00 -1.0000000000e+01 8.0000000000e+00
7.2385089596e-03 -1.1500000000e+01 -8.0000000000e+00 1.0500000000e+01
6.7094510651e-03 -1.1000000000e+01 -8.0000000000e+00 1.0500000000e+01
5.8450199074e-03 -1.2000000000e+01 -8.0000000000e+00 1.0500000000e+01
4.7111485310e-03 -1.0500000000e+01 -8.0000000000e+00 1.0500000000e+01
3.5706587320e-03 -1.2500000000e+01 -8.0000000000e+00 1.0500000000e+01
2.4567658588e-03 -1.0000000000e+01 -8.0000000000e+00 1.0500000000e+01
1.6431055871e-03 -1.3000000000e+01 -8.0000000000e+00 1.0500000000e+01
9.4923661235e-04 -9.5000000000e+00 -8.0000000000e+00 1.0500000000e+01
9.6429029649e-04 -9.5000000000e+00 -8.5000000000e+00 1.0500000000e+01
8.4497809091e-04 -9.5000000000e+00 -9.0000000000e+00 1.0500000000e+01
5.4730154334e-04 -9.5000000000e+00 -9.5000000000e+00 1.0500000000e+01
2.6983196134e-04 -9.5000000000e+00 -1.0000000000e+01 1.0500000000e+01
9.9464285049e-05 -9.5000000000e+00 -1.0500000000e+01 1.0500000000e+01
1.8574385743e-03 -1.1500000000e+01 -8.0000000000e+00 8.5000000000e+00
1.9032903953e-03 -1.1000000000e+01 -8.0000000000e+00 8.5000000000e+00
1.3153293045e-03 -1.2000000000e+01 -8.0000000000e+00 8.5000000000e+00
1.5356375934e-03 -1.0500000000e+01 -8.0000000000e+00 8.5000000000e+00
7.0740517090e-04 -1.2500000000e+01 -8.0000000000e+00 8.5000000000e+00
9.0181938556e-04 -1.0000000000e+01 -8.0000000000e+00 8.5000000000e+00
2.8282292616e-04 -1.3000000000e+01 -8.0000000000e+00 8.5000000000e+00
5.6429629626e-04 -1.3500000000e+01 -8.0000000000e+00 1.0500000000e+01
3.9489277397e-04 -9.5000000000e+00 -8.0000000000e+00 8.5000000000e+00
3.9628472828e-04 -9.5000000000e+00 -8.5000000000e+00 8.5000000000e+00
3.3842350678e-04 -9.5000000000e+00 -9.0000000000e+00 8.5000000000e+00
2.1601571985e-04 -9.5000000000e+00 -9.5000000000e+00 8.5000000000e+00
1.0206018855e-04 -9.5000000000e+00 -1.0000000000e+01 8.5000000000e+00
7.4526384927e-03 -1.1500000000e+01 -8.0000000000e+00 1.0000000000e+01
7.0060238459e-03 -1.1000000000e+01 -8.0000000000e+00 1.0000000000e+01
5.9172502161e-03 -1.2000000000e+01 -8.0000000000e+00 1.0000000000e+01
5.0252389483e-03 -1.0500000000e+01 -8.0000000000e+00 1.0000000000e+01
3.5586576758e-03 -1.2500000000e+01 -8.0000000000e+00 1.0000000000e+01
2.6845984081e-03 -1.0000000000e+01 -8.0000000000e+00 1.0000000000e+01
1.6084949405e-03 -1.3000000000e+01 -8.0000000000e+00 1.0000000000e+01
1.0691698282e-03 -9.5000000000e+00 -8.0000000000e+00 1.0000000000e+01
1.0811582306e-03 -9.5000000000e+00 -8.5000000000e+00 1.0000000000e+01
9.3970158800e-04 -9.5000000000e+00 -9.0000000000e+00 1.0000000000e+01
6.0634279580e-04 -9.5000000000e+00 -9.5000000000e+00 1.0000000000e+01
2.9652267188e-04 -9.5000000000e+00 -1.0000000000e+01 1.0000000000e+01
1.0811884217e-04 -9.5000000000e+00 -1.0500000000e+01 1.0000000000e+01
3.7829215048e-03 -1.1500000000e+01 -8.0000000000e+00 9.0000000000e+00
3.7725773040e-03 -1.1000000000e+01 -8.0000000000e+00 9.0000000000e+00
2.7713277024e-03 -1.2000000000e+01 -8.0000000000e+00 9.0000000000e+00
2.9362452450e-03 -1.0500000000e+01 -8.0000000000e+00 9.0000000000e+00
1.5468526329e-03 -1.2500000000e+01 -8.0000000000e+00 9.0000000000e+00
1.6740914747e-03 -1.0000000000e+01 -8.0000000000e+00 9.0000000000e+00
6.4425578324e-04 -1.3000000000e+01 -8.0000000000e+00 9.0000000000e+00
5.3827096935e-04 -1.3500000000e+01 -8.0000000000e+00 1.0000000000e+01
7.1111571482e-04 -9.5000000000e+00 -8.0000000000e+00 9.0000000000e+00
7.1579356583e-04 -9.5000000000e+00 -8.5000000000e+00 9.0000000000e+00
6.1671836373e-04 -9.5000000000e+00 -9.0000000000e+00 9.0000000000e+00
3.9601277439e-04 -9.5000000000e+00 -9.5000000000e+00 9.0000000000e+00
1.8943782223e-04 -9.5000000000e+00 -1.0000000000e+01 9.0000000000e+00
6.6126547950e-05 -9.5000000000e+00 -1.0500000000e+01 9.0000000000e+00
6.1983782983e-03 -1.1500000000e+01 -8.0000000000e+00 9.5000000000e+00
6.0302700560e-03 -1.1000000000e+01 -8.0000000000e+00 9.5000000000e+00
4.7059173741e-03 -1.2000000000e+01 -8.0000000000e+00 9.5000000000e+00
4.5234359320e-03 -1.0500000000e+01 -8.0000000000e+00 9.5000000000e+00
2.7079661284e-03 -1.2500000000e+01 -8.0000000000e+00 9.5000000000e+00
2.4952462986e-03 -1.0000000000e+01 -8.0000000000e+00 9.5000000000e+00
1.1696717271e-03 -1.3000000000e+01 -8.0000000000e+00 9.5000000000e+00
1.0232654629e-03 -9.5000000000e+00 -8.0000000000e+00 9.5000000000e+00
1.0374755492e-03 -9.5000000000e+00 -8.5000000000e+00 9.5000000000e+00
9.1043211841e-04 -9.5000000000e+00 -9.0000000000e+00 9.5000000000e+00
5.9468580480e-04 -9.5000000000e+00 -9.5000000000e+00 9.5000000000e+00
2.9198671691e-04 -9.5000000000e+00 -1.0000000000e+01 9.5000000000e+00
1.0654899080e-04 -9.5000000000e+00 -1.0500000000e+01 9.5000000000e+00
3.7028440523e-04 -1.3500000000e+01 -8.0000000000e+00 9.5000000000e+00
1.9543059812e-04 -1.3500000000e+01 -8.0000000000e+00 9.0000000000e+00
8.1871268796e-05 -1.3500000000e+01 -8.0000000000e+00 8.5000000000e+00
4.8671257752e-05 -1.3500000000e+01 -1.0000000000e+01 1.1500000000e+01
4.3366995767e-05 -1.1000000000e+01 -8.0000000000e+00 7.0000000000e+00
9.8283871846e-05 -1.4000000000e+01 -8.0000000000e+00 1.1500000000e+01
8.7289475357e-05 -1.4000000000e+01 -8.5000000000e+00 1.1500000000e+01
5.6529949910e-05 -1.4000000000e+01 -9.0000000000e+00 1.1500000000e+01
1.3131046854e-04 -1.4000000000e+01 -8.0000000000e+00 1.1000000000e+01
1.1715822285e-04 -1.4000000000e+01 -8.5000000000e+00 1.1000000000e+01
7.4664242231e-05 -1.4000000000e+01 -9.0000000000e+00 1.1000000000e+01
1.3813948797e-04 -1.4000000000e+01 -8.0000000000e+00 1.0500000000e+01
1.2396391253e-04 -1.4000000000e+01 -8.5000000000e+00 1.0500000000e+01
7.8553409305e-05 -1.4000000000e+01 -9.0000000000e+00 1.0500000000e+01
1.2727623607e-04 -1.4000000000e+01 -8.0000000000e+00 1.0000000000e+01
1.1614983903e-04 -1.4000000000e+01 -8.5000000000e+00 1.0000000000e+01
7.5339928467e-05 -1.4000000000e+01 -9.0000000000e+00 1.0000000000e+01
4.2356315239e-05 -1.4000000000e+01 -8.0000000000e+00 9.0000000000e+00
8.3191636495e-05 -1.4000000000e+01 -8.0000000000e+00 9.5000000000e+00
7.4236414156e-05 -1.4000000000e+01 -8.5000000000e+00 9.5000000000e+00
4.5776726182e-05 -1.4000000000e+01 -9.0000000000e+00 9.5000000000e+00
3.3098422300e-04 -1.1500000000e+01 -1.0000000000e+01 1.2000000000e+01
1.1460390033e-04 -1.1500000000e+01 -1.0500000000e+01 1.2000000000e+01
7.0505208592e-04 -1.1500000000e+01 -9.5000000000e+00 1.2000000000e+01
6.1802959269e-04 -1.1000000000e+01 -9.5000000000e+00 1.2000000000e+01
2.9437100759e-04 -1.1000000000e+01 -1.0000000000e+01 1.2000000000e+01
1.0424856149e-04 -1.1000000000e+01 -1.0500000000e+01 1.2000000000e+01
6.0099067095e-04 -1.2000000000e+01 -9.5000000000e+00 1.2000000000e+01
2.7648318202e-04 -1.2000000000e+01 -1.0000000000e+01 1.2000000000e+01
9.2891936020e-05 -1.2000000000e+01 -1.0500000000e+01 1.2000000000e+01
3.8261608595e-04 -1.2500000000e+01 -9.5000000000e+00 1.2000000000e+01
1.1973652545e-03 -1.1500000000e+01 -9.0000000000e+00 1.2000000000e+01
1.0348153683e-03 -1.1000000000e+01 -9.0000000000e+00 1.2000000000e+01
1.0393624782e-03 -1.2000000000e+01 -9.0000000000e+00 1.2000000000e+01
6.6371555773e-04 -1.0500000000e+01 -9.0000000000e+00 1.2000000000e+01
4.0286678348e-04 -1.0500000000e+01 -9.5000000000e+00 1.2000000000e+01
1.9428626912e-04 -1.0500000000e+01 -1.0000000000e+01 1.2000000000e+01
7.0326034237e-05 -1.0500000000e+01 -1.0500000000e+01 1.2000000000e+01
6.7556817269e-04 -1.2500000000e+01 -9.0000000000e+00 1.2000000000e+01
1.7140984691e-04 -1.2500000000e+01 -1.0000000000e+01 1.2000000000e+01
5.5249816033e-05 -1.2500000000e+01 -1.0500000000e+01 1.2000000000e+01
3.2876831909e-04 -1.3000000000e+01 -9.0000000000e+00 1.2000000000e+01
1.8131285719e-04 -1.3000000000e+01 -9.5000000000e+00 1.2000000000e+01
1.5565019944e-03 -1.1500000000e+01 -8.5000000000e+00 1.2000000000e+01
1.3169575357e-03 -1.1000000000e+01 -8.5000000000e+00 1.2000000000e+01
1.3966060203e-03 -1.2000000000e+01 -8.5000000000e+00 1.2000000000e+01
8.2683403081e-04 -1.0500000000e+01 -8.5000000000e+00 1.2000000000e+01
9.3911568939e-04 -1.2500000000e+01 -8.5000000000e+00 1.2000000000e+01
3.8605393674e-04 -1.0000000000e+01 -8.5000000000e+00 1.2000000000e+01
3.1675935878e-04 -1.0000000000e+01 -9.0000000000e+00 1.2000000000e+01
1.9551514267e-04 -1.0000000000e+01 -9.5000000000e+00 1.2000000000e+01
9.5705420970e-05 -1.0000000000e+01 -1.0000000000e+01 1.2000000000e+01
4.7378979663e-04 -1.3000000000e+01 -8.5000000000e+00 1.2000000000e+01
7.8512091417e-05 -1.3000000000e+01 -1.0000000000e+01 1.2000000000e+01
1.7681022742e-04 -1.3500000000e+01 -8.5000000000e+00 1.2000000000e+01
1.1780252551e-04 -1.3500000000e+01 -9.0000000000e+00 1.2000000000e+01
6.2726425122e-05 -1.3500000000e+01 -9.5000000000e+00 1.2000000000e+01
1.5747988398e-03 -1.1500000000e+01 -8.0000000000e+00 1.2000000000e+01
1.3209467608e-03 -1.1000000000e+01 -8.0000000000e+00 1.2000000000e+01
1.4354172707e-03 -1.2000000000e+01 -8.0000000000e+00 1.2000000000e+01
8.2260246805e-04 -1.0500000000e+01 -8.0000000000e+00 1.2000000000e+01
9.8099210004e-04 -1.2500000000e+01 -8.0000000000e+00 1.2000000000e+01
3.8161446862e-04 -1.0000000000e+01 -8.0000000000e+00 1.2000000000e+01
5.0605818900e-04 -1.3000000000e+01 -8.0000000000e+00 1.2000000000e+01
1.3082950219e-04 -9.5000000000e+00 -8.0000000000e+00 1.2000000000e+01
1.3323269173e-04 -9.5000000000e+00 -8.5000000000e+00 1.2000000000e+01
1.1297539925e-04 -9.5000000000e+00 -9.0000000000e+00 1.2000000000e+01
7.1261243536e-05 -9.5000000000e+00 -9.5000000000e+00 1.2000000000e+01
1.9581978499e-04 -1.3500000000e+01 -8.0000000000e+00 1.2000000000e+01
5.3943567253e-05 -1.4000000000e+01 -8.0000000000e+00 1.2000000000e+01
4.6510459378e-05 -1.4000000000e+01 -8.5000000000e+00 1.2000000000e+01
1.3931072610e-03 -1.1500000000e+01 -7.5000000000e+00 1.2000000000e+01
1.1543107325e-03 -1.1000000000e+01 -7.5000000000e+00 1.2000000000e+01
1.3007788110e-03 -1.2000000000e+01 -7.5000000000e+00 1.2000000000e+01
7.0638219573e-04 -1.0500000000e+01 -7.5000000000e+00 1.2000000000e+01
9.0406328222e-04 -1.2500000000e+01 -7.5000000000e+00 1.2000000000e+01
3.2250854436e-04 -1.0000000000e+01 -7.5000000000e+00 1.2000000000e+01
4.7619807333e-04 -1.3000000000e+01 -7.5000000000e+00 1.2000000000e+01
1.0826118574e-04 -9.5000000000e+00 -7.5000000000e+00 1.2000000000e+01
1.8693184778e-04 -1.3500000000e+01 -7.5000000000e+00 1.2000000000e+01
4.0112194018e-05 -1.1000000000e+01 -7.5000000000e+00 7.0000000000e+00
5.1878455371e-05 -1.4000000000e+01 -7.5000000000e+00 1.2000000000e+01
3.0269895188e-03 -1.1500000000e+01 -7.5000000000e+00 1.1500000000e+01
2.5782386533e-03 -1.1000000000e+01 -7.5000000000e+00 1.1500000000e+01
2.7156984111e-03 -1.2000000000e+01 -7.5000000000e+00 1.1500000000e+01
1.6361932692e-03 -1.0500000000e+01 -7.5000000000e+00 1.1500000000e+01
1.8307603223e-03 -1.2500000000e+01 -7.5000000000e+00 1.1500000000e+01
7.7562216682e-04 -1.0000000000e+01 -7.5000000000e+00 1.1500000000e+01
9.3198751938e-04 -1.3000000000e+01 -7.5000000000e+00 1.1500000000e+01
2.7132127241e-04 -9.5000000000e+00 -7.5000000000e+00 1.1500000000e+01
3.5419272682e-04 -1.3500000000e+01 -7.5000000000e+00 1.1500000000e+01
6.8695135811e-05 -9.0000000000e+00 -7.5000000000e+00 1.1500000000e+01
8.7711420802e-05 -9.0000000000e+00 -8.0000000000e+00 1.1500000000e+01
9.0888219337e-05 -9.0000000000e+00 -8.5000000000e+00 1.1500000000e+01
8.2547376211e-05 -9.0000000000e+00 -9.0000000000e+00 1.1500000000e+01
5.4237056053e-05 -9.0000000000e+00 -9.5000000000e+00 1.1500000000e+01
1.7619821654e-04 -1.1500000000e+01 -7.5000000000e+00 7.5000000000e+00
1.8897954008e-04 -1.1000000000e+01 -7.5000000000e+00 7.5000000000e+00
1.1697669536e-04 -1.2000000000e+01 -7.5000000000e+00 7.5000000000e+00
1.6090965694e-04 -1.0500000000e+01 -7.5000000000e+00 7.5000000000e+00
5.8256230071e-05 -1.2500000000e+01 -7.5000000000e+00 7.5000000000e+00
9.8138910350e-05 -1.0000000000e+01 -7.5000000000e+00 7.5000000000e+00
4.4164532250e-05 -9.5000000000e+00 -7.5000000000e+00 7.5000000000e+00
9.4938819067e-05 -1.4000000000e+01 -7.5000000000e+00 1.1500000000e+01
5.0522148582e-03 -1.1500000000e+01 -7.5000000000e+00 1.1000000000e+01
4.4313219406e-03 -1.1000000000e+01 -7.5000000000e+00 1.1000000000e+01
4.3664232866e-03 -1.2000000000e+01 -7.5000000000e+00 1.1000000000e+01
2.9143372859e-03 -1.0500000000e+01 -7.5000000000e+00 1.1000000000e+01
2.8437662028e-03 -1.2500000000e+01 -7.5000000000e+00 1.1000000000e+01
1.4326241191e-03 -1.0000000000e+01 -7.5000000000e+00 1.1000000000e+01
1.3922445121e-03 -1.3000000000e+01 -7.5000000000e+00 1.1000000000e+01
5.2025080480e-04 -9.5000000000e+00 -7.5000000000e+00 1.1000000000e+01
5.0551249403e-04 -1.3500000000e+01 -7.5000000000e+00 1.1000000000e+01
1.3725128637e-04 -9.0000000000e+00 -7.5000000000e+00 1.1000000000e+01
1.7593390936e-04 -9.0000000000e+00 -8.0000000000e+00 1.1000000000e+01
1.8215967744e-04 -9.0000000000e+00 -8.5000000000e+00 1.1000000000e+01
1.6636524717e-04 -9.0000000000e+00 -9.0000000000e+00 1.1000000000e+01
1.1023608735e-04 -9.0000000000e+00 -9.5000000000e+00 1.1000000000e+01
5.5194318865e-05 -9.0000000000e+00 -1.0000000000e+01 1.1000000000e+01
6.3813441806e-04 -1.1500000000e+01 -7.5000000000e+00 8.0000000000e+00
6.5529272114e-04 -1.1000000000e+01 -7.5000000000e+00 8.0000000000e+00
4.4644084562e-04 -1.2000000000e+01 -7.5000000000e+00 8.0000000000e+00
5.3122242920e-04 -1.0500000000e+01 -7.5000000000e+00 8.0000000000e+00
2.3511689786e-04 -1.2500000000e+01 -7.5000000000e+00 8.0000000000e+00
3.1283896489e-04 -1.0000000000e+01 -7.5000000000e+00 8.0000000000e+00
9.0681099195e-05 -1.3000000000e+01 -7.5000000000e+00 8.0000000000e+00
1.3683016686e-04 -9.5000000000e+00 -7.5000000000e+00 8.0000000000e+00
1.2845928879e-04 -1.4000000000e+01 -7.5000000000e+00 1.1000000000e+01
4.3743505427e-05 -9.0000000000e+00 -7.5000000000e+00 8.0000000000e+00
5.6952284089e-05 -9.0000000000e+00 -8.0000000000e+00 8.0000000000e+00
5.7874793950e-05 -9.0000000000e+00 -8.5000000000e+00 8.0000000000e+00
5.0721315029e-05 -9.0000000000e+00 -9.0000000000e+00 8.0000000000e+00
6.4342009401e-03 -1.1500000000e+01 -7.5000000000e+00 1.0500000000e+01
5.8469045141e-03 -1.1000000000e+01 -7.5000000000e+00 1.0500000000e+01
5.3245429953e-03 -1.2000000000e+01 -7.5000000000e+00 1.0500000000e+01
4.0078795743e-03 -1.0500000000e+01 -7.5000000000e+00 1.0500000000e+01
3.3299332013e-03 -1.2500000000e+01 -7.5000000000e+00 1.0500000000e+01
2.0486477051e-03 -1.0000000000e+01 -7.5000000000e+00 1.0500000000e+01
1.5690875084e-03 -1.3000000000e+01 -7.5000000000e+00 1.0500000000e+01
7.7352566281e-04 -9.5000000000e+00 -7.5000000000e+00 1.0500000000e+01
5.4869594770e-04 -1.3500000000e+01 -7.5000000000e+00 1.0500000000e+01
2.1286886829e-04 -9.0000000000e+00 -7.5000000000e+00 1.0500000000e+01
2.7207530498e-04 -9.0000000000e+00 -8.0000000000e+00 1.0500000000e+01
2.8036891533e-04 -9.0000000000e+00 -8.5000000000e+00 1.0500000000e+01
2.5512029369e-04 -9.0000000000e+00 -9.0000000000e+00 1.0500000000e+01
1.6845874044e-04 -9.0000000000e+00 -9.5000000000e+00 1.0500000000e+01
8.3429568945e-05 -9.0000000000e+00 -1.0000000000e+01 1.0500000000e+01
1.6898702278e-03 -1.1500000000e+01 -7.5000000000e+00 8.5000000000e+00
1.6862451392e-03 -1.1000000000e+01 -7.5000000000e+00 8.5000000000e+00
1.2346440346e-03 -1.2000000000e+01 -7.5000000000e+00 8.5000000000e+00
1.3162508979e-03 -1.0500000000e+01 -7.5000000000e+00 8.5000000000e+00
6.8312459357e-04 -1.2500000000e+01 -7.5000000000e+00 8.5000000000e+00
7.5261913631e-04 -1.0000000000e+01 -7.5000000000e+00 8.5000000000e+00
2.7964152358e-04 -1.3000000000e+01 -7.5000000000e+00 8.5000000000e+00
3.1983385543e-04 -9.5000000000e+00 -7.5000000000e+00 8.5000000000e+00
8.2039740903e-05 -1.3500000000e+01 -7.5000000000e+00 8.5000000000e+00
1.3526065888e-04 -1.4000000000e+01 -7.5000000000e+00 1.0500000000e+01
9.9753517572e-05 -9.0000000000e+00 -7.5000000000e+00 8.5000000000e+00
1.2879075583e-04 -9.0000000000e+00 -8.0000000000e+00 8.5000000000e+00
1.3130559096e-04 -9.0000000000e+00 -8.5000000000e+00 8.5000000000e+00
1.1656304173e-04 -9.0000000000e+00 -9.0000000000e+00 8.5000000000e+00
7.6256513205e-05 -9.0000000000e+00 -9.5000000000e+00 8.5000000000e+00
6.6122836752e-03 -1.1500000000e+01 -7.5000000000e+00 1.0000000000e+01
6.1093256762e-03 -1.1000000000e+01 -7.5000000000e+00 1.0000000000e+01
5.3700453668e-03 -1.2000000000e+01 -7.5000000000e+00 1.0000000000e+01
4.2881857851e-03 -1.0500000000e+01 -7.5000000000e+00 1.0000000000e+01
3.3052376153e-03 -1.2500000000e+01 -7.5000000000e+00 1.0000000000e+01
2.2499917389e-03 -1.0000000000e+01 -7.5000000000e+00 1.0000000000e+01
1.5295864025e-03 -1.3000000000e+01 -7.5000000000e+00 1.0000000000e+01
8.7638257056e-04 -9.5000000000e+00 -7.5000000000e+00 1.0000000000e+01
5.2172299656e-04 -1.3500000000e+01 -7.5000000000e+00 1.0000000000e+01
2.5072949785e-04 -9.0000000000e+00 -7.5000000000e+00 1.0000000000e+01
3.1786793675e-04 -9.0000000000e+00 -8.0000000000e+00 1.0000000000e+01
3.2553165174e-04 -9.0000000000e+00 -8.5000000000e+00 1.0000000000e+01
2.9387797401e-04 -9.0000000000e+00 -9.0000000000e+00 1.0000000000e+01
1.9357084845e-04 -9.0000000000e+00 -9.5000000000e+00 1.0000000000e+01
9.5296580231e-05 -9.0000000000e+00 -1.0000000000e+01 1.0000000000e+01
3.4135918123e-03 -1.1500000000e+01 -7.5000000000e+00 9.0000000000e+00
3.3279142807e-03 -1.1000000000e+01 -7.5000000000e+00 9.0000000000e+00
2.5821350923e-03 -1.2000000000e+01 -7.5000000000e+00 9.0000000000e+00
2.5101725041e-03 -1.0500000000e+01 -7.5000000000e+00 9.0000000000e+00
1.4779565430e-03 -1.2500000000e+01 -7.5000000000e+00 9.0000000000e+00
1.3971140058e-03 -1.0000000000e+01 -7.5000000000e+00 9.0000000000e+00
6.3062441913e-04 -1.3000000000e+01 -7.5000000000e+00 9.0000000000e+00
5.7759977252e-04 -9.5000000000e+00 -7.5000000000e+00 9.0000000000e+00
1.9475867935e-04 -1.3500000000e+01 -7.5000000000e+00 9.0000000000e+00
1.2456368121e-04 -1.4000000000e+01 -7.5000000000e+00 1.0000000000e+01
1.7532242747e-04 -9.0000000000e+00 -7.5000000000e+00 9.0000000000e+00
2.2498988601e-04 -9.0000000000e+00 -8.0000000000e+00 9.0000000000e+00
2.2982599952e-04 -9.0000000000e+00 -8.5000000000e+00 9.0000000000e+00
2.0570312422e-04 -9.0000000000e+00 -9.0000000000e+00 9.0000000000e+00
1.3512895896e-04 -9.0000000000e+00 -9.5000000000e+00 9.0000000000e+00
6.5464339314e-05 -9.0000000000e+00 -1.0000000000e+01 9.0000000000e+00
5.4991656639e-03 -1.1500000000e+01 -7.5000000000e+00 9.5000000000e+00
5.2296499505e-03 -1.1000000000e+01 -7.5000000000e+00 9.5000000000e+00
4.2986023591e-03 -1.2000000000e+01 -7.5000000000e+00 9.5000000000e+00
3.8072148187e-03 -1.0500000000e+01 -7.5000000000e+00 9.5000000000e+00
2.5461951322e-03 -1.2500000000e+01 -7.5000000000e+00 9.5000000000e+00
2.0598604609e-03 -1.0000000000e+01 -7.5000000000e+00 9.5000000000e+00
1.1273011914e-03 -1.3000000000e+01 -7.5000000000e+00 9.5000000000e+00
8.2529629380e-04 -9.5000000000e+00 -7.5000000000e+00 9.5000000000e+00
3.6475756171e-04 -1.3500000000e+01 -7.5000000000e+00 9.5000000000e+00
2.4230555254e-04 -9.0000000000e+00 -7.5000000000e+00 9.5000000000e+00
3.1198908535e-04 -9.0000000000e+00 -8.0000000000e+00 9.5000000000e+00
3.2052021791e-04 -9.0000000000e+00 -8.5000000000e+00 9.5000000000e+00
2.9147139416e-04 -9.0000000000e+00 -9.0000000000e+00 9.5000000000e+00
1.9373325942e-04 -9.0000000000e+00 -9.5000000000e+00 9.5000000000e+00
9.5676787596e-05 -9.0000000000e+00 -1.0000000000e+01 9.5000000000e+00
8.2698819731e-05 -1.4000000000e+01 -7.5000000000e+00 9.5000000000e+00
4.2375820307e-05 -1.4000000000e+01 -7.5000000000e+00 9.0000000000e+00
9.3175252219e-05 -1.1500000000e+01 -1.0000000000e+01 1.2500000000e+01
2.0554420328e-04 -1.1500000000e+01 -9.5000000000e+00 1.2500000000e+01
1.7356809153e-04 -1.1000000000e+01 -9.5000000000e+00 1.2500000000e+01
7.9266102802e-05 -1.1000000000e+01 -1.0000000000e+01 1.2500000000e+01
1.8176239909e-04 -1.2000000000e+01 -9.5000000000e+00 1.2500000000e+01
8.1304247653e-05 -1.2000000000e+01 -1.0000000000e+01 1.2500000000e+01
1.2096942814e-04 -1.2500000000e+01 -9.5000000000e+00 1.2500000000e+01
3.6269147715e-04 -1.1500000000e+01 -9.0000000000e+00 1.2500000000e+01
3.0406575742e-04 -1.1000000000e+01 -9.0000000000e+00 1.2500000000e+01
3.2608527946e-04 -1.2000000000e+01 -9.0000000000e+00 1.2500000000e+01
1.8863090208e-04 -1.0500000000e+01 -9.0000000000e+00 1.2500000000e+01
1.0888607721e-04 -1.0500000000e+01 -9.5000000000e+00 1.2500000000e+01
5.0238594723e-05 -1.0500000000e+01 -1.0000000000e+01 1.2500000000e+01
2.1965330510e-04 -1.2500000000e+01 -9.0000000000e+00 1.2500000000e+01
5.3956165682e-05 -1.2500000000e+01 -1.0000000000e+01 1.2500000000e+01
1.1232784177e-04 -1.3000000000e+01 -9.0000000000e+00 1.2500000000e+01
6.1960367936e-05 -1.3000000000e+01 -9.5000000000e+00 1.2500000000e+01
5.0406875013e-04 -1.1500000000e+01 -8.5000000000e+00 1.2500000000e+01
4.1413952959e-04 -1.1000000000e+01 -8.5000000000e+00 1.2500000000e+01
4.6924077480e-04 -1.2000000000e+01 -8.5000000000e+00 1.2500000000e+01
2.5055823591e-04 -1.0500000000e+01 -8.5000000000e+00 1.2500000000e+01
3.2409605746e-04 -1.2500000000e+01 -8.5000000000e+00 1.2500000000e+01
1.1293267243e-04 -1.0000000000e+01 -8.5000000000e+00 1.2500000000e+01
8.7245471485e-05 -1.0000000000e+01 -9.0000000000e+00 1.2500000000e+01
5.1066363609e-05 -1.0000000000e+01 -9.5000000000e+00 1.2500000000e+01
1.6942218658e-04 -1.3000000000e+01 -8.5000000000e+00 1.2500000000e+01
6.9484520688e-05 -1.3500000000e+01 -8.5000000000e+00 1.2500000000e+01
4.8883360502e-05 -1.3500000000e+01 -9.0000000000e+00 1.2500000000e+01
5.2376811720e-04 -1.1500000000e+01 -8.0000000000e+00 1.2500000000e+01
4.2609622634e-04 -1.1000000000e+01 -8.0000000000e+00 1.2500000000e+01
4.9766499640e-04 -1.2000000000e+01 -8.0000000000e+00 1.2500000000e+01
2.5501990164e-04 -1.0500000000e+01 -8.0000000000e+00 1.2500000000e+01
3.5298807823e-04 -1.2500000000e+01 -8.0000000000e+00 1.2500000000e+01
1.1378173332e-04 -1.0000000000e+01 -8.0000000000e+00 1.2500000000e+01
1.9122438109e-04 -1.3000000000e+01 -8.0000000000e+00 1.2500000000e+01
7.9696954553e-05 -1.3500000000e+01 -8.0000000000e+00 1.2500000000e+01
4.7733807177e-04 -1.1500000000e+01 -7.5000000000e+00 1.2500000000e+01
3.8438252743e-04 -1.1000000000e+01 -7.5000000000e+00 1.2500000000e+01
4.6511006919e-04 -1.2000000000e+01 -7.5000000000e+00 1.2500000000e+01
2.2661015848e-04 -1.0500000000e+01 -7.5000000000e+00 1.2500000000e+01
3.3314040502e-04 -1.2500000000e+01 -7.5000000000e+00 1.2500000000e+01
9.9631085497e-05 -1.0000000000e+01 -7.5000000000e+00 1.2500000000e+01
1.8295512070e-04 -1.3000000000e+01 -7.5000000000e+00 1.2500000000e+01
7.7114826472e-05 -1.3500000000e+01 -7.5000000000e+00 1.2500000000e+01
3.4669004242e-04 -1.1500000000e+01 -7.0000000000e+00 1.2500000000e+01
2.7321109266e-04 -1.1000000000e+01 -7.0000000000e+00 1.2500000000e+01
3.4897692445e-04 -1.2000000000e+01 -7.0000000000e+00 1.2500000000e+01
1.5765189753e-04 -1.0500000000e+01 -7.0000000000e+00 1.2500000000e+01
2.5718092446e-04 -1.2500000000e+01 -7.0000000000e+00 1.2500000000e+01
6.8592957374e-05 -1.0000000000e+01 -7.0000000000e+00 1.2500000000e+01
1.4515391912e-04 -1.3000000000e+01 -7.0000000000e+00 1.2500000000e+01
6.5125487866e-05 -1.3500000000e+01 -7.0000000000e+00 1.2500000000e+01
5.3473331894e-05 -1.4000000000e+01 -7.0000000000e+00 1.2500000000e+01
9.6917418455e-04 -1.1500000000e+01 -7.0000000000e+00 1.2000000000e+01
7.8739724266e-04 -1.1000000000e+01 -7.0000000000e+00 1.2000000000e+01
9.3740099972e-04 -1.2000000000e+01 -7.0000000000e+00 1.2000000000e+01
4.7033334470e-04 -1.0500000000e+01 -7.0000000000e+00 1.2000000000e+01
6.6838772669e-04 -1.2500000000e+01 -7.0000000000e+00 1.2000000000e+01
2.1006618035e-04 -1.0000000000e+01 -7.0000000000e+00 1.2000000000e+01
3.6271713802e-04 -1.3000000000e+01 -7.0000000000e+00 1.2000000000e+01
6.9906077136e-05 -9.5000000000e+00 -7.0000000000e+00 1.2000000000e+01
1.4753909698e-04 -1.3500000000e+01 -7.0000000000e+00 1.2000000000e+01
4.2913366719e-05 -1.4000000000e+01 -7.0000000000e+00 1.2000000000e+01
4.6250930453e-05 -1.1500000000e+01 -7.0000000000e+00 7.0000000000e+00
4.6689166899e-05 -1.1000000000e+01 -7.0000000000e+00 7.0000000000e+00
2.0578226659e-03 -1.1500000000e+01 -7.0000000000e+00 1.1500000000e+01
1.7180098852e-03 -1.1000000000e+01 -7.0000000000e+00 1.1500000000e+01
1.9099637636e-03 -1.2000000000e+01 -7.0000000000e+00 1.1500000000e+01
1.0664358713e-03 -1.0500000000e+01 -7.0000000000e+00 1.1500000000e+01
1.3239635910e-03 -1.2500000000e+01 -7.0000000000e+00 1.1500000000e+01
4.9573923702e-04 -1.0000000000e+01 -7.0000000000e+00 1.1500000000e+01
6.9585909482e-04 -1.3000000000e+01 -7.0000000000e+00 1.1500000000e+01
1.6996344584e-04 -9.5000000000e+00 -7.0000000000e+00 1.1500000000e+01
2.7314802191e-04 -1.3500000000e+01 -7.0000000000e+00 1.1500000000e+01
4.2524128963e-05 -9.0000000000e+00 -7.0000000000e+00 1.1500000000e+01
7.9298179292e-05 -1.4000000000e+01 -7.0000000000e+00 1.1500000000e+01
1.2275549743e-04 -1.1500000000e+01 -7.0000000000e+00 7.5000000000e+00
1.2532686041e-04 -1.1000000000e+01 -7.0000000000e+00 7.5000000000e+00
8.7568097481e-05 -1.2000000000e+01 -7.0000000000e+00 7.5000000000e+00
1.0190521199e-04 -1.0500000000e+01 -7.0000000000e+00 7.5000000000e+00
5.0034333668e-05 -1.2500000000e+01 -7.0000000000e+00 7.5000000000e+00
6.2289336937e-05 -1.0000000000e+01 -7.0000000000e+00 7.5000000000e+00
3.3975128552e-03 -1.1500000000e+01 -7.0000000000e+00 1.1000000000e+01
2.9152306072e-03 -1.1000000000e+01 -7.0000000000e+00 1.1000000000e+01
3.0300728011e-03 -1.2000000000e+01 -7.0000000000e+00 1.1000000000e+01
1.8749662317e-03 -1.0500000000e+01 -7.0000000000e+00 1.1000000000e+01
2.0369415814e-03 -1.2500000000e+01 -7.0000000000e+00 1.1000000000e+01
9.0419521887e-04 -1.0000000000e+01 -7.0000000000e+00 1.1000000000e+01
1.0332910810e-03 -1.3000000000e+01 -7.0000000000e+00 1.1000000000e+01
3.2220796849e-04 -9.5000000000e+00 -7.0000000000e+00 1.1000000000e+01
3.8934500107e-04 -1.3500000000e+01 -7.0000000000e+00 1.1000000000e+01
8.3341145719e-05 -9.0000000000e+00 -7.0000000000e+00 1.1000000000e+01
1.0831056652e-04 -1.4000000000e+01 -7.0000000000e+00 1.1000000000e+01
4.1579874385e-04 -1.1500000000e+01 -7.0000000000e+00 8.0000000000e+00
4.1466202545e-04 -1.1000000000e+01 -7.0000000000e+00 8.0000000000e+00
3.0545449907e-04 -1.2000000000e+01 -7.0000000000e+00 8.0000000000e+00
3.2565119018e-04 -1.0500000000e+01 -7.0000000000e+00 8.0000000000e+00
1.7294757707e-04 -1.2500000000e+01 -7.0000000000e+00 8.0000000000e+00
1.8876496763e-04 -1.0000000000e+01 -7.0000000000e+00 8.0000000000e+00
7.6215969608e-05 -1.3000000000e+01 -7.0000000000e+00 8.0000000000e+00
8.1754710300e-05 -9.5000000000e+00 -7.0000000000e+00 8.0000000000e+00
4.3253575576e-05 -1.4500000000e+01 -7.0000000000e+00 1.1000000000e+01
4.3155901867e-03 -1.1500000000e+01 -7.0000000000e+00 1.0500000000e+01
3.8296516695e-03 -1.1000000000e+01 -7.0000000000e+00 1.0500000000e+01
3.6879604419e-03 -1.2000000000e+01 -7.0000000000e+00 1.0500000000e+01
2.5625657765e-03 -1.0500000000e+01 -7.0000000000e+00 1.0500000000e+01
2.3885344739e-03 -1.2500000000e+01 -7.0000000000e+00 1.0500000000e+01
1.2844861517e-03 -1.0000000000e+01 -7.0000000000e+00 1.0500000000e+01
1.1703687736e-03 -1.3000000000e+01 -7.0000000000e+00 1.0500000000e+01
4.7585616180e-04 -9.5000000000e+00 -7.0000000000e+00 1.0500000000e+01
4.2686284339e-04 -1.3500000000e+01 -7.0000000000e+00 1.0500000000e+01
1.2771773365e-04 -9.0000000000e+00 -7.0000000000e+00 1.0500000000e+01
1.1545789031e-04 -1.4000000000e+01 -7.0000000000e+00 1.0500000000e+01
4.3212443010e-05 -8.5000000000e+00 -7.5000000000e+00 1.0500000000e+01
5.7391526165e-05 -8.5000000000e+00 -8.0000000000e+00 1.0500000000e+01
5.9684206964e-05 -8.5000000000e+00 -8.5000000000e+00 1.0500000000e+01
5.3392944466e-05 -8.5000000000e+00 -9.0000000000e+00 1.0500000000e+01
1.0996972435e-03 -1.1500000000e+01 -7.0000000000e+00 8.5000000000e+00
1.0701382407e-03 -1.1000000000e+01 -7.0000000000e+00 8.5000000000e+00
8.3570334264e-04 -1.2000000000e+01 -7.0000000000e+00 8.5000000000e+00
8.1114858808e-04 -1.0500000000e+01 -7.0000000000e+00 8.5000000000e+00
4.8415665299e-04 -1.2500000000e+01 -7.0000000000e+00 8.5000000000e+00
4.5514990235e-04 -1.0000000000e+01 -7.0000000000e+00 8.5000000000e+00
2.1152714757e-04 -1.3000000000e+01 -7.0000000000e+00 8.5000000000e+00
1.9054865592e-04 -9.5000000000e+00 -7.0000000000e+00 8.5000000000e+00
7.1896710822e-05 -1.3500000000e+01 -7.0000000000e+00 8.5000000000e+00
5.9170074471e-05 -9.0000000000e+00 -7.0000000000e+00 8.5000000000e+00
4.4909531378e-05 -1.4500000000e+01 -7.0000000000e+00 1.0500000000e+01
4.3962216594e-03 -1.1500000000e+01 -7.0000000000e+00 1.0000000000e+01
3.9758215063e-03 -1.1000000000e+01 -7.0000000000e+00 1.0000000000e+01
3.6768634399e-03 -1.2000000000e+01 -7.0000000000e+00 1.0000000000e+01
2.7282133354e-03 -1.0500000000e+01 -7.0000000000e+00 1.0000000000e+01
2.3365395379e-03 -1.2500000000e+01 -7.0000000000e+00 1.0000000000e+01
1.4066490941e-03 -1.0000000000e+01 -7.0000000000e+00 1.0000000000e+01
1.1197560801e-03 -1.3000000000e+01 -7.0000000000e+00 1.0000000000e+01
5.3828911072e-04 -9.5000000000e+00 -7.0000000000e+00 1.0000000000e+01
3.9751817938e-04 -1.3500000000e+01 -7.0000000000e+00 1.0000000000e+01
1.5024744880e-04 -9.0000000000e+00 -7.0000000000e+00 1.0000000000e+01
1.0426224808e-04 -1.4000000000e+01 -7.0000000000e+00 1.0000000000e+01
5.3033997778e-05 -8.5000000000e+00 -7.5000000000e+00 1.0000000000e+01
6.9873421738e-05 -8.5000000000e+00 -8.0000000000e+00 1.0000000000e+01
7.2352655823e-05 -8.5000000000e+00 -8.5000000000e+00 1.0000000000e+01
6.3912482217e-05 -8.5000000000e+00 -9.0000000000e+00 1.0000000000e+01
4.0446972725e-05 -8.5000000000e+00 -9.5000000000e+00 1.0000000000e+01
2.2354445229e-03 -1.1500000000e+01 -7.0000000000e+00 9.0000000000e+00
2.1284180449e-03 -1.1000000000e+01 -7.0000000000e+00 9.0000000000e+00
1.7516791248e-03 -1.2000000000e+01 -7.0000000000e+00 9.0000000000e+00
1.5609994839e-03 -1.0500000000e+01 -7.0000000000e+00 9.0000000000e+00
1.0447451955e-03 -1.2500000000e+01 -7.0000000000e+00 9.0000000000e+00
8.5305333296e-04 -1.0000000000e+01 -7.0000000000e+00 9.0000000000e+00
4.7047125649e-04 -1.3000000000e+01 -7.0000000000e+00 9.0000000000e+00
3.4696220460e-04 -9.5000000000e+00 -7.0000000000e+00 9.0000000000e+00
1.5765218722e-04 -1.3500000000e+01 -7.0000000000e+00 9.0000000000e+00
1.0352697612e-04 -9.0000000000e+00 -7.0000000000e+00 9.0000000000e+00
4.0709737214e-05 -1.4000000000e+01 -7.0000000000e+00 9.0000000000e+00
5.2450831579e-05 -8.5000000000e+00 -8.0000000000e+00 9.0000000000e+00
5.4202029117e-05 -8.5000000000e+00 -8.5000000000e+00 9.0000000000e+00
4.7359859160e-05 -8.5000000000e+00 -9.0000000000e+00 9.0000000000e+00
3.5945398943e-03 -1.1500000000e+01 -7.0000000000e+00 9.5000000000e+00
3.3419112555e-03 -1.1000000000e+01 -7.0000000000e+00 9.5000000000e+00
2.9033582923e-03 -1.2000000000e+01 -7.0000000000e+00 9.5000000000e+00
2.3719493316e-03 -1.0500000000e+01 -7.0000000000e+00 9.5000000000e+00
1.7826929656e-03 -1.2500000000e+01 -7.0000000000e+00 9.5000000000e+00
1.2613241082e-03 -1.0000000000e+01 -7.0000000000e+00 9.5000000000e+00
8.2518123284e-04 -1.3000000000e+01 -7.0000000000e+00 9.5000000000e+00
4.9724543790e-04 -9.5000000000e+00 -7.0000000000e+00 9.5000000000e+00
2.8367709019e-04 -1.3500000000e+01 -7.0000000000e+00 9.5000000000e+00
1.4291823517e-04 -9.0000000000e+00 -7.0000000000e+00 9.5000000000e+00
7.0856139130e-05 -1.4000000000e+01 -7.0000000000e+00 9.5000000000e+00
5.2358549820e-05 -8.5000000000e+00 -7.5000000000e+00 9.5000000000e+00
7.0015062798e-05 -8.5000000000e+00 -8.0000000000e+00 9.5000000000e+00
7.2714234253e-05 -8.5000000000e+00 -8.5000000000e+00 9.5000000000e+00
6.4525972343e-05 -8.5000000000e+00 -9.0000000000e+00 9.5000000000e+00
4.1092432578e-05 -8.5000000000e+00 -9.5000000000e+00 9.5000000000e+00
5.3942267286e-05 -1.2000000000e+01 -8.5000000000e+00 1.3000000000e+01
8.5177651395e-05 -1.2000000000e+01 -8.0000000000e+00 1.3000000000e+01
6.5075604619e-05 -1.2500000000e+01 -8.0000000000e+00 1.3000000000e+01
8.7578393684e-05 -1.2000000000e+01 -7.5000000000e+00 1.3000000000e+01
7.8027185587e-05 -1.2000000000e+01 -7.0000000000e+00 1.3000000000e+01
6.0876650365e-05 -1.2500000000e+01 -7.0000000000e+00 1.3000000000e+01
5.0537251090e-05 -1.2000000000e+01 -6.5000000000e+00 1.3000000000e+01
4.5509096925e-05 -1.1500000000e+01 -6.5000000000e+00 1.3000000000e+01
2.0419703839e-04 -1.2000000000e+01 -6.5000000000e+00 1.2500000000e+01
4.2901753753e-05 -1.3500000000e+01 -6.5000000000e+00 1.2500000000e+01
9.4472390473e-05 -1.3000000000e+01 -6.5000000000e+00 1.2500000000e+01
8.5836128274e-05 -1.0500000000e+01 -6.5000000000e+00 1.2500000000e+01
1.5674187944e-04 -1.2500000000e+01 -6.5000000000e+00 1.2500000000e+01
1.5017303515e-04 -1.1000000000e+01 -6.5000000000e+00 1.2500000000e+01
1.9656565644e-04 -1.1500000000e+01 -6.5000000000e+00 1.2500000000e+01
5.1644228724e-05 -1.1000000000e+01 -7.0000000000e+00 1.3000000000e+01
7.2066603383e-05 -1.1500000000e+01 -7.0000000000e+00 1.3000000000e+01
6.7453921377e-05 -1.2500000000e+01 -7.5000000000e+00 1.3000000000e+01
6.0252134232e-05 -1.1000000000e+01 -7.5000000000e+00 1.3000000000e+01
5.2294029186e-04 -1.2000000000e+01 -6.5000000000e+00 1.2000000000e+01
3.8506657431e-04 -1.2500000000e+01 -6.5000000000e+00 1.2000000000e+01
2.1712947435e-04 -1.3000000000e+01 -6.5000000000e+00 1.2000000000e+01
9.4692733509e-05 -1.3500000000e+01 -6.5000000000e+00 1.2000000000e+01
1.0742339875e-04 -1.0000000000e+01 -6.5000000000e+00 1.2000000000e+01
2.4185618969e-04 -1.0500000000e+01 -6.5000000000e+00 1.2000000000e+01
4.1422297748e-04 -1.1000000000e+01 -6.5000000000e+00 1.2000000000e+01
5.2177256616e-04 -1.1500000000e+01 -6.5000000000e+00 1.2000000000e+01
8.2458949122e-05 -1.1500000000e+01 -7.5000000000e+00 1.3000000000e+01
1.0362443818e-03 -1.2000000000e+01 -6.5000000000e+00 1.1500000000e+01
7.3936694482e-04 -1.2500000000e+01 -6.5000000000e+00 1.1500000000e+01
1.6735674958e-04 -1.3500000000e+01 -6.5000000000e+00 1.1500000000e+01
5.0863324414e-05 -1.4000000000e+01 -6.5000000000e+00 1.1500000000e+01
4.5526011121e-05 -1.2000000000e+01 -6.5000000000e+00 7.5000000000e+00
6.2003171162e-05 -1.1500000000e+01 -6.5000000000e+00 7.5000000000e+00
4.8929531155e-05 -1.0500000000e+01 -6.5000000000e+00 7.5000000000e+00
6.1945365398e-05 -1.1000000000e+01 -6.5000000000e+00 7.5000000000e+00
8.3969629134e-05 -9.5000000000e+00 -6.5000000000e+00 1.1500000000e+01
2.4469275221e-04 -1.0000000000e+01 -6.5000000000e+00 1.1500000000e+01
4.0300903016e-04 -1.3000000000e+01 -6.5000000000e+00 1.1500000000e+01
5.3610019110e-04 -1.0500000000e+01 -6.5000000000e+00 1.1500000000e+01
8.8379581288e-04 -1.1000000000e+01 -6.5000000000e+00 1.1500000000e+01
1.0787228157e-03 -1.1500000000e+01 -6.5000000000e+00 1.1500000000e+01
5.9499690239e-05 -1.1000000000e+01 -8.0000000000e+00 1.3000000000e+01
8.0977481311e-05 -1.1500000000e+01 -8.0000000000e+00 1.3000000000e+01
1.6092399830e-03 -1.2000000000e+01 -6.5000000000e+00 1.1000000000e+01
1.1130636337e-03 -1.2500000000e+01 -6.5000000000e+00 1.1000000000e+01
5.8557498386e-04 -1.3000000000e+01 -6.5000000000e+00 1.1000000000e+01
2.3395448238e-04 -1.3500000000e+01 -6.5000000000e+00 1.1000000000e+01
6.8444119000e-05 -1.4000000000e+01 -6.5000000000e+00 1.1000000000e+01
4.0315268982e-05 -9.0000000000e+00 -6.5000000000e+00 1.1000000000e+01
1.5512227088e-04 -9.5000000000e+00 -6.5000000000e+00 1.1000000000e+01
4.3920436851e-04 -1.0000000000e+01 -6.5000000000e+00 1.1000000000e+01
1.5102849498e-04 -1.2000000000e+01 -6.5000000000e+00 8.0000000000e+00
1.9841033937e-04 -1.1500000000e+01 -6.5000000000e+00 8.0000000000e+00
9.0587699513e-05 -1.2500000000e+01 -6.5000000000e+00 8.0000000000e+00
5.0605321515e-05 -1.3000000000e+01 -6.5000000000e+00 8.0000000000e+00
8.5937855132e-05 -1.0000000000e+01 -6.5000000000e+00 8.0000000000e+00
1.4922220765e-04 -1.0500000000e+01 -6.5000000000e+00 8.0000000000e+00
1.9420535010e-04 -1.1000000000e+01 -6.5000000000e+00 8.0000000000e+00
9.2728812819e-04 -1.0500000000e+01 -6.5000000000e+00 1.1000000000e+01
1.4729677166e-03 -1.1000000000e+01 -6.5000000000e+00 1.1000000000e+01
1.7493773514e-03 -1.1500000000e+01 -6.5000000000e+00 1.1000000000e+01
1.9290434896e-03 -1.2000000000e+01 -6.5000000000e+00 1.0500000000e+01
2.1943221281e-03 -1.1500000000e+01 -6.5000000000e+00 1.0500000000e+01
1.2906781399e-03 -1.2500000000e+01 -6.5000000000e+00 1.0500000000e+01
6.5689461183e-04 -1.3000000000e+01 -6.5000000000e+00 1.0500000000e+01
2.5513939949e-04 -1.3500000000e+01 -6.5000000000e+00 1.0500000000e+01
7.2601840447e-05 -1.4000000000e+01 -6.5000000000e+00 1.0500000000e+01
6.0845409911e-05 -9.0000000000e+00 -6.5000000000e+00 1.0500000000e+01
2.2573123417e-04 -9.5000000000e+00 -6.5000000000e+00 1.0500000000e+01
6.1681424555e-04 -1.0000000000e+01 -6.5000000000e+00 1.0500000000e+01
4.0886141602e-04 -1.2000000000e+01 -6.5000000000e+00 8.5000000000e+00
5.2310808820e-04 -1.1500000000e+01 -6.5000000000e+00 8.5000000000e+00
2.4547205758e-04 -1.2500000000e+01 -6.5000000000e+00 8.5000000000e+00
1.1465106394e-04 -1.3000000000e+01 -6.5000000000e+00 8.5000000000e+00
4.3945424382e-05 -1.3500000000e+01 -6.5000000000e+00 8.5000000000e+00
8.6592159367e-05 -9.5000000000e+00 -6.5000000000e+00 8.5000000000e+00
2.0723329430e-04 -1.0000000000e+01 -6.5000000000e+00 8.5000000000e+00
1.8880777079e-03 -1.2000000000e+01 -6.5000000000e+00 1.0000000000e+01
2.2000721597e-03 -1.1500000000e+01 -6.5000000000e+00 1.0000000000e+01
1.2338546010e-03 -1.2500000000e+01 -6.5000000000e+00 1.0000000000e+01
6.1214974444e-04 -1.3000000000e+01 -6.5000000000e+00 1.0000000000e+01
2.3129515100e-04 -1.3500000000e+01 -6.5000000000e+00 1.0000000000e+01
6.4620669501e-05 -1.4000000000e+01 -6.5000000000e+00 1.0000000000e+01
7.0539158450e-05 -9.0000000000e+00 -6.5000000000e+00 1.0000000000e+01
2.5395694376e-04 -9.5000000000e+00 -6.5000000000e+00 1.0000000000e+01
6.6984716982e-04 -1.0000000000e+01 -6.5000000000e+00 1.0000000000e+01
1.3188632862e-03 -1.0500000000e+01 -6.5000000000e+00 1.0000000000e+01
1.9556546126e-03 -1.1000000000e+01 -6.5000000000e+00 1.0000000000e+01
3.7215774433e-04 -1.0500000000e+01 -6.5000000000e+00 8.5000000000e+00
8.6868427085e-04 -1.2000000000e+01 -6.5000000000e+00 9.0000000000e+00
5.3459781632e-04 -1.2500000000e+01 -6.5000000000e+00 9.0000000000e+00
2.5061471642e-04 -1.3000000000e+01 -6.5000000000e+00 9.0000000000e+00
9.3212426862e-05 -1.3500000000e+01 -6.5000000000e+00 9.0000000000e+00
4.7647656311e-05 -9.0000000000e+00 -6.5000000000e+00 9.0000000000e+00
1.5895985997e-04 -9.5000000000e+00 -6.5000000000e+00 9.0000000000e+00
3.9345929057e-04 -1.0000000000e+01 -6.5000000000e+00 9.0000000000e+00
7.2725763821e-04 -1.0500000000e+01 -6.5000000000e+00 9.0000000000e+00
1.4576487642e-03 -1.2000000000e+01 -6.5000000000e+00 9.5000000000e+00
9.2138548475e-04 -1.2500000000e+01 -6.5000000000e+00 9.5000000000e+00
4.4236712717e-04 -1.3000000000e+01 -6.5000000000e+00 9.5000000000e+00
1.6334672726e-04 -1.3500000000e+01 -6.5000000000e+00 9.5000000000e+00
5.1827464692e-05 -1.4000000000e+01 -6.5000000000e+00 9.5000000000e+00
8.6202110213e-05 -1.1500000000e+01 -6.0000000000e+00 1.2500000000e+01
6.3000714064e-05 -1.1000000000e+01 -6.0000000000e+00 1.2500000000e+01
4.9277255978e-05 -1.3000000000e+01 -6.0000000000e+00 1.2500000000e+01
7.5147774194e-05 -1.2500000000e+01 -6.0000000000e+00 1.2500000000e+01
9.2855518710e-05 -1.2000000000e+01 -6.0000000000e+00 1.2500000000e+01
2.1441241123e-04 -1.1500000000e+01 -6.0000000000e+00 1.2000000000e+01
1.6460101264e-04 -1.1000000000e+01 -6.0000000000e+00 1.2000000000e+01
9.4500642176e-05 -1.0500000000e+01 -6.0000000000e+00 1.2000000000e+01
4.6717756141e-05 -1.3500000000e+01 -6.0000000000e+00 1.2000000000e+01
4.0578243089e-05 -1.0000000000e+01 -6.0000000000e+00 1.2000000000e+01
1.0245414242e-04 -1.3000000000e+01 -6.0000000000e+00 1.2000000000e+01
1.7075098815e-04 -1.2500000000e+01 -6.0000000000e+00 1.2000000000e+01
2.2239472504e-04 -1.2000000000e+01 -6.0000000000e+00 1.2000000000e+01
7.9415015078e-05 -1.3500000000e+01 -6.0000000000e+00 1.1500000000e+01
9.0262198246e-05 -1.0000000000e+01 -6.0000000000e+00 1.1500000000e+01
1.8002530574e-04 -1.3000000000e+01 -6.0000000000e+00 1.1500000000e+01
2.0125232603e-04 -1.0500000000e+01 -6.0000000000e+00 1.1500000000e+01
3.1437421265e-04 -1.2500000000e+01 -6.0000000000e+00 1.1500000000e+01
3.3927987454e-04 -1.1000000000e+01 -6.0000000000e+00 1.1500000000e+01
4.2579151185e-04 -1.2000000000e+01 -6.0000000000e+00 1.1500000000e+01
4.2576138329e-04 -1.1500000000e+01 -6.0000000000e+00 1.1500000000e+01
6.4223640174e-04 -1.2000000000e+01 -6.0000000000e+00 1.1000000000e+01
6.7013714154e-04 -1.1500000000e+01 -6.0000000000e+00 1.1000000000e+01
2.5358717927e-04 -1.3000000000e+01 -6.0000000000e+00 1.1000000000e+01
3.3698194284e-04 -1.0500000000e+01 -6.0000000000e+00 1.1000000000e+01
4.0879039857e-05 -1.4000000000e+01 -6.0000000000e+00 1.1000000000e+01
4.1740372696e-05 -1.0500000000e+01 -6.0000000000e+00 8.0000000000e+00
5.7222101506e-05 -1.1000000000e+01 -6.0000000000e+00 8.0000000000e+00
4.8228755037e-05 -1.2000000000e+01 -6.0000000000e+00 8.0000000000e+00
6.0627183452e-05 -1.1500000000e+01 -6.0000000000e+00 8.0000000000e+00
5.3771462555e-05 -9.5000000000e+00 -6.0000000000e+00 1.1000000000e+01
1.0875319657e-04 -1.3500000000e+01 -6.0000000000e+00 1.1000000000e+01
1.5659765372e-04 -1.0000000000e+01 -6.0000000000e+00 1.1000000000e+01
4.5894352287e-04 -1.2500000000e+01 -6.0000000000e+00 1.1000000000e+01
1.1583895662e-04 -1.3500000000e+01 -6.0000000000e+00 1.0500000000e+01
4.1482618753e-05 -1.4000000000e+01 -6.0000000000e+00 1.0500000000e+01
7.7482908354e-05 -9.5000000000e+00 -6.0000000000e+00 1.0500000000e+01
2.1435501877e-04 -1.0000000000e+01 -6.0000000000e+00 1.0500000000e+01
8.7348193092e-05 -1.2500000000e+01 -6.0000000000e+00 8.5000000000e+00
4.0258412329e-05 -1.3000000000e+01 -6.0000000000e+00 8.5000000000e+00
6.1489677880e-05 -1.0000000000e+01 -6.0000000000e+00 8.5000000000e+00
1.1153885066e-04 -1.0500000000e+01 -6.0000000000e+00 8.5000000000e+00
1.5588929207e-04 -1.1000000000e+01 -6.0000000000e+00 8.5000000000e+00
1.3603773667e-04 -1.2000000000e+01 -6.0000000000e+00 8.5000000000e+00
1.6729454600e-04 -1.1500000000e+01 -6.0000000000e+00 8.5000000000e+00
2.7892442912e-04 -1.3000000000e+01 -6.0000000000e+00 1.0500000000e+01
4.4267707570e-04 -1.0500000000e+01 -6.0000000000e+00 1.0500000000e+01
2.4990099630e-04 -1.3000000000e+01 -6.0000000000e+00 1.0000000000e+01
4.5359022774e-04 -1.0500000000e+01 -6.0000000000e+00 1.0000000000e+01
1.0058738139e-04 -1.3500000000e+01 -6.0000000000e+00 1.0000000000e+01
8.5423366541e-05 -9.5000000000e+00 -6.0000000000e+00 1.0000000000e+01
1.9378973287e-04 -1.2500000000e+01 -6.0000000000e+00 9.0000000000e+00
3.2987966141e-04 -1.1000000000e+01 -6.0000000000e+00 9.0000000000e+00
9.9648783905e-05 -1.3000000000e+01 -6.0000000000e+00 9.0000000000e+00
4.9004410170e-05 -9.5000000000e+00 -6.0000000000e+00 9.0000000000e+00
1.2094145603e-04 -1.0000000000e+01 -6.0000000000e+00 9.0000000000e+00
2.2967634796e-04 -1.0500000000e+01 -6.0000000000e+00 9.0000000000e+00
6.0718599026e-04 -1.1500000000e+01 -6.0000000000e+00 9.5000000000e+00
5.4094186822e-04 -1.1000000000e+01 -6.0000000000e+00 9.5000000000e+00
6.8826391321e-05 -1.3500000000e+01 -6.0000000000e+00 9.5000000000e+00
6.0151509398e-05 -1.1500000000e+01 -5.5000000000e+00 1.2000000000e+01
6.6544055706e-05 -1.2000000000e+01 -5.5000000000e+00 1.2000000000e+01
4.4619914632e-05 -1.1000000000e+01 -5.5000000000e+00 1.2000000000e+01
5.2770507361e-05 -1.2500000000e+01 -5.5000000000e+00 1.2000000000e+01
1.1289135756e-04 -1.1500000000e+01 -5.5000000000e+00 1.1500000000e+01
8.2952798064e-05 -1.1000000000e+01 -5.5000000000e+00 1.1500000000e+01
6.2293792230e-05 -1.3000000000e+01 -5.5000000000e+00 1.1500000000e+01
4.6945470631e-05 -1.0500000000e+01 -5.5000000000e+00 1.1500000000e+01
9.5001567690e-05 -1.2500000000e+01 -5.5000000000e+00 1.1500000000e+01
1.2051185142e-04 -1.2000000000e+01 -5.5000000000e+00 1.1500000000e+01
8.0654424607e-05 -1.3000000000e+01 -5.5000000000e+00 1.1000000000e+01
7.1425841085e-05 -1.0500000000e+01 -5.5000000000e+00 1.1000000000e+01
1.8096269288e-04 -1.1500000000e+01 -5.5000000000e+00 1.0500000000e+01
1.8141854710e-04 -1.2000000000e+01 -5.5000000000e+00 1.0500000000e+01
1.4500133013e-04 -1.1000000000e+01 -5.5000000000e+00 1.0500000000e+01
8.0872281259e-05 -1.3000000000e+01 -5.5000000000e+00 1.0500000000e+01
8.7450294618e-05 -1.0500000000e+01 -5.5000000000e+00 1.0500000000e+01
1.3412802762e-04 -1.2500000000e+01 -5.5000000000e+00 1.0500000000e+01
1.5152103188e-04 -1.2000000000e+01 -5.5000000000e+00 1.0000000000e+01
5.2373107373e-05 -1.1500000000e+01 -5.5000000000e+00 9.0000000000e+00
4.5239831797e-05 -1.1000000000e+01 -5.5000000000e+00 9.0000000000e+00
4.6725610754e-05 -1.2000000000e+01 -5.5000000000e+00 9.0000000000e+00
6.2118872167e-05 -1.3000000000e+01 -5.5000000000e+00 1.0000000000e+01
8.1447447003e-05 -1.0500000000e+01 -5.5000000000e+00 1.0000000000e+01
1.0840586081e-04 -1.2500000000e+01 -5.5000000000e+00 1.0000000000e+01
1.3057300040e-04 -1.1000000000e+01 -5.5000000000e+00 1.0000000000e+01
1.5837097484e-04 -1.1500000000e+01 -5.5000000000e+00 1.0000000000e+01
9.5638757795e-05 -1.2000000000e+01 -5.5000000000e+00 9.5000000000e+00
1.0473642750e-04 -1.1500000000e+01 -5.5000000000e+00 9.5000000000e+00
6.8657746145e-05 -1.2500000000e+01 -5.5000000000e+00 9.5000000000e+00
5.8024531697e-05 -1.0500000000e+01 -5.5000000000e+00 9.5000000000e+00
8.8660888779e-05 -1.1000000000e+01 -5.5000000000e+00 9.5000000000e+00
1.2810348421e-04 -1.2500000000e+01 -5.5000000000e+00 1.1000000000e+01
1.2540532888e-04 -1.1000000000e+01 -5.5000000000e+00 1.1000000000e+01
1.6889921590e-04 -1.2000000000e+01 -5.5000000000e+00 1.1000000000e+01
1.6311453150e-04 -1.1500000000e+01 -5.5000000000e+00 1.1000000000e+01
7.3447461100e-05 -9.5000000000e+00 -6.0000000000e+00 9.5000000000e+00
1.8960286433e-04 -1.0000000000e+01 -6.0000000000e+00 9.5000000000e+00
1.7731556910e-04 -1.3000000000e+01 -6.0000000000e+00 9.5000000000e+00
3.6603175019e-04 -1.0500000000e+01 -6.0000000000e+00 9.5000000000e+00
3.4714544480e-04 -1.2500000000e+01 -6.0000000000e+00 9.5000000000e+00
5.2294815031e-04 -1.2000000000e+01 -6.0000000000e+00 9.5000000000e+00
3.0115458716e-04 -1.2000000000e+01 -6.0000000000e+00 9.0000000000e+00
3.6117392985e-04 -1.1500000000e+01 -6.0000000000e+00 9.0000000000e+00
2.2755293741e-04 -1.0000000000e+01 -6.0000000000e+00 1.0000000000e+01
4.7919939199e-04 -1.2500000000e+01 -6.0000000000e+00 1.0000000000e+01
6.9122267696e-04 -1.1000000000e+01 -6.0000000000e+00 1.0000000000e+01
7.0836550003e-04 -1.2000000000e+01 -6.0000000000e+00 1.0000000000e+01
7.9683026427e-04 -1.1500000000e+01 -6.0000000000e+00 1.0000000000e+01
5.2098064536e-04 -1.2500000000e+01 -6.0000000000e+00 1.0500000000e+01
6.9536324792e-04 -1.1000000000e+01 -6.0000000000e+00 1.0500000000e+01
7.5203969355e-04 -1.2000000000e+01 -6.0000000000e+00 1.0500000000e+01
8.2046162060e-04 -1.1500000000e+01 -6.0000000000e+00 1.0500000000e+01
5.5134249392e-04 -1.1000000000e+01 -6.0000000000e+00 1.1000000000e+01
6.5793581738e-05 -9.0000000000e+00 -6.5000000000e+00 9.5000000000e+00
2.2986133763e-04 -9.5000000000e+00 -6.5000000000e+00 9.5000000000e+00
5.8792717894e-04 -1.0000000000e+01 -6.5000000000e+00 9.5000000000e+00
1.1202685450e-03 -1.0500000000e+01 -6.5000000000e+00 9.5000000000e+00
1.6075633244e-03 -1.1000000000e+01 -6.5000000000e+00 9.5000000000e+00
1.7586615629e-03 -1.1500000000e+01 -6.5000000000e+00 9.5000000000e+00
1.0107590553e-03 -1.1000000000e+01 -6.5000000000e+00 9.0000000000e+00
1.0796620491e-03 -1.1500000000e+01 -6.5000000000e+00 9.0000000000e+00
5.0077617087e-04 -1.1000000000e+01 -6.5000000000e+00 8.5000000000e+00
1.2520859051e-03 -1.0500000000e+01 -6.5000000000e+00 1.0500000000e+01
1.9099819292e-03 -1.1000000000e+01 -6.5000000000e+00 1.0500000000e+01
5.2711101268e-05 -1.1500000000e+01 -8.5000000000e+00 1.3000000000e+01
