inf
4.8712429426e-05 -1.1000000000e+01 -9.5000000000e+00 1.0000000000e+01
5.8299979055e-05 -1.1000000000e+01 -9.5000000000e+00 1.0500000000e+01
1.8813920248e-04 -1.1500000000e+01 -9.0000000000e+00 1.0500000000e+01
2.9794130364e-04 -1.1000000000e+01 -9.0000000000e+00 1.0500000000e+01
7.9707071801e-05 -1.2000000000e+01 -9.0000000000e+00 1.0500000000e+01
3.2819806950e-04 -1.0500000000e+01 -9.0000000000e+00 1.0500000000e+01
6.6014817503e-05 -1.0500000000e+01 -9.5000000000e+00 1.0500000000e+01
1.4388414152e-04 -1.1500000000e+01 -9.0000000000e+00 1.0000000000e+01
2.8384772080e-04 -1.1000000000e+01 -9.0000000000e+00 1.0000000000e+01
3.3174378233e-04 -1.0500000000e+01 -9.0000000000e+00 1.0000000000e+01
6.4919073067e-05 -1.0500000000e+01 -9.5000000000e+00 1.0000000000e+01
4.9534991696e-05 -1.1000000000e+01 -9.0000000000e+00 9.0000000000e+00
8.3935623253e-05 -1.0500000000e+01 -9.0000000000e+00 9.0000000000e+00
4.7433209539e-05 -1.1500000000e+01 -9.0000000000e+00 9.5000000000e+00
1.2770350697e-04 -1.1000000000e+01 -9.0000000000e+00 9.5000000000e+00
1.8847932852e-04 -1.0500000000e+01 -9.0000000000e+00 9.5000000000e+00
5.4237707199e-05 -1.1000000000e+01 -9.5000000000e+00 1.1000000000e+01
1.7497202965e-04 -1.1500000000e+01 -9.0000000000e+00 1.1000000000e+01
2.7411068862e-04 -1.1000000000e+01 -9.0000000000e+00 1.1000000000e+01
7.7107548254e-05 -1.2000000000e+01 -9.0000000000e+00 1.1000000000e+01
2.8504457002e-04 -1.0500000000e+01 -9.0000000000e+00 1.1000000000e+01
5.9043835174e-05 -1.0500000000e+01 -9.5000000000e+00 1.1000000000e+01
8.0485438290e-04 -1.1500000000e+01 -8.5000000000e+00 1.1000000000e+01
1.0770995505e-03 -1.1000000000e+01 -8.5000000000e+00 1.1000000000e+01
3.9044168407e-04 -1.2000000000e+01 -8.5000000000e+00 1.1000000000e+01
1.0125199771e-03 -1.0500000000e+01 -8.5000000000e+00 1.1000000000e+01
1.2131381335e-04 -1.2500000000e+01 -8.5000000000e+00 1.1000000000e+01
6.5102883653e-04 -1.0000000000e+01 -8.5000000000e+00 1.1000000000e+01
2.0625890179e-04 -1.0000000000e+01 -9.0000000000e+00 1.1000000000e+01
4.4489778541e-05 -1.0000000000e+01 -9.5000000000e+00 1.1000000000e+01
8.5971482673e-04 -1.1500000000e+01 -8.5000000000e+00 1.0500000000e+01
1.1907172781e-03 -1.1000000000e+01 -8.5000000000e+00 1.0500000000e+01
4.1964204394e-04 -1.2000000000e+01 -8.5000000000e+00 1.0500000000e+01
1.1660011039e-03 -1.0500000000e+01 -8.5000000000e+00 1.0500000000e+01
1.2547594776e-04 -1.2500000000e+01 -8.5000000000e+00 1.0500000000e+01
7.9206281211e-04 -1.0000000000e+01 -8.5000000000e+00 1.0500000000e+01
2.5335490124e-04 -1.0000000000e+01 -9.0000000000e+00 1.0500000000e+01
5.4285769743e-05 -1.0000000000e+01 -9.5000000000e+00 1.0500000000e+01
9.3307589633e-05 -1.1000000000e+01 -8.5000000000e+00 8.5000000000e+00
1.4858384368e-04 -1.0500000000e+01 -8.5000000000e+00 8.5000000000e+00
1.4691926842e-04 -1.0000000000e+01 -8.5000000000e+00 8.5000000000e+00
7.8051422240e-04 -1.1500000000e+01 -8.5000000000e+00 1.0000000000e+01
1.1825348079e-03 -1.1000000000e+01 -8.5000000000e+00 1.0000000000e+01
3.0428201907e-04 -1.2000000000e+01 -8.5000000000e+00 1.0000000000e+01
1.1876506851e-03 -1.0500000000e+01 -8.5000000000e+00 1.0000000000e+01
5.0083910258e-05 -1.2500000000e+01 -8.5000000000e+00 1.0000000000e+01
8.3342864378e-04 -1.0000000000e+01 -8.5000000000e+00 1.0000000000e+01
2.6729033778e-04 -1.0000000000e+01 -9.0000000000e+00 1.0000000000e+01
5.6225949648e-05 -1.0000000000e+01 -9.5000000000e+00 1.0000000000e+01
1.3134292385e-04 -1.1500000000e+01 -8.5000000000e+00 9.0000000000e+00
2.9859228879e-04 -1.1000000000e+01 -8.5000000000e+00 9.0000000000e+00
3.8251491126e-04 -1.0500000000e+01 -8.5000000000e+00 9.0000000000e+00
3.3404158931e-04 -1.0000000000e+01 -8.5000000000e+00 9.0000000000e+00
9.0304826435e-05 -1.0000000000e+01 -9.0000000000e+00 9.0000000000e+00
3.4671461030e-04 -1.1500000000e+01 -8.5000000000e+00 9.5000000000e+00
6.6624030726e-04 -1.1000000000e+01 -8.5000000000e+00 9.5000000000e+00
9.3840284306e-05 -1.2000000000e+01 -8.5000000000e+00 9.5000000000e+00
7.7228014077e-04 -1.0500000000e+01 -8.5000000000e+00 9.5000000000e+00
6.2704397931e-04 -1.0000000000e+01 -8.5000000000e+00 9.5000000000e+00
1.8531423855e-04 -1.0000000000e+01 -9.0000000000e+00 9.5000000000e+00
4.1821469531e-05 -1.1000000000e+01 -9.5000000000e+00 1.1500000000e+01
1.4175131188e-04 -1.1500000000e+01 -9.0000000000e+00 1.1500000000e+01
2.0764074133e-04 -1.1000000000e+01 -9.0000000000e+00 1.1500000000e+01
6.3690413580e-05 -1.2000000000e+01 -9.0000000000e+00 1.1500000000e+01
2.0607176235e-04 -1.0500000000e+01 -9.0000000000e+00 1.1500000000e+01
4.2578637962e-05 -1.0500000000e+01 -9.5000000000e+00 1.1500000000e+01
6.4543580247e-04 -1.1500000000e+01 -8.5000000000e+00 1.1500000000e+01
7.9357485318e-04 -1.1000000000e+01 -8.5000000000e+00 1.1500000000e+01
3.2564416211e-04 -1.2000000000e+01 -8.5000000000e+00 1.1500000000e+01
7.0960516196e-04 -1.0500000000e+01 -8.5000000000e+00 1.1500000000e+01
1.0342755736e-04 -1.2500000000e+01 -8.5000000000e+00 1.1500000000e+01
4.2276837664e-04 -1.0000000000e+01 -8.5000000000e+00 1.1500000000e+01
1.3852548459e-04 -1.0000000000e+01 -9.0000000000e+00 1.1500000000e+01
1.7919205335e-03 -1.1500000000e+01 -8.0000000000e+00 1.1500000000e+01
1.9448107542e-03 -1.1000000000e+01 -8.0000000000e+00 1.1500000000e+01
1.0518798922e-03 -1.2000000000e+01 -8.0000000000e+00 1.1500000000e+01
1.6186077624e-03 -1.0500000000e+01 -8.0000000000e+00 1.1500000000e+01
4.2327819654e-04 -1.2500000000e+01 -8.0000000000e+00 1.1500000000e+01
8.9791172737e-04 -1.0000000000e+01 -8.0000000000e+00 1.1500000000e+01
1.0002613241e-04 -1.3000000000e+01 -8.0000000000e+00 1.1500000000e+01
3.4574478058e-04 -9.5000000000e+00 -8.0000000000e+00 1.1500000000e+01
1.7339311845e-04 -9.5000000000e+00 -8.5000000000e+00 1.1500000000e+01
6.2493042253e-05 -9.5000000000e+00 -9.0000000000e+00 1.1500000000e+01
2.2948716136e-03 -1.1500000000e+01 -8.0000000000e+00 1.1000000000e+01
2.6759289410e-03 -1.1000000000e+01 -8.0000000000e+00 1.1000000000e+01
1.2775036963e-03 -1.2000000000e+01 -8.0000000000e+00 1.1000000000e+01
2.3614330416e-03 -1.0500000000e+01 -8.0000000000e+00 1.1000000000e+01
4.9743834760e-04 -1.2500000000e+01 -8.0000000000e+00 1.1000000000e+01
1.4105519110e-03 -1.0000000000e+01 -8.0000000000e+00 1.1000000000e+01
1.1521605925e-04 -1.3000000000e+01 -8.0000000000e+00 1.1000000000e+01
5.8738897184e-04 -9.5000000000e+00 -8.0000000000e+00 1.1000000000e+01
2.9073241055e-04 -9.5000000000e+00 -8.5000000000e+00 1.1000000000e+01
1.0163858650e-04 -9.5000000000e+00 -9.0000000000e+00 1.1000000000e+01
7.9350210164e-05 -1.1000000000e+01 -8.0000000000e+00 8.0000000000e+00
1.1070432846e-04 -1.0500000000e+01 -8.0000000000e+00 8.0000000000e+00
1.0720921724e-04 -1.0000000000e+01 -8.0000000000e+00 8.0000000000e+00
6.8470949522e-05 -9.5000000000e+00 -8.0000000000e+00 8.0000000000e+00
2.4425901935e-03 -1.1500000000e+01 -8.0000000000e+00 1.0500000000e+01
2.9439215009e-03 -1.1000000000e+01 -8.0000000000e+00 1.0500000000e+01
1.3567808266e-03 -1.2000000000e+01 -8.0000000000e+00 1.0500000000e+01
2.6995728823e-03 -1.0500000000e+01 -8.0000000000e+00 1.0500000000e+01
5.2448398701e-04 -1.2500000000e+01 -8.0000000000e+00 1.0500000000e+01
1.7028078727e-03 -1.0000000000e+01 -8.0000000000e+00 1.0500000000e+01
1.1724482864e-04 -1.3000000000e+01 -8.0000000000e+00 1.0500000000e+01
7.5217026892e-04 -9.5000000000e+00 -8.0000000000e+00 1.0500000000e+01
3.7188951296e-04 -9.5000000000e+00 -8.5000000000e+00 1.0500000000e+01
1.2955217106e-04 -9.5000000000e+00 -9.0000000000e+00 1.0500000000e+01
1.7492883652e-04 -1.1500000000e+01 -8.0000000000e+00 8.5000000000e+00
3.4147842148e-04 -1.1000000000e+01 -8.0000000000e+00 8.5000000000e+00
4.6042344222e-05 -1.2000000000e+01 -8.0000000000e+00 8.5000000000e+00
4.1019472143e-04 -1.0500000000e+01 -8.0000000000e+00 8.5000000000e+00
3.4828766270e-04 -1.0000000000e+01 -8.0000000000e+00 8.5000000000e+00
1.9602923018e-04 -9.5000000000e+00 -8.0000000000e+00 8.5000000000e+00
9.2802677421e-05 -9.5000000000e+00 -8.5000000000e+00 8.5000000000e+00
2.2958226133e-03 -1.1500000000e+01 -8.0000000000e+00 1.0000000000e+01
2.9372854420e-03 -1.1000000000e+01 -8.0000000000e+00 1.0000000000e+01
1.1462634497e-03 -1.2000000000e+01 -8.0000000000e+00 1.0000000000e+01
2.7422266441e-03 -1.0500000000e+01 -8.0000000000e+00 1.0000000000e+01
3.6113227833e-04 -1.2500000000e+01 -8.0000000000e+00 1.0000000000e+01
1.7747075544e-03 -1.0000000000e+01 -8.0000000000e+00 1.0000000000e+01
5.1333765428e-05 -1.3000000000e+01 -8.0000000000e+00 1.0000000000e+01
8.0050587475e-04 -9.5000000000e+00 -8.0000000000e+00 1.0000000000e+01
3.9960730997e-04 -9.5000000000e+00 -8.5000000000e+00 1.0000000000e+01
1.4083180671e-04 -9.5000000000e+00 -9.0000000000e+00 1.0000000000e+01
5.6122580293e-04 -1.1500000000e+01 -8.0000000000e+00 9.0000000000e+00
9.1174908137e-04 -1.1000000000e+01 -8.0000000000e+00 9.0000000000e+00
2.1086426120e-04 -1.2000000000e+01 -8.0000000000e+00 9.0000000000e+00
9.8109646206e-04 -1.0500000000e+01 -8.0000000000e+00 9.0000000000e+00
7.6487388831e-04 -1.0000000000e+01 -8.0000000000e+00 9.0000000000e+00
4.0126931402e-04 -9.5000000000e+00 -8.0000000000e+00 9.0000000000e+00
1.9269457175e-04 -9.5000000000e+00 -8.5000000000e+00 9.0000000000e+00
6.1941909258e-05 -9.5000000000e+00 -9.0000000000e+00 9.0000000000e+00
1.2518412306e-03 -1.1500000000e+01 -8.0000000000e+00 9.5000000000e+00
1.8470477268e-03 -1.1000000000e+01 -8.0000000000e+00 9.5000000000e+00
5.4454492112e-04 -1.2000000000e+01 -8.0000000000e+00 9.5000000000e+00
1.8844844355e-03 -1.0500000000e+01 -8.0000000000e+00 9.5000000000e+00
1.2603868231e-04 -1.2500000000e+01 -8.0000000000e+00 9.5000000000e+00
1.3710113833e-03 -1.0000000000e+01 -8.0000000000e+00 9.5000000000e+00
6.8051227033e-04 -9.5000000000e+00 -8.0000000000e+00 9.5000000000e+00
3.4020679923e-04 -9.5000000000e+00 -8.5000000000e+00 9.5000000000e+00
1.1762123520e-04 -9.5000000000e+00 -9.0000000000e+00 9.5000000000e+00
9.5270277175e-05 -1.1500000000e+01 -9.0000000000e+00 1.2000000000e+01
1.2606396036e-04 -1.1000000000e+01 -9.0000000000e+00 1.2000000000e+01
4.5900804912e-05 -1.2000000000e+01 -9.0000000000e+00 1.2000000000e+01
1.1526662449e-04 -1.0500000000e+01 -9.0000000000e+00 1.2000000000e+01
4.0568948182e-04 -1.1500000000e+01 -8.5000000000e+00 1.2000000000e+01
4.4995043434e-04 -1.1000000000e+01 -8.5000000000e+00 1.2000000000e+01
2.2627422611e-04 -1.2000000000e+01 -8.5000000000e+00 1.2000000000e+01
3.6882506909e-04 -1.0500000000e+01 -8.5000000000e+00 1.2000000000e+01
7.9985088696e-05 -1.2500000000e+01 -8.5000000000e+00 1.2000000000e+01
1.9824750185e-04 -1.0000000000e+01 -8.5000000000e+00 1.2000000000e+01
6.8189432228e-05 -1.0000000000e+01 -9.0000000000e+00 1.2000000000e+01
1.0486873991e-03 -1.1500000000e+01 -8.0000000000e+00 1.2000000000e+01
1.0685312956e-03 -1.1000000000e+01 -8.0000000000e+00 1.2000000000e+01
6.7388336417e-04 -1.2000000000e+01 -8.0000000000e+00 1.2000000000e+01
8.1258002464e-04 -1.0500000000e+01 -8.0000000000e+00 1.2000000000e+01
2.9732523232e-04 -1.2500000000e+01 -8.0000000000e+00 1.2000000000e+01
4.1448214832e-04 -1.0000000000e+01 -8.0000000000e+00 1.2000000000e+01
7.8169502796e-05 -1.3000000000e+01 -8.0000000000e+00 1.2000000000e+01
1.4680167313e-04 -9.5000000000e+00 -8.0000000000e+00 1.2000000000e+01
7.3490896684e-05 -9.5000000000e+00 -8.5000000000e+00 1.2000000000e+01
1.9625322992e-03 -1.1500000000e+01 -7.5000000000e+00 1.2000000000e+01
1.9127047003e-03 -1.1000000000e+01 -7.5000000000e+00 1.2000000000e+01
1.3765473012e-03 -1.2000000000e+01 -7.5000000000e+00 1.2000000000e+01
1.3674580522e-03 -1.0500000000e+01 -7.5000000000e+00 1.2000000000e+01
6.7752542508e-04 -1.2500000000e+01 -7.5000000000e+00 1.2000000000e+01
6.6923649156e-04 -1.0000000000e+01 -7.5000000000e+00 1.2000000000e+01
2.1859360238e-04 -1.3000000000e+01 -7.5000000000e+00 1.2000000000e+01
2.2667684539e-04 -9.5000000000e+00 -7.5000000000e+00 1.2000000000e+01
4.1218425371e-05 -1.3500000000e+01 -7.5000000000e+00 1.2000000000e+01
5.1406372817e-05 -9.0000000000e+00 -7.5000000000e+00 1.2000000000e+01
3.4479508017e-03 -1.1500000000e+01 -7.5000000000e+00 1.1500000000e+01
3.5187176012e-03 -1.1000000000e+01 -7.5000000000e+00 1.1500000000e+01
2.2267514178e-03 -1.2000000000e+01 -7.5000000000e+00 1.1500000000e+01
2.7428402936e-03 -1.0500000000e+01 -7.5000000000e+00 1.1500000000e+01
1.0151272462e-03 -1.2500000000e+01 -7.5000000000e+00 1.1500000000e+01
1.4424861771e-03 -1.0000000000e+01 -7.5000000000e+00 1.1500000000e+01
3.0049521287e-04 -1.3000000000e+01 -7.5000000000e+00 1.1500000000e+01
5.2609581646e-04 -9.5000000000e+00 -7.5000000000e+00 1.1500000000e+01
5.6074131170e-05 -1.3500000000e+01 -7.5000000000e+00 1.1500000000e+01
1.2975274934e-04 -9.0000000000e+00 -7.5000000000e+00 1.1500000000e+01
9.2130884357e-05 -9.0000000000e+00 -8.0000000000e+00 1.1500000000e+01
4.8811121990e-05 -9.0000000000e+00 -8.5000000000e+00 1.1500000000e+01
5.0476272048e-05 -1.0500000000e+01 -7.5000000000e+00 7.5000000000e+00
4.6103252851e-05 -1.0000000000e+01 -7.5000000000e+00 7.5000000000e+00
4.4860995049e-03 -1.1500000000e+01 -7.5000000000e+00 1.1000000000e+01
4.8365707240e-03 -1.1000000000e+01 -7.5000000000e+00 1.1000000000e+01
2.7222245909e-03 -1.2000000000e+01 -7.5000000000e+00 1.1000000000e+01
4.0564954027e-03 -1.0500000000e+01 -7.5000000000e+00 1.1000000000e+01
1.1922914858e-03 -1.2500000000e+01 -7.5000000000e+00 1.1000000000e+01
2.2891238955e-03 -1.0000000000e+01 -7.5000000000e+00 1.1000000000e+01
3.4031105151e-04 -1.3000000000e+01 -7.5000000000e+00 1.1000000000e+01
8.9861355299e-04 -9.5000000000e+00 -7.5000000000e+00 1.1000000000e+01
6.2229091570e-05 -1.3500000000e+01 -7.5000000000e+00 1.1000000000e+01
2.4136939940e-04 -9.0000000000e+00 -7.5000000000e+00 1.1000000000e+01
1.7042198570e-04 -9.0000000000e+00 -8.0000000000e+00 1.1000000000e+01
8.9734411640e-05 -9.0000000000e+00 -8.5000000000e+00 1.1000000000e+01
1.0338140516e-04 -1.1500000000e+01 -7.5000000000e+00 8.0000000000e+00
1.8572455463e-04 -1.1000000000e+01 -7.5000000000e+00 8.0000000000e+00
2.2329442603e-04 -1.0500000000e+01 -7.5000000000e+00 8.0000000000e+00
1.9580123884e-04 -1.0000000000e+01 -7.5000000000e+00 8.0000000000e+00
1.1310272539e-04 -9.5000000000e+00 -7.5000000000e+00 8.0000000000e+00
4.4891369770e-05 -9.0000000000e+00 -7.5000000000e+00 8.0000000000e+00
4.7662446952e-03 -1.1500000000e+01 -7.5000000000e+00 1.0500000000e+01
5.2612851544e-03 -1.1000000000e+01 -7.5000000000e+00 1.0500000000e+01
2.8750007964e-03 -1.2000000000e+01 -7.5000000000e+00 1.0500000000e+01
4.5913437103e-03 -1.0500000000e+01 -7.5000000000e+00 1.0500000000e+01
1.2482637680e-03 -1.2500000000e+01 -7.5000000000e+00 1.0500000000e+01
2.7498467632e-03 -1.0000000000e+01 -7.5000000000e+00 1.0500000000e+01
3.4893670265e-04 -1.3000000000e+01 -7.5000000000e+00 1.0500000000e+01
1.1549953262e-03 -9.5000000000e+00 -7.5000000000e+00 1.0500000000e+01
6.2135999717e-05 -1.3500000000e+01 -7.5000000000e+00 1.0500000000e+01
3.3777904042e-04 -9.0000000000e+00 -7.5000000000e+00 1.0500000000e+01
2.3471985896e-04 -9.0000000000e+00 -8.0000000000e+00 1.0500000000e+01
1.2291182963e-04 -9.0000000000e+00 -8.5000000000e+00 1.0500000000e+01
4.5156390449e-05 -9.0000000000e+00 -9.0000000000e+00 1.0500000000e+01
4.4386153130e-04 -1.1500000000e+01 -7.5000000000e+00 8.5000000000e+00
7.0348263332e-04 -1.1000000000e+01 -7.5000000000e+00 8.5000000000e+00
1.8021434682e-04 -1.2000000000e+01 -7.5000000000e+00 8.5000000000e+00
7.5152323783e-04 -1.0500000000e+01 -7.5000000000e+00 8.5000000000e+00
5.8905018885e-04 -1.0000000000e+01 -7.5000000000e+00 8.5000000000e+00
3.0932613902e-04 -9.5000000000e+00 -7.5000000000e+00 8.5000000000e+00
1.1400390440e-04 -9.0000000000e+00 -7.5000000000e+00 8.5000000000e+00
7.7313653533e-05 -9.0000000000e+00 -8.0000000000e+00 8.5000000000e+00
4.4264634973e-03 -1.1500000000e+01 -7.5000000000e+00 1.0000000000e+01
5.1607503958e-03 -1.1000000000e+01 -7.5000000000e+00 1.0000000000e+01
2.4463367945e-03 -1.2000000000e+01 -7.5000000000e+00 1.0000000000e+01
4.6145801555e-03 -1.0500000000e+01 -7.5000000000e+00 1.0000000000e+01
9.4609648921e-04 -1.2500000000e+01 -7.5000000000e+00 1.0000000000e+01
2.8308483526e-03 -1.0000000000e+01 -7.5000000000e+00 1.0000000000e+01
2.2124195407e-04 -1.3000000000e+01 -7.5000000000e+00 1.0000000000e+01
1.2172910486e-03 -9.5000000000e+00 -7.5000000000e+00 1.0000000000e+01
3.6613185653e-04 -9.0000000000e+00 -7.5000000000e+00 1.0000000000e+01
2.5432467439e-04 -9.0000000000e+00 -8.0000000000e+00 1.0000000000e+01
1.3381302269e-04 -9.0000000000e+00 -8.5000000000e+00 1.0000000000e+01
4.9437276801e-05 -9.0000000000e+00 -9.0000000000e+00 1.0000000000e+01
1.2451148184e-03 -1.1500000000e+01 -7.5000000000e+00 9.0000000000e+00
1.7472516593e-03 -1.1000000000e+01 -7.5000000000e+00 9.0000000000e+00
5.8678274088e-04 -1.2000000000e+01 -7.5000000000e+00 9.0000000000e+00
1.7519099598e-03 -1.0500000000e+01 -7.5000000000e+00 9.0000000000e+00
1.7583504799e-04 -1.2500000000e+01 -7.5000000000e+00 9.0000000000e+00
1.2677776073e-03 -1.0000000000e+01 -7.5000000000e+00 9.0000000000e+00
6.2641397999e-04 -9.5000000000e+00 -7.5000000000e+00 9.0000000000e+00
2.1778119451e-04 -9.0000000000e+00 -7.5000000000e+00 9.0000000000e+00
1.4887373629e-04 -9.0000000000e+00 -8.0000000000e+00 9.0000000000e+00
7.7157867504e-05 -9.0000000000e+00 -8.5000000000e+00 9.0000000000e+00
2.6209416067e-03 -1.1500000000e+01 -7.5000000000e+00 9.5000000000e+00
3.3988836451e-03 -1.1000000000e+01 -7.5000000000e+00 9.5000000000e+00
1.3341238196e-03 -1.2000000000e+01 -7.5000000000e+00 9.5000000000e+00
3.2674956854e-03 -1.0500000000e+01 -7.5000000000e+00 9.5000000000e+00
4.5957003254e-04 -1.2500000000e+01 -7.5000000000e+00 9.5000000000e+00
2.2090321874e-03 -1.0000000000e+01 -7.5000000000e+00 9.5000000000e+00
8.7974188495e-05 -1.3000000000e+01 -7.5000000000e+00 9.5000000000e+00
1.0323010154e-03 -9.5000000000e+00 -7.5000000000e+00 9.5000000000e+00
3.3860554628e-04 -9.0000000000e+00 -7.5000000000e+00 9.5000000000e+00
2.3835573057e-04 -9.0000000000e+00 -8.0000000000e+00 9.5000000000e+00
1.2812663829e-04 -9.0000000000e+00 -8.5000000000e+00 9.5000000000e+00
4.8336128694e-05 -9.0000000000e+00 -9.0000000000e+00 9.5000000000e+00
5.0654109121e-05 -1.1500000000e+01 -9.0000000000e+00 1.2500000000e+01
5.5496532458e-05 -1.1000000000e+01 -9.0000000000e+00 1.2500000000e+01
4.2601743093e-05 -1.0500000000e+01 -9.0000000000e+00 1.2500000000e+01
1.7910250336e-04 -1.1500000000e+01 -8.5000000000e+00 1.2500000000e+01
1.7873406731e-04 -1.1000000000e+01 -8.5000000000e+00 1.2500000000e+01
1.1691615738e-04 -1.2000000000e+01 -8.5000000000e+00 1.2500000000e+01
1.2625330958e-04 -1.0500000000e+01 -8.5000000000e+00 1.2500000000e+01
4.9812999431e-05 -1.2500000000e+01 -8.5000000000e+00 1.2500000000e+01
5.9671366995e-05 -1.0000000000e+01 -8.5000000000e+00 1.2500000000e+01
4.2829180260e-04 -1.1500000000e+01 -8.0000000000e+00 1.2500000000e+01
4.0773692388e-04 -1.1000000000e+01 -8.0000000000e+00 1.2500000000e+01
3.0727471792e-04 -1.2000000000e+01 -8.0000000000e+00 1.2500000000e+01
2.7547791869e-04 -1.0500000000e+01 -8.0000000000e+00 1.2500000000e+01
1.5223051255e-04 -1.2500000000e+01 -8.0000000000e+00 1.2500000000e+01
1.2798251978e-04 -1.0000000000e+01 -8.0000000000e+00 1.2500000000e+01
4.9285312211e-05 -1.3000000000e+01 -8.0000000000e+00 1.2500000000e+01
4.1063857485e-05 -9.5000000000e+00 -8.0000000000e+00 1.2500000000e+01
7.8843136826e-04 -1.1500000000e+01 -7.5000000000e+00 1.2500000000e+01
7.2548573440e-04 -1.1000000000e+01 -7.5000000000e+00 1.2500000000e+01
5.9977756858e-04 -1.2000000000e+01 -7.5000000000e+00 1.2500000000e+01
4.7458440141e-04 -1.0500000000e+01 -7.5000000000e+00 1.2500000000e+01
3.2186769511e-04 -1.2500000000e+01 -7.5000000000e+00 1.2500000000e+01
2.1567454019e-04 -1.0000000000e+01 -7.5000000000e+00 1.2500000000e+01
1.1701601822e-04 -1.3000000000e+01 -7.5000000000e+00 1.2500000000e+01
6.7287850295e-05 -9.5000000000e+00 -7.5000000000e+00 1.2500000000e+01
1.1294544616e-03 -1.1500000000e+01 -7.0000000000e+00 1.2500000000e+01
9.9890820879e-04 -1.1000000000e+01 -7.0000000000e+00 1.2500000000e+01
9.2087658344e-04 -1.2000000000e+01 -7.0000000000e+00 1.2500000000e+01
6.2430968411e-04 -1.0500000000e+01 -7.0000000000e+00 1.2500000000e+01
5.2850168263e-04 -1.2500000000e+01 -7.0000000000e+00 1.2500000000e+01
2.7296565201e-04 -1.0000000000e+01 -7.0000000000e+00 1.2500000000e+01
2.0904761416e-04 -1.3000000000e+01 -7.0000000000e+00 1.2500000000e+01
8.1691914689e-05 -9.5000000000e+00 -7.0000000000e+00 1.2500000000e+01
5.6655431926e-05 -1.3500000000e+01 -7.0000000000e+00 1.2500000000e+01
2.7577861449e-03 -1.1500000000e+01 -7.0000000000e+00 1.2000000000e+01
2.5578782087e-03 -1.1000000000e+01 -7.0000000000e+00 1.2000000000e+01
2.0964145186e-03 -1.2000000000e+01 -7.0000000000e+00 1.2000000000e+01
1.7194523564e-03 -1.0500000000e+01 -7.0000000000e+00 1.2000000000e+01
1.1309895466e-03 -1.2500000000e+01 -7.0000000000e+00 1.2000000000e+01
8.0983938895e-04 -1.0000000000e+01 -7.0000000000e+00 1.2000000000e+01
4.1148488672e-04 -1.3000000000e+01 -7.0000000000e+00 1.2000000000e+01
2.6198011506e-04 -9.5000000000e+00 -7.0000000000e+00 1.2000000000e+01
9.1827538728e-05 -1.3500000000e+01 -7.0000000000e+00 1.2000000000e+01
5.4584140101e-05 -9.0000000000e+00 -7.0000000000e+00 1.2000000000e+01
4.8588160527e-03 -1.1500000000e+01 -7.0000000000e+00 1.1500000000e+01
4.7137940351e-03 -1.1000000000e+01 -7.0000000000e+00 1.1500000000e+01
3.4312776252e-03 -1.2000000000e+01 -7.0000000000e+00 1.1500000000e+01
3.4280562952e-03 -1.0500000000e+01 -7.0000000000e+00 1.1500000000e+01
1.7272462994e-03 -1.2500000000e+01 -7.0000000000e+00 1.1500000000e+01
1.7257440951e-03 -1.0000000000e+01 -7.0000000000e+00 1.1500000000e+01
5.8341556959e-04 -1.3000000000e+01 -7.0000000000e+00 1.1500000000e+01
6.0175429333e-04 -9.5000000000e+00 -7.0000000000e+00 1.1500000000e+01
1.2427602828e-04 -1.3500000000e+01 -7.0000000000e+00 1.1500000000e+01
1.3861409415e-04 -9.0000000000e+00 -7.0000000000e+00 1.1500000000e+01
4.0241401123e-05 -1.1500000000e+01 -7.0000000000e+00 7.5000000000e+00
6.4824528275e-05 -1.1000000000e+01 -7.0000000000e+00 7.5000000000e+00
7.5847621534e-05 -1.0500000000e+01 -7.0000000000e+00 7.5000000000e+00
7.0751533709e-05 -1.0000000000e+01 -7.0000000000e+00 7.5000000000e+00
4.1480888749e-05 -9.5000000000e+00 -7.0000000000e+00 7.5000000000e+00
6.3984430520e-03 -1.1500000000e+01 -7.0000000000e+00 1.1000000000e+01
6.5046068672e-03 -1.1000000000e+01 -7.0000000000e+00 1.1000000000e+01
4.1962881329e-03 -1.2000000000e+01 -7.0000000000e+00 1.1000000000e+01
5.1435568067e-03 -1.0500000000e+01 -7.0000000000e+00 1.1000000000e+01
2.0041752318e-03 -1.2500000000e+01 -7.0000000000e+00 1.1000000000e+01
2.7720145186e-03 -1.0000000000e+01 -7.0000000000e+00 1.1000000000e+01
6.4672386274e-04 -1.3000000000e+01 -7.0000000000e+00 1.1000000000e+01
1.0393379099e-03 -9.5000000000e+00 -7.0000000000e+00 1.1000000000e+01
1.3527679036e-04 -1.3500000000e+01 -7.0000000000e+00 1.1000000000e+01
2.6101336067e-04 -9.0000000000e+00 -7.0000000000e+00 1.1000000000e+01
4.4868158637e-05 -8.5000000000e+00 -7.0000000000e+00 1.1000000000e+01
4.3108517350e-05 -8.5000000000e+00 -7.5000000000e+00 1.1000000000e+01
1.8729428772e-04 -1.1500000000e+01 -7.0000000000e+00 8.0000000000e+00
2.9869225944e-04 -1.1000000000e+01 -7.0000000000e+00 8.0000000000e+00
7.8975682883e-05 -1.2000000000e+01 -7.0000000000e+00 8.0000000000e+00
3.2562164536e-04 -1.0500000000e+01 -7.0000000000e+00 8.0000000000e+00
2.6403854555e-04 -1.0000000000e+01 -7.0000000000e+00 8.0000000000e+00
1.4268120716e-04 -9.5000000000e+00 -7.0000000000e+00 8.0000000000e+00
5.3598433921e-05 -9.0000000000e+00 -7.0000000000e+00 8.0000000000e+00
6.7732220421e-03 -1.1500000000e+01 -7.0000000000e+00 1.0500000000e+01
7.0236765970e-03 -1.1000000000e+01 -7.0000000000e+00 1.0500000000e+01
4.3686756792e-03 -1.2000000000e+01 -7.0000000000e+00 1.0500000000e+01
5.8495929308e-03 -1.0500000000e+01 -7.0000000000e+00 1.0500000000e+01
2.0639849238e-03 -1.2500000000e+01 -7.0000000000e+00 1.0500000000e+01
3.3700210917e-03 -1.0000000000e+01 -7.0000000000e+00 1.0500000000e+01
6.5678886055e-04 -1.3000000000e+01 -7.0000000000e+00 1.0500000000e+01
1.3611255796e-03 -9.5000000000e+00 -7.0000000000e+00 1.0500000000e+01
1.3446413872e-04 -1.3500000000e+01 -7.0000000000e+00 1.0500000000e+01
3.7484901082e-04 -9.0000000000e+00 -7.0000000000e+00 1.0500000000e+01
6.8398200735e-05 -8.5000000000e+00 -7.0000000000e+00 1.0500000000e+01
6.4744886841e-05 -8.5000000000e+00 -7.5000000000e+00 1.0500000000e+01
4.6761389289e-05 -8.5000000000e+00 -8.0000000000e+00 1.0500000000e+01
7.2464064698e-04 -1.1500000000e+01 -7.0000000000e+00 8.5000000000e+00
1.0233697515e-03 -1.1000000000e+01 -7.0000000000e+00 8.5000000000e+00
3.3946561846e-04 -1.2000000000e+01 -7.0000000000e+00 8.5000000000e+00
1.0273923031e-03 -1.0500000000e+01 -7.0000000000e+00 8.5000000000e+00
1.0482735976e-04 -1.2500000000e+01 -7.0000000000e+00 8.5000000000e+00
7.5761967301e-04 -1.0000000000e+01 -7.0000000000e+00 8.5000000000e+00
3.8011458031e-04 -9.5000000000e+00 -7.0000000000e+00 8.5000000000e+00
1.3289541512e-04 -9.0000000000e+00 -7.0000000000e+00 8.5000000000e+00
6.1741744588e-03 -1.1500000000e+01 -7.0000000000e+00 1.0000000000e+01
6.7225432323e-03 -1.1000000000e+01 -7.0000000000e+00 1.0000000000e+01
3.6843133048e-03 -1.2000000000e+01 -7.0000000000e+00 1.0000000000e+01
5.7949881710e-03 -1.0500000000e+01 -7.0000000000e+00 1.0000000000e+01
1.5922772284e-03 -1.2500000000e+01 -7.0000000000e+00 1.0000000000e+01
3.4352803278e-03 -1.0000000000e+01 -7.0000000000e+00 1.0000000000e+01
4.4602562460e-04 -1.3000000000e+01 -7.0000000000e+00 1.0000000000e+01
1.4291812389e-03 -9.5000000000e+00 -7.0000000000e+00 1.0000000000e+01
8.1328368010e-05 -1.3500000000e+01 -7.0000000000e+00 1.0000000000e+01
4.1102798383e-04 -9.0000000000e+00 -7.0000000000e+00 1.0000000000e+01
7.8739328940e-05 -8.5000000000e+00 -7.0000000000e+00 1.0000000000e+01
7.3590086054e-05 -8.5000000000e+00 -7.5000000000e+00 1.0000000000e+01
5.2810240671e-05 -8.5000000000e+00 -8.0000000000e+00 1.0000000000e+01
1.9033891901e-03 -1.1500000000e+01 -7.0000000000e+00 9.0000000000e+00
2.4400942832e-03 -1.1000000000e+01 -7.0000000000e+00 9.0000000000e+00
9.9411622765e-04 -1.2000000000e+01 -7.0000000000e+00 9.0000000000e+00
2.3360147208e-03 -1.0500000000e+01 -7.0000000000e+00 9.0000000000e+00
3.6194171651e-04 -1.2500000000e+01 -7.0000000000e+00 9.0000000000e+00
1.6034345931e-03 -1.0000000000e+01 -7.0000000000e+00 9.0000000000e+00
7.8518752526e-05 -1.3000000000e+01 -7.0000000000e+00 9.0000000000e+00
7.6124434115e-04 -9.5000000000e+00 -7.0000000000e+00 9.0000000000e+00
2.5147414794e-04 -9.0000000000e+00 -7.0000000000e+00 9.0000000000e+00
5.5162610256e-05 -8.5000000000e+00 -7.0000000000e+00 9.0000000000e+00
5.0740687179e-05 -8.5000000000e+00 -7.5000000000e+00 9.0000000000e+00
3.8684648798e-03 -1.1500000000e+01 -7.0000000000e+00 9.5000000000e+00
4.6038986962e-03 -1.1000000000e+01 -7.0000000000e+00 9.5000000000e+00
2.1516350506e-03 -1.2000000000e+01 -7.0000000000e+00 9.5000000000e+00
4.2282885210e-03 -1.0500000000e+01 -7.0000000000e+00 9.5000000000e+00
8.5317503505e-04 -1.2500000000e+01 -7.0000000000e+00 9.5000000000e+00
2.7227113061e-03 -1.0000000000e+01 -7.0000000000e+00 9.5000000000e+00
2.1315735051e-04 -1.3000000000e+01 -7.0000000000e+00 9.5000000000e+00
1.2235306830e-03 -9.5000000000e+00 -7.0000000000e+00 9.5000000000e+00
3.8042964860e-04 -9.0000000000e+00 -7.0000000000e+00 9.5000000000e+00
7.7355022171e-05 -8.5000000000e+00 -7.0000000000e+00 9.5000000000e+00
7.2920693368e-05 -8.5000000000e+00 -7.5000000000e+00 9.5000000000e+00
5.3085838482e-05 -8.5000000000e+00 -8.0000000000e+00 9.5000000000e+00
9.9458034734e-05 -1.2000000000e+01 -7.5000000000e+00 1.3000000000e+01
2.0387464420e-04 -1.2000000000e+01 -7.0000000000e+00 1.3000000000e+01
1.2895634276e-04 -1.2500000000e+01 -7.0000000000e+00 1.3000000000e+01
5.9686537426e-05 -1.3000000000e+01 -7.0000000000e+00 1.3000000000e+01
8.9370323811e-05 -1.3000000000e+01 -6.5000000000e+00 1.3000000000e+01
1.1109859916e-04 -1.0500000000e+01 -6.5000000000e+00 1.3000000000e+01
1.8568492263e-04 -1.2500000000e+01 -6.5000000000e+00 1.3000000000e+01
2.1167971851e-04 -1.1000000000e+01 -6.5000000000e+00 1.3000000000e+01
2.8069866085e-04 -1.2000000000e+01 -6.5000000000e+00 1.3000000000e+01
2.7625893033e-04 -1.1500000000e+01 -6.5000000000e+00 1.3000000000e+01
8.6068478697e-05 -1.0500000000e+01 -7.0000000000e+00 1.3000000000e+01
1.0385006252e-03 -1.2000000000e+01 -6.5000000000e+00 1.2500000000e+01
8.1003789053e-05 -9.5000000000e+00 -6.5000000000e+00 1.2500000000e+01
8.4576040306e-05 -1.3500000000e+01 -6.5000000000e+00 1.2500000000e+01
2.7396999295e-04 -1.0000000000e+01 -6.5000000000e+00 1.2500000000e+01
2.7935399534e-04 -1.3000000000e+01 -6.5000000000e+00 1.2500000000e+01
6.3559685982e-04 -1.0500000000e+01 -6.5000000000e+00 1.2500000000e+01
6.3582896695e-04 -1.2500000000e+01 -6.5000000000e+00 1.2500000000e+01
1.0351992349e-03 -1.1000000000e+01 -6.5000000000e+00 1.2500000000e+01
1.1931654455e-03 -1.1500000000e+01 -6.5000000000e+00 1.2500000000e+01
1.6537454860e-04 -1.1000000000e+01 -7.0000000000e+00 1.3000000000e+01
2.0708996723e-04 -1.1500000000e+01 -7.0000000000e+00 1.3000000000e+01
6.6646645768e-05 -1.2500000000e+01 -7.5000000000e+00 1.3000000000e+01
7.6717784653e-05 -1.1000000000e+01 -7.5000000000e+00 1.3000000000e+01
2.3066850261e-03 -1.2000000000e+01 -6.5000000000e+00 1.2000000000e+01
1.3336062210e-03 -1.2500000000e+01 -6.5000000000e+00 1.2000000000e+01
5.4543130618e-04 -1.3000000000e+01 -6.5000000000e+00 1.2000000000e+01
5.2370141686e-05 -9.0000000000e+00 -6.5000000000e+00 1.2000000000e+01
2.5884932346e-04 -9.5000000000e+00 -6.5000000000e+00 1.2000000000e+01
1.4258520752e-04 -1.3500000000e+01 -6.5000000000e+00 1.2000000000e+01
8.0675345861e-04 -1.0000000000e+01 -6.5000000000e+00 1.2000000000e+01
1.7295523180e-03 -1.0500000000e+01 -6.5000000000e+00 1.2000000000e+01
2.6237437581e-03 -1.1000000000e+01 -6.5000000000e+00 1.2000000000e+01
2.8840617760e-03 -1.1500000000e+01 -6.5000000000e+00 1.2000000000e+01
1.0015650495e-04 -1.1500000000e+01 -7.5000000000e+00 1.3000000000e+01
3.7899756996e-03 -1.2000000000e+01 -6.5000000000e+00 1.1500000000e+01
2.0544632900e-03 -1.2500000000e+01 -6.5000000000e+00 1.1500000000e+01
1.8918510250e-04 -1.3500000000e+01 -6.5000000000e+00 1.1500000000e+01
1.3417334870e-04 -9.0000000000e+00 -6.5000000000e+00 1.1500000000e+01
6.1832510623e-05 -1.1500000000e+01 -6.5000000000e+00 7.5000000000e+00
4.4096625619e-05 -9.5000000000e+00 -6.5000000000e+00 7.5000000000e+00
7.7859405218e-05 -1.0000000000e+01 -6.5000000000e+00 7.5000000000e+00
9.4425871220e-05 -1.0500000000e+01 -6.5000000000e+00 7.5000000000e+00
8.9175218427e-05 -1.1000000000e+01 -6.5000000000e+00 7.5000000000e+00
5.9652311789e-04 -9.5000000000e+00 -6.5000000000e+00 1.1500000000e+01
1.7239040464e-03 -1.0000000000e+01 -6.5000000000e+00 1.1500000000e+01
7.8068616290e-04 -1.3000000000e+01 -6.5000000000e+00 1.1500000000e+01
3.4548737188e-03 -1.0500000000e+01 -6.5000000000e+00 1.1500000000e+01
4.8494705258e-03 -1.1000000000e+01 -6.5000000000e+00 1.1500000000e+01
5.0963653396e-03 -1.1500000000e+01 -6.5000000000e+00 1.1500000000e+01
4.6691132096e-03 -1.2000000000e+01 -6.5000000000e+00 1.1000000000e+01
2.3828980631e-03 -1.2500000000e+01 -6.5000000000e+00 1.1000000000e+01
8.5138184093e-04 -1.3000000000e+01 -6.5000000000e+00 1.1000000000e+01
1.9908867838e-04 -1.3500000000e+01 -6.5000000000e+00 1.1000000000e+01
4.0273798061e-05 -1.4000000000e+01 -6.5000000000e+00 1.1000000000e+01
4.2940780914e-05 -8.5000000000e+00 -6.5000000000e+00 1.1000000000e+01
2.5535376961e-04 -9.0000000000e+00 -6.5000000000e+00 1.1000000000e+01
1.0373469691e-03 -9.5000000000e+00 -6.5000000000e+00 1.1000000000e+01
2.7888152448e-03 -1.0000000000e+01 -6.5000000000e+00 1.1000000000e+01
1.1627315893e-04 -1.2000000000e+01 -6.5000000000e+00 8.0000000000e+00
2.4396127219e-04 -1.1500000000e+01 -6.5000000000e+00 8.0000000000e+00
5.4588594323e-05 -9.0000000000e+00 -6.5000000000e+00 8.0000000000e+00
1.4755251306e-04 -9.5000000000e+00 -6.5000000000e+00 8.0000000000e+00
2.8087315413e-04 -1.0000000000e+01 -6.5000000000e+00 8.0000000000e+00
3.6064692187e-04 -1.0500000000e+01 -6.5000000000e+00 8.0000000000e+00
3.5104762946e-04 -1.1000000000e+01 -6.5000000000e+00 8.0000000000e+00
5.2282496274e-03 -1.0500000000e+01 -6.5000000000e+00 1.1000000000e+01
6.7544558182e-03 -1.1000000000e+01 -6.5000000000e+00 1.1000000000e+01
6.7935967477e-03 -1.1500000000e+01 -6.5000000000e+00 1.1000000000e+01
4.8051009597e-03 -1.2000000000e+01 -6.5000000000e+00 1.0500000000e+01
7.1917127731e-03 -1.1500000000e+01 -6.5000000000e+00 1.0500000000e+01
2.4019505830e-03 -1.2500000000e+01 -6.5000000000e+00 1.0500000000e+01
7.3143937273e-03 -1.1000000000e+01 -6.5000000000e+00 1.0500000000e+01
8.3650525262e-04 -1.3000000000e+01 -6.5000000000e+00 1.0500000000e+01
1.9050087514e-04 -1.3500000000e+01 -6.5000000000e+00 1.0500000000e+01
6.5879626781e-05 -8.5000000000e+00 -6.5000000000e+00 1.0500000000e+01
3.7102156843e-04 -9.0000000000e+00 -6.5000000000e+00 1.0500000000e+01
1.3702704167e-03 -9.5000000000e+00 -6.5000000000e+00 1.0500000000e+01
3.4191049113e-03 -1.0000000000e+01 -6.5000000000e+00 1.0500000000e+01
4.4725240096e-04 -1.2000000000e+01 -6.5000000000e+00 8.5000000000e+00
8.6386315505e-04 -1.1500000000e+01 -6.5000000000e+00 8.5000000000e+00
5.9905057533e-03 -1.0500000000e+01 -6.5000000000e+00 1.0500000000e+01
1.6102992317e-04 -1.2500000000e+01 -6.5000000000e+00 8.5000000000e+00
1.3331903479e-04 -9.0000000000e+00 -6.5000000000e+00 8.5000000000e+00
3.8890949871e-04 -9.5000000000e+00 -6.5000000000e+00 8.5000000000e+00
7.8731725265e-04 -1.0000000000e+01 -6.5000000000e+00 8.5000000000e+00
4.0805154002e-03 -1.2000000000e+01 -6.5000000000e+00 1.0000000000e+01
6.5542045873e-03 -1.1500000000e+01 -6.5000000000e+00 1.0000000000e+01
1.8922481533e-03 -1.2500000000e+01 -6.5000000000e+00 1.0000000000e+01
5.9611760211e-04 -1.3000000000e+01 -6.5000000000e+00 1.0000000000e+01
1.2490479934e-04 -1.3500000000e+01 -6.5000000000e+00 1.0000000000e+01
7.6477319505e-05 -8.5000000000e+00 -6.5000000000e+00 1.0000000000e+01
4.0893273433e-04 -9.0000000000e+00 -6.5000000000e+00 1.0000000000e+01
1.4387851182e-03 -9.5000000000e+00 -6.5000000000e+00 1.0000000000e+01
3.4792313767e-03 -1.0000000000e+01 -6.5000000000e+00 1.0000000000e+01
5.9156142049e-03 -1.0500000000e+01 -6.5000000000e+00 1.0000000000e+01
6.9547710751e-03 -1.1000000000e+01 -6.5000000000e+00 1.0000000000e+01
1.1005385561e-03 -1.0500000000e+01 -6.5000000000e+00 8.5000000000e+00
1.1273097838e-03 -1.1000000000e+01 -6.5000000000e+00 8.5000000000e+00
1.2074556458e-03 -1.2000000000e+01 -6.5000000000e+00 9.0000000000e+00
2.1704372393e-03 -1.1500000000e+01 -6.5000000000e+00 9.0000000000e+00
4.8782595591e-04 -1.2500000000e+01 -6.5000000000e+00 9.0000000000e+00
1.2604670478e-04 -1.3000000000e+01 -6.5000000000e+00 9.0000000000e+00
5.3662458414e-05 -8.5000000000e+00 -6.5000000000e+00 9.0000000000e+00
2.5203527824e-04 -9.0000000000e+00 -6.5000000000e+00 9.0000000000e+00
7.7602339731e-04 -9.5000000000e+00 -6.5000000000e+00 9.0000000000e+00
1.6543602084e-03 -1.0000000000e+01 -6.5000000000e+00 9.0000000000e+00
2.4636993476e-03 -1.0500000000e+01 -6.5000000000e+00 9.0000000000e+00
2.6312351819e-03 -1.1000000000e+01 -6.5000000000e+00 9.0000000000e+00
2.5056160111e-03 -1.2000000000e+01 -6.5000000000e+00 9.5000000000e+00
4.2723558368e-03 -1.1500000000e+01 -6.5000000000e+00 9.5000000000e+00
1.0896683170e-03 -1.2500000000e+01 -6.5000000000e+00 9.5000000000e+00
3.1140491744e-04 -1.3000000000e+01 -6.5000000000e+00 9.5000000000e+00
5.9980533632e-05 -1.3500000000e+01 -6.5000000000e+00 9.5000000000e+00
2.7110864457e-04 -1.1500000000e+01 -6.0000000000e+00 1.3000000000e+01
2.0554477182e-04 -1.1000000000e+01 -6.0000000000e+00 1.3000000000e+01
1.0772830937e-04 -1.0500000000e+01 -6.0000000000e+00 1.3000000000e+01
9.5095140971e-05 -1.3000000000e+01 -6.0000000000e+00 1.3000000000e+01
1.9085387127e-04 -1.2500000000e+01 -6.0000000000e+00 1.3000000000e+01
2.8016093065e-04 -1.2000000000e+01 -6.0000000000e+00 1.3000000000e+01
1.1212424233e-03 -1.1500000000e+01 -6.0000000000e+00 1.2500000000e+01
9.5932977953e-04 -1.1000000000e+01 -6.0000000000e+00 1.2500000000e+01
5.7931359798e-04 -1.0500000000e+01 -6.0000000000e+00 1.2500000000e+01
2.4545782033e-04 -1.0000000000e+01 -6.0000000000e+00 1.2500000000e+01
7.1099452273e-05 -9.5000000000e+00 -6.0000000000e+00 1.2500000000e+01
9.0408892038e-05 -1.3500000000e+01 -6.0000000000e+00 1.2500000000e+01
2.8389340857e-04 -1.3000000000e+01 -6.0000000000e+00 1.2500000000e+01
6.2587522878e-04 -1.2500000000e+01 -6.0000000000e+00 1.2500000000e+01
1.0101433995e-03 -1.2000000000e+01 -6.0000000000e+00 1.2500000000e+01
7.4042283649e-05 -8.5000000000e+00 -6.5000000000e+00 9.5000000000e+00
2.7223531298e-03 -1.1500000000e+01 -6.0000000000e+00 1.2000000000e+01
2.4299255882e-03 -1.1000000000e+01 -6.0000000000e+00 1.2000000000e+01
1.5671591277e-03 -1.0500000000e+01 -6.0000000000e+00 1.2000000000e+01
4.4545144402e-05 -9.0000000000e+00 -6.0000000000e+00 1.2000000000e+01
2.2385560336e-04 -9.5000000000e+00 -6.0000000000e+00 1.2000000000e+01
1.5172245613e-04 -1.3500000000e+01 -6.0000000000e+00 1.2000000000e+01
7.1466839438e-04 -1.0000000000e+01 -6.0000000000e+00 1.2000000000e+01
5.5118198095e-04 -1.3000000000e+01 -6.0000000000e+00 1.2000000000e+01
1.3164882414e-03 -1.2500000000e+01 -6.0000000000e+00 1.2000000000e+01
2.2376730066e-03 -1.2000000000e+01 -6.0000000000e+00 1.2000000000e+01
1.0963878782e-04 -9.0000000000e+00 -6.0000000000e+00 1.1500000000e+01
7.1023172689e-05 -1.0000000000e+01 -6.0000000000e+00 7.5000000000e+00
9.1967840629e-05 -1.0500000000e+01 -6.0000000000e+00 7.5000000000e+00
8.9379392023e-05 -1.1000000000e+01 -6.0000000000e+00 7.5000000000e+00
5.9435966964e-05 -1.1500000000e+01 -6.0000000000e+00 7.5000000000e+00
4.5093243534e-05 -1.4000000000e+01 -6.0000000000e+00 1.1500000000e+01
5.1674573728e-04 -9.5000000000e+00 -6.0000000000e+00 1.1500000000e+01
2.0303488624e-04 -1.3500000000e+01 -6.0000000000e+00 1.1500000000e+01
1.5313571281e-03 -1.0000000000e+01 -6.0000000000e+00 1.1500000000e+01
7.9314935046e-04 -1.3000000000e+01 -6.0000000000e+00 1.1500000000e+01
3.1437915144e-03 -1.0500000000e+01 -6.0000000000e+00 1.1500000000e+01
2.0463605501e-03 -1.2500000000e+01 -6.0000000000e+00 1.1500000000e+01
4.5568255622e-03 -1.1000000000e+01 -6.0000000000e+00 1.1500000000e+01
3.7088466834e-03 -1.2000000000e+01 -6.0000000000e+00 1.1500000000e+01
4.8706405729e-03 -1.1500000000e+01 -6.0000000000e+00 1.1500000000e+01
4.6171846570e-03 -1.2000000000e+01 -6.0000000000e+00 1.1000000000e+01
6.5909312019e-03 -1.1500000000e+01 -6.0000000000e+00 1.1000000000e+01
8.6602942162e-04 -1.3000000000e+01 -6.0000000000e+00 1.1000000000e+01
4.8327835269e-03 -1.0500000000e+01 -6.0000000000e+00 1.1000000000e+01
4.0817507458e-05 -1.4000000000e+01 -6.0000000000e+00 1.1000000000e+01
2.1075529002e-04 -9.0000000000e+00 -6.0000000000e+00 1.1000000000e+01
5.3310796808e-05 -1.2500000000e+01 -6.0000000000e+00 8.0000000000e+00
4.6091666719e-05 -9.0000000000e+00 -6.0000000000e+00 8.0000000000e+00
1.2943416667e-04 -9.5000000000e+00 -6.0000000000e+00 8.0000000000e+00
2.5758449284e-04 -1.0000000000e+01 -6.0000000000e+00 8.0000000000e+00
3.4992453122e-04 -1.0500000000e+01 -6.0000000000e+00 8.0000000000e+00
3.4967862214e-04 -1.1000000000e+01 -6.0000000000e+00 8.0000000000e+00
1.2905838867e-04 -1.2000000000e+01 -6.0000000000e+00 8.0000000000e+00
2.5452666592e-04 -1.1500000000e+01 -6.0000000000e+00 8.0000000000e+00
9.0684888014e-04 -9.5000000000e+00 -6.0000000000e+00 1.1000000000e+01
2.1498350346e-04 -1.3500000000e+01 -6.0000000000e+00 1.1000000000e+01
2.5105289956e-03 -1.0000000000e+01 -6.0000000000e+00 1.1000000000e+01
2.3860687265e-03 -1.2500000000e+01 -6.0000000000e+00 1.1000000000e+01
2.0314586298e-04 -1.3500000000e+01 -6.0000000000e+00 1.0500000000e+01
5.2495152340e-05 -8.5000000000e+00 -6.0000000000e+00 1.0500000000e+01
3.1117231332e-04 -9.0000000000e+00 -6.0000000000e+00 1.0500000000e+01
1.2182025555e-03 -9.5000000000e+00 -6.0000000000e+00 1.0500000000e+01
3.1247111122e-03 -1.0000000000e+01 -6.0000000000e+00 1.0500000000e+01
1.8222070684e-04 -1.2500000000e+01 -6.0000000000e+00 8.5000000000e+00
5.2034720242e-05 -1.3000000000e+01 -6.0000000000e+00 8.5000000000e+00
1.1057421974e-04 -9.0000000000e+00 -6.0000000000e+00 8.5000000000e+00
3.3831281311e-04 -9.5000000000e+00 -6.0000000000e+00 8.5000000000e+00
7.1507942193e-04 -1.0000000000e+01 -6.0000000000e+00 8.5000000000e+00
1.0470174257e-03 -1.0500000000e+01 -6.0000000000e+00 8.5000000000e+00
1.0998722735e-03 -1.1000000000e+01 -6.0000000000e+00 8.5000000000e+00
4.6608917937e-04 -1.2000000000e+01 -6.0000000000e+00 8.5000000000e+00
8.7519679067e-04 -1.1500000000e+01 -6.0000000000e+00 8.5000000000e+00
8.4838241649e-04 -1.3000000000e+01 -6.0000000000e+00 1.0500000000e+01
5.6217775208e-03 -1.0500000000e+01 -6.0000000000e+00 1.0500000000e+01
6.1965585182e-04 -1.3000000000e+01 -6.0000000000e+00 1.0000000000e+01
5.4979354718e-03 -1.0500000000e+01 -6.0000000000e+00 1.0000000000e+01
1.3776413932e-04 -1.3500000000e+01 -6.0000000000e+00 1.0000000000e+01
6.1301098573e-05 -8.5000000000e+00 -6.0000000000e+00 1.0000000000e+01
3.4517530484e-04 -9.0000000000e+00 -6.0000000000e+00 1.0000000000e+01
1.2706669342e-03 -9.5000000000e+00 -6.0000000000e+00 1.0000000000e+01
5.1493007156e-04 -1.2500000000e+01 -6.0000000000e+00 9.0000000000e+00
2.5525286921e-03 -1.1000000000e+01 -6.0000000000e+00 9.0000000000e+00
1.4611981134e-04 -1.3000000000e+01 -6.0000000000e+00 9.0000000000e+00
4.1902436000e-05 -8.5000000000e+00 -6.0000000000e+00 9.0000000000e+00
2.1069256375e-04 -9.0000000000e+00 -6.0000000000e+00 9.0000000000e+00
6.8139569923e-04 -9.5000000000e+00 -6.0000000000e+00 9.0000000000e+00
1.5110693749e-03 -1.0000000000e+01 -6.0000000000e+00 9.0000000000e+00
2.3389133312e-03 -1.0500000000e+01 -6.0000000000e+00 9.0000000000e+00
4.2406098195e-03 -1.1500000000e+01 -6.0000000000e+00 9.5000000000e+00
4.6945887338e-03 -1.1000000000e+01 -6.0000000000e+00 9.5000000000e+00
7.2410455313e-05 -1.3500000000e+01 -6.0000000000e+00 9.5000000000e+00
5.7313827321e-05 -8.5000000000e+00 -6.0000000000e+00 9.5000000000e+00
1.7000693919e-04 -1.1000000000e+01 -5.5000000000e+00 1.3000000000e+01
2.4289697963e-04 -1.2000000000e+01 -5.5000000000e+00 1.3000000000e+01
8.7605093741e-05 -1.0500000000e+01 -5.5000000000e+00 1.3000000000e+01
8.8194030517e-05 -1.3000000000e+01 -5.5000000000e+00 1.3000000000e+01
1.7082405404e-04 -1.2500000000e+01 -5.5000000000e+00 1.3000000000e+01
2.3099384670e-04 -1.1500000000e+01 -5.5000000000e+00 1.3000000000e+01
8.4385493188e-04 -1.2000000000e+01 -5.5000000000e+00 1.2500000000e+01
1.7886779801e-04 -1.0000000000e+01 -5.5000000000e+00 1.2500000000e+01
5.1283933388e-05 -9.5000000000e+00 -5.5000000000e+00 1.2500000000e+01
8.8157384541e-05 -1.3500000000e+01 -5.5000000000e+00 1.2500000000e+01
2.5704008751e-04 -1.3000000000e+01 -5.5000000000e+00 1.2500000000e+01
4.3197155593e-04 -1.0500000000e+01 -5.5000000000e+00 1.2500000000e+01
5.3944384499e-04 -1.2500000000e+01 -5.5000000000e+00 1.2500000000e+01
7.3501846669e-04 -1.1000000000e+01 -5.5000000000e+00 1.2500000000e+01
8.7617510995e-04 -1.1500000000e+01 -5.5000000000e+00 1.2500000000e+01
2.1072950515e-03 -1.1500000000e+01 -5.5000000000e+00 1.2000000000e+01
1.8561222207e-03 -1.2000000000e+01 -5.5000000000e+00 1.2000000000e+01
1.8398817908e-03 -1.1000000000e+01 -5.5000000000e+00 1.2000000000e+01
1.5663715954e-04 -9.5000000000e+00 -5.5000000000e+00 1.2000000000e+01
1.4616826696e-04 -1.3500000000e+01 -5.5000000000e+00 1.2000000000e+01
5.0896893836e-04 -1.0000000000e+01 -5.5000000000e+00 1.2000000000e+01
5.0474950530e-04 -1.3000000000e+01 -5.5000000000e+00 1.2000000000e+01
1.1505798840e-03 -1.0500000000e+01 -5.5000000000e+00 1.2000000000e+01
1.1402986136e-03 -1.2500000000e+01 -5.5000000000e+00 1.2000000000e+01
3.1348431641e-04 -9.0000000000e+00 -6.0000000000e+00 9.5000000000e+00
3.8112592488e-03 -1.1500000000e+01 -5.5000000000e+00 1.1500000000e+01
3.4577380253e-03 -1.1000000000e+01 -5.5000000000e+00 1.1500000000e+01
5.3126367793e-05 -1.1500000000e+01 -5.5000000000e+00 7.5000000000e+00
6.7612011579e-05 -1.1000000000e+01 -5.5000000000e+00 7.5000000000e+00
4.2532421329e-05 -1.0000000000e+01 -5.5000000000e+00 7.5000000000e+00
6.5179882820e-05 -1.0500000000e+01 -5.5000000000e+00 7.5000000000e+00
7.3853166972e-05 -9.0000000000e+00 -5.5000000000e+00 1.1500000000e+01
3.5477999012e-04 -9.5000000000e+00 -5.5000000000e+00 1.1500000000e+01
2.0000064273e-04 -1.3500000000e+01 -5.5000000000e+00 1.1500000000e+01
1.0789959940e-03 -1.0000000000e+01 -5.5000000000e+00 1.1500000000e+01
7.4899973140e-04 -1.3000000000e+01 -5.5000000000e+00 1.1500000000e+01
2.2868001081e-03 -1.0500000000e+01 -5.5000000000e+00 1.1500000000e+01
1.8166305175e-03 -1.2500000000e+01 -5.5000000000e+00 1.1500000000e+01
3.1010039311e-03 -1.2000000000e+01 -5.5000000000e+00 1.1500000000e+01
1.3890480492e-04 -9.0000000000e+00 -5.5000000000e+00 1.1000000000e+01
1.2439138934e-04 -1.2000000000e+01 -5.5000000000e+00 8.0000000000e+00
2.2309470483e-04 -1.1500000000e+01 -5.5000000000e+00 8.0000000000e+00
5.1796333447e-05 -1.2500000000e+01 -5.5000000000e+00 8.0000000000e+00
2.6378744911e-04 -1.1000000000e+01 -5.5000000000e+00 8.0000000000e+00
2.4511842831e-04 -1.0500000000e+01 -5.5000000000e+00 8.0000000000e+00
7.8502627285e-05 -9.5000000000e+00 -5.5000000000e+00 8.0000000000e+00
1.6404541070e-04 -1.0000000000e+01 -5.5000000000e+00 8.0000000000e+00
6.1665621835e-04 -9.5000000000e+00 -5.5000000000e+00 1.1000000000e+01
2.0987681808e-04 -1.3500000000e+01 -5.5000000000e+00 1.1000000000e+01
1.7604451838e-03 -1.0000000000e+01 -5.5000000000e+00 1.1000000000e+01
8.3555332976e-04 -1.3000000000e+01 -5.5000000000e+00 1.1000000000e+01
3.5124251097e-03 -1.0500000000e+01 -5.5000000000e+00 1.1000000000e+01
5.6129055082e-03 -1.1500000000e+01 -5.5000000000e+00 1.0500000000e+01
4.0721068773e-03 -1.2000000000e+01 -5.5000000000e+00 1.0500000000e+01
5.4679464641e-03 -1.1000000000e+01 -5.5000000000e+00 1.0500000000e+01
2.0259628560e-04 -9.0000000000e+00 -5.5000000000e+00 1.0500000000e+01
4.2733877333e-04 -1.2000000000e+01 -5.5000000000e+00 8.5000000000e+00
7.2702124849e-04 -1.1500000000e+01 -5.5000000000e+00 8.5000000000e+00
1.8197828144e-04 -1.2500000000e+01 -5.5000000000e+00 8.5000000000e+00
8.0947725717e-04 -1.1000000000e+01 -5.5000000000e+00 8.5000000000e+00
5.5847269011e-05 -1.3000000000e+01 -5.5000000000e+00 8.5000000000e+00
6.7256433419e-05 -9.0000000000e+00 -5.5000000000e+00 8.5000000000e+00
2.1108411359e-04 -9.5000000000e+00 -5.5000000000e+00 8.5000000000e+00
4.6350930056e-04 -1.0000000000e+01 -5.5000000000e+00 8.5000000000e+00
7.2567314718e-04 -1.0500000000e+01 -5.5000000000e+00 8.5000000000e+00
8.2736136336e-04 -9.5000000000e+00 -5.5000000000e+00 1.0500000000e+01
1.9810417663e-04 -1.3500000000e+01 -5.5000000000e+00 1.0500000000e+01
2.1966801147e-03 -1.0000000000e+01 -5.5000000000e+00 1.0500000000e+01
8.1331306995e-04 -1.3000000000e+01 -5.5000000000e+00 1.0500000000e+01
4.1067651508e-03 -1.0500000000e+01 -5.5000000000e+00 1.0500000000e+01
2.1719233485e-03 -1.2500000000e+01 -5.5000000000e+00 1.0500000000e+01
3.4616336427e-03 -1.2000000000e+01 -5.5000000000e+00 1.0000000000e+01
2.2322511162e-04 -9.0000000000e+00 -5.5000000000e+00 1.0000000000e+01
8.4794861948e-04 -9.5000000000e+00 -5.5000000000e+00 1.0000000000e+01
1.3783297835e-04 -1.3500000000e+01 -5.5000000000e+00 1.0000000000e+01
1.7857585823e-03 -1.1500000000e+01 -5.5000000000e+00 9.0000000000e+00
1.9024201321e-03 -1.1000000000e+01 -5.5000000000e+00 9.0000000000e+00
1.5132320003e-04 -1.3000000000e+01 -5.5000000000e+00 9.0000000000e+00
1.3105492731e-04 -9.0000000000e+00 -5.5000000000e+00 9.0000000000e+00
4.3713802107e-04 -9.5000000000e+00 -5.5000000000e+00 9.0000000000e+00
1.0051584404e-03 -1.0000000000e+01 -5.5000000000e+00 9.0000000000e+00
1.6470414027e-03 -1.0500000000e+01 -5.5000000000e+00 9.0000000000e+00
4.9975423739e-04 -1.2500000000e+01 -5.5000000000e+00 9.0000000000e+00
1.1026596217e-03 -1.2000000000e+01 -5.5000000000e+00 9.0000000000e+00
2.1603855086e-03 -1.0000000000e+01 -5.5000000000e+00 1.0000000000e+01
6.1079064015e-04 -1.3000000000e+01 -5.5000000000e+00 1.0000000000e+01
3.9104674200e-03 -1.0500000000e+01 -5.5000000000e+00 1.0000000000e+01
1.7561924804e-03 -1.2500000000e+01 -5.5000000000e+00 1.0000000000e+01
4.9965577631e-03 -1.1000000000e+01 -5.5000000000e+00 1.0000000000e+01
5.0050509859e-03 -1.1500000000e+01 -5.5000000000e+00 1.0000000000e+01
2.2259968195e-03 -1.2000000000e+01 -5.5000000000e+00 9.5000000000e+00
3.4254967213e-03 -1.1500000000e+01 -5.5000000000e+00 9.5000000000e+00
1.0647117118e-03 -1.2500000000e+01 -5.5000000000e+00 9.5000000000e+00
3.3849737922e-04 -1.3000000000e+01 -5.5000000000e+00 9.5000000000e+00
8.0300490699e-05 -1.3500000000e+01 -5.5000000000e+00 9.5000000000e+00
1.6012973793e-04 -1.1500000000e+01 -5.0000000000e+00 1.3000000000e+01
1.1300954026e-04 -1.1000000000e+01 -5.0000000000e+00 1.3000000000e+01
5.7114131948e-05 -1.0500000000e+01 -5.0000000000e+00 1.3000000000e+01
6.8210211271e-05 -1.3000000000e+01 -5.0000000000e+00 1.3000000000e+01
1.2524848943e-04 -1.2500000000e+01 -5.0000000000e+00 1.3000000000e+01
1.7246488864e-04 -1.2000000000e+01 -5.0000000000e+00 1.3000000000e+01
2.5986764314e-04 -1.0500000000e+01 -5.0000000000e+00 1.2500000000e+01
1.0524786475e-04 -1.0000000000e+01 -5.0000000000e+00 1.2500000000e+01
7.3401762140e-05 -1.3500000000e+01 -5.0000000000e+00 1.2500000000e+01
1.9300567912e-04 -1.3000000000e+01 -5.0000000000e+00 1.2500000000e+01
3.8293624339e-04 -1.2500000000e+01 -5.0000000000e+00 1.2500000000e+01
4.5473441489e-04 -1.1000000000e+01 -5.0000000000e+00 1.2500000000e+01
5.7223456215e-04 -1.2000000000e+01 -5.0000000000e+00 1.2500000000e+01
5.6746416222e-04 -1.1500000000e+01 -5.0000000000e+00 1.2500000000e+01
1.9700979420e-04 -9.0000000000e+00 -5.5000000000e+00 9.5000000000e+00
1.1139119094e-03 -1.1000000000e+01 -5.0000000000e+00 1.2000000000e+01
1.2501721577e-03 -1.2000000000e+01 -5.0000000000e+00 1.2000000000e+01
8.7709569358e-05 -9.5000000000e+00 -5.0000000000e+00 1.2000000000e+01
1.1958001168e-04 -1.3500000000e+01 -5.0000000000e+00 1.2000000000e+01
2.9013851578e-04 -1.0000000000e+01 -5.0000000000e+00 1.2000000000e+01
3.7762659088e-04 -1.3000000000e+01 -5.0000000000e+00 1.2000000000e+01
6.7243751207e-04 -1.0500000000e+01 -5.0000000000e+00 1.2000000000e+01
7.9561708951e-04 -1.2500000000e+01 -5.0000000000e+00 1.2000000000e+01
1.3132781797e-03 -1.1500000000e+01 -5.0000000000e+00 1.2000000000e+01
2.0607048556e-03 -1.2000000000e+01 -5.0000000000e+00 1.1500000000e+01
2.3458622421e-03 -1.1500000000e+01 -5.0000000000e+00 1.1500000000e+01
1.9236111965e-04 -9.5000000000e+00 -5.0000000000e+00 1.1500000000e+01
1.7090391280e-04 -1.3500000000e+01 -5.0000000000e+00 1.1500000000e+01
5.9800066483e-04 -1.0000000000e+01 -5.0000000000e+00 1.1500000000e+01
5.6962788514e-04 -1.3000000000e+01 -5.0000000000e+00 1.1500000000e+01
1.3088791311e-03 -1.0500000000e+01 -5.0000000000e+00 1.1500000000e+01
7.1677528372e-05 -9.0000000000e+00 -5.0000000000e+00 1.1000000000e+01
7.5507889915e-05 -1.2000000000e+01 -5.0000000000e+00 8.0000000000e+00
1.1582259252e-04 -1.1500000000e+01 -5.0000000000e+00 8.0000000000e+00
1.0378956500e-04 -1.0500000000e+01 -5.0000000000e+00 8.0000000000e+00
6.4736389577e-05 -1.0000000000e+01 -5.0000000000e+00 8.0000000000e+00
1.1990314199e-04 -1.1000000000e+01 -5.0000000000e+00 8.0000000000e+00
3.2514462645e-04 -9.5000000000e+00 -5.0000000000e+00 1.1000000000e+01
1.8322336903e-04 -1.3500000000e+01 -5.0000000000e+00 1.1000000000e+01
9.5124644560e-04 -1.0000000000e+01 -5.0000000000e+00 1.1000000000e+01
6.5035168691e-04 -1.3000000000e+01 -5.0000000000e+00 1.1000000000e+01
1.9693952514e-03 -1.0500000000e+01 -5.0000000000e+00 1.1000000000e+01
1.5406638826e-03 -1.2500000000e+01 -5.0000000000e+00 1.1000000000e+01
2.9458087900e-03 -1.1000000000e+01 -5.0000000000e+00 1.1000000000e+01
2.6185437424e-03 -1.2000000000e+01 -5.0000000000e+00 1.1000000000e+01
3.2277550708e-03 -1.1500000000e+01 -5.0000000000e+00 1.1000000000e+01
2.6388377182e-03 -1.2000000000e+01 -5.0000000000e+00 1.0500000000e+01
3.4024092766e-03 -1.1500000000e+01 -5.0000000000e+00 1.0500000000e+01
1.5106193079e-03 -1.2500000000e+01 -5.0000000000e+00 1.0500000000e+01
6.2043894840e-04 -1.3000000000e+01 -5.0000000000e+00 1.0500000000e+01
1.0188719203e-04 -9.0000000000e+00 -5.0000000000e+00 1.0500000000e+01
4.3248679233e-05 -1.3000000000e+01 -5.0000000000e+00 8.5000000000e+00
8.9915908570e-05 -9.5000000000e+00 -5.0000000000e+00 8.5000000000e+00
2.0365031974e-04 -1.0000000000e+01 -5.0000000000e+00 8.5000000000e+00
3.3497019406e-04 -1.0500000000e+01 -5.0000000000e+00 8.5000000000e+00
1.2974212357e-04 -1.2500000000e+01 -5.0000000000e+00 8.5000000000e+00
3.9848667890e-04 -1.1000000000e+01 -5.0000000000e+00 8.5000000000e+00
2.5563750089e-04 -1.2000000000e+01 -5.0000000000e+00 8.5000000000e+00
3.8611668162e-04 -1.1500000000e+01 -5.0000000000e+00 8.5000000000e+00
4.2552129134e-04 -9.5000000000e+00 -5.0000000000e+00 1.0500000000e+01
1.6901518049e-04 -1.3500000000e+01 -5.0000000000e+00 1.0500000000e+01
2.8179268038e-03 -1.1000000000e+01 -5.0000000000e+00 1.0000000000e+01
1.1966290039e-03 -1.2500000000e+01 -5.0000000000e+00 1.0000000000e+01
2.1661046486e-03 -1.2000000000e+01 -5.0000000000e+00 1.0000000000e+01
2.9143596119e-03 -1.1500000000e+01 -5.0000000000e+00 1.0000000000e+01
4.2517619591e-05 -1.4000000000e+01 -5.0000000000e+00 1.0000000000e+01
1.0927063884e-04 -9.0000000000e+00 -5.0000000000e+00 1.0000000000e+01
4.2222503990e-04 -9.5000000000e+00 -5.0000000000e+00 1.0000000000e+01
1.2831379227e-04 -1.3500000000e+01 -5.0000000000e+00 1.0000000000e+01
1.1054830312e-03 -1.0000000000e+01 -5.0000000000e+00 1.0000000000e+01
4.7188907353e-04 -1.3000000000e+01 -5.0000000000e+00 1.0000000000e+01
6.7471777767e-04 -1.2000000000e+01 -5.0000000000e+00 9.0000000000e+00
9.8139883935e-04 -1.1500000000e+01 -5.0000000000e+00 9.0000000000e+00
3.4600621865e-04 -1.2500000000e+01 -5.0000000000e+00 9.0000000000e+00
1.3034908794e-04 -1.3000000000e+01 -5.0000000000e+00 9.0000000000e+00
4.3697107651e-05 -1.3500000000e+01 -5.0000000000e+00 9.0000000000e+00
5.8182720689e-05 -9.0000000000e+00 -5.0000000000e+00 9.0000000000e+00
1.9956673457e-04 -9.5000000000e+00 -5.0000000000e+00 9.0000000000e+00
4.7150745936e-04 -1.0000000000e+01 -5.0000000000e+00 9.0000000000e+00
8.0709224810e-04 -1.0500000000e+01 -5.0000000000e+00 9.0000000000e+00
9.9398925925e-04 -1.1000000000e+01 -5.0000000000e+00 9.0000000000e+00
7.3320892520e-04 -1.2500000000e+01 -5.0000000000e+00 9.5000000000e+00
2.8198321030e-04 -1.3000000000e+01 -5.0000000000e+00 9.5000000000e+00
6.7781586640e-05 -1.3500000000e+01 -5.0000000000e+00 9.5000000000e+00
1.0043474277e-04 -1.2000000000e+01 -4.5000000000e+00 1.3000000000e+01
9.1122188013e-05 -1.1500000000e+01 -4.5000000000e+00 1.3000000000e+01
5.9618050526e-05 -1.1000000000e+01 -4.5000000000e+00 1.3000000000e+01
4.7583390794e-05 -1.3000000000e+01 -4.5000000000e+00 1.3000000000e+01
2.9804033142e-04 -1.1500000000e+01 -4.5000000000e+00 1.2500000000e+01
7.7755330235e-05 -1.2500000000e+01 -4.5000000000e+00 1.3000000000e+01
2.2297770994e-04 -1.1000000000e+01 -4.5000000000e+00 1.2500000000e+01
3.0996089162e-04 -1.2000000000e+01 -4.5000000000e+00 1.2500000000e+01
9.2358126743e-05 -9.0000000000e+00 -5.0000000000e+00 9.5000000000e+00
1.2198346212e-04 -1.0500000000e+01 -4.5000000000e+00 1.2500000000e+01
4.5859950159e-05 -1.0000000000e+01 -4.5000000000e+00 1.2500000000e+01
4.1680697933e-05 -1.3500000000e+01 -4.5000000000e+00 1.2500000000e+01
1.2243693296e-04 -1.3000000000e+01 -4.5000000000e+00 1.2500000000e+01
2.2345914709e-04 -1.2500000000e+01 -4.5000000000e+00 1.2500000000e+01
5.2424887853e-04 -1.1000000000e+01 -4.5000000000e+00 1.2000000000e+01
3.0299429687e-04 -1.0500000000e+01 -4.5000000000e+00 1.2000000000e+01
1.2561832020e-04 -1.0000000000e+01 -4.5000000000e+00 1.2000000000e+01
8.4613579891e-05 -1.3500000000e+01 -4.5000000000e+00 1.2000000000e+01
2.2813567983e-04 -1.3000000000e+01 -4.5000000000e+00 1.2000000000e+01
1.1098394526e-03 -1.1500000000e+01 -4.5000000000e+00 1.1500000000e+01
4.4685646478e-04 -1.2500000000e+01 -4.5000000000e+00 1.2000000000e+01
6.5875262851e-04 -1.2000000000e+01 -4.5000000000e+00 1.2000000000e+01
6.5360335445e-04 -1.1500000000e+01 -4.5000000000e+00 1.2000000000e+01
3.3508205298e-04 -9.5000000000e+00 -5.0000000000e+00 9.5000000000e+00
5.6479639965e-04 -1.0500000000e+01 -4.5000000000e+00 1.1500000000e+01
4.4099570973e-05 -1.4000000000e+01 -4.5000000000e+00 1.1500000000e+01
7.5820213696e-05 -9.5000000000e+00 -4.5000000000e+00 1.1500000000e+01
1.1814358649e-04 -1.3500000000e+01 -4.5000000000e+00 1.1500000000e+01
2.4672276064e-04 -1.0000000000e+01 -4.5000000000e+00 1.1500000000e+01
3.3985633901e-04 -1.3000000000e+01 -4.5000000000e+00 1.1500000000e+01
6.9515724744e-04 -1.2500000000e+01 -4.5000000000e+00 1.1500000000e+01
9.3316965919e-04 -1.1000000000e+01 -4.5000000000e+00 1.1500000000e+01
1.0684624075e-03 -1.2000000000e+01 -4.5000000000e+00 1.1500000000e+01
8.0889468605e-04 -1.0500000000e+01 -4.5000000000e+00 1.1000000000e+01
4.4336989853e-05 -1.4000000000e+01 -4.5000000000e+00 1.1000000000e+01
1.2093787949e-04 -9.5000000000e+00 -4.5000000000e+00 1.1000000000e+01
1.2813131118e-04 -1.3500000000e+01 -4.5000000000e+00 1.1000000000e+01
3.7098029445e-04 -1.0000000000e+01 -4.5000000000e+00 1.1000000000e+01
3.8645343044e-04 -1.3000000000e+01 -4.5000000000e+00 1.1000000000e+01
8.3065569852e-04 -1.2500000000e+01 -4.5000000000e+00 1.1000000000e+01
7.8471266253e-04 -1.2500000000e+01 -4.5000000000e+00 1.0500000000e+01
1.1439108929e-04 -1.3500000000e+01 -4.5000000000e+00 1.0500000000e+01
7.9078430618e-05 -1.2000000000e+01 -4.5000000000e+00 8.5000000000e+00
1.0280428614e-04 -1.1500000000e+01 -4.5000000000e+00 8.5000000000e+00
4.0318324295e-05 -1.2500000000e+01 -4.5000000000e+00 8.5000000000e+00
1.0141985154e-04 -1.1000000000e+01 -4.5000000000e+00 8.5000000000e+00
4.3939482327e-05 -1.0000000000e+01 -4.5000000000e+00 8.5000000000e+00
7.7226201796e-05 -1.0500000000e+01 -4.5000000000e+00 8.5000000000e+00
1.4878284765e-04 -9.5000000000e+00 -4.5000000000e+00 1.0500000000e+01
4.2697677309e-04 -1.0000000000e+01 -4.5000000000e+00 1.0500000000e+01
3.5608324167e-04 -1.3000000000e+01 -4.5000000000e+00 1.0500000000e+01
8.7992896415e-04 -1.0500000000e+01 -4.5000000000e+00 1.0500000000e+01
9.7386822734e-04 -1.2000000000e+01 -4.5000000000e+00 1.0000000000e+01
5.8480256661e-04 -1.2500000000e+01 -4.5000000000e+00 1.0000000000e+01
1.0909966971e-03 -1.1000000000e+01 -4.5000000000e+00 1.0000000000e+01
2.5847940943e-04 -1.3000000000e+01 -4.5000000000e+00 1.0000000000e+01
1.3527430943e-04 -9.5000000000e+00 -4.5000000000e+00 1.0000000000e+01
7.4775300137e-05 -1.3500000000e+01 -4.5000000000e+00 1.0000000000e+01
3.7524105544e-04 -1.0000000000e+01 -4.5000000000e+00 1.0000000000e+01
2.5115907263e-04 -1.2000000000e+01 -4.5000000000e+00 9.0000000000e+00
3.1985188112e-04 -1.1500000000e+01 -4.5000000000e+00 9.0000000000e+00
1.4541455229e-04 -1.2500000000e+01 -4.5000000000e+00 9.0000000000e+00
6.3772061173e-05 -1.3000000000e+01 -4.5000000000e+00 9.0000000000e+00
4.9505772812e-05 -9.5000000000e+00 -4.5000000000e+00 9.0000000000e+00
1.2439759457e-04 -1.0000000000e+01 -4.5000000000e+00 9.0000000000e+00
2.2548545507e-04 -1.0500000000e+01 -4.5000000000e+00 9.0000000000e+00
3.0731313284e-04 -1.1000000000e+01 -4.5000000000e+00 9.0000000000e+00
5.7054549276e-04 -1.2000000000e+01 -4.5000000000e+00 9.5000000000e+00
7.1474619339e-04 -1.1500000000e+01 -4.5000000000e+00 9.5000000000e+00
3.3806068470e-04 -1.2500000000e+01 -4.5000000000e+00 9.5000000000e+00
1.4841771412e-04 -1.3000000000e+01 -4.5000000000e+00 9.5000000000e+00
4.9589960756e-05 -1.3500000000e+01 -4.5000000000e+00 9.5000000000e+00
4.4980354169e-05 -1.2000000000e+01 -4.0000000000e+00 1.3000000000e+01
1.3510850286e-04 -1.2000000000e+01 -4.0000000000e+00 1.2500000000e+01
1.2192769557e-04 -1.1500000000e+01 -4.0000000000e+00 1.2500000000e+01
6.2696925924e-05 -1.3000000000e+01 -4.0000000000e+00 1.2500000000e+01
1.1078090108e-04 -1.2500000000e+01 -4.0000000000e+00 1.2500000000e+01
8.0115275908e-05 -1.1000000000e+01 -4.0000000000e+00 1.2500000000e+01
9.5894964961e-05 -9.5000000000e+00 -4.5000000000e+00 9.5000000000e+00
1.7100569223e-04 -1.1000000000e+01 -4.0000000000e+00 1.2000000000e+01
5.1354387040e-05 -1.3500000000e+01 -4.0000000000e+00 1.2000000000e+01
1.1552393287e-04 -1.3000000000e+01 -4.0000000000e+00 1.2000000000e+01
9.0496949062e-05 -1.0500000000e+01 -4.0000000000e+00 1.2000000000e+01
1.9679460343e-04 -1.2500000000e+01 -4.0000000000e+00 1.2000000000e+01
2.5897647953e-04 -1.2000000000e+01 -4.0000000000e+00 1.2000000000e+01
2.4318113414e-04 -1.1500000000e+01 -4.0000000000e+00 1.2000000000e+01
3.8899220375e-04 -1.2000000000e+01 -4.0000000000e+00 1.1500000000e+01
3.6695449170e-04 -1.1500000000e+01 -4.0000000000e+00 1.1500000000e+01
1.4777766055e-04 -1.0500000000e+01 -4.0000000000e+00 1.1500000000e+01
6.8889459440e-05 -1.3500000000e+01 -4.0000000000e+00 1.1500000000e+01
5.9013548633e-05 -1.0000000000e+01 -4.0000000000e+00 1.1500000000e+01
1.5561168847e-04 -1.3000000000e+01 -4.0000000000e+00 1.1500000000e+01
2.8657607783e-04 -1.2500000000e+01 -4.0000000000e+00 1.1500000000e+01
3.3153000749e-04 -1.1000000000e+01 -4.0000000000e+00 1.1000000000e+01
4.4318222718e-04 -1.2000000000e+01 -4.0000000000e+00 1.1000000000e+01
6.8567628758e-05 -1.3500000000e+01 -4.0000000000e+00 1.1000000000e+01
7.9492945320e-05 -1.0000000000e+01 -4.0000000000e+00 1.1000000000e+01
1.6745773435e-04 -1.3000000000e+01 -4.0000000000e+00 1.1000000000e+01
1.8774457391e-04 -1.0500000000e+01 -4.0000000000e+00 1.1000000000e+01
3.8028104637e-04 -1.1500000000e+01 -4.0000000000e+00 1.0500000000e+01
3.0347196800e-04 -1.1000000000e+01 -4.0000000000e+00 1.0500000000e+01
3.8029165873e-04 -1.2000000000e+01 -4.0000000000e+00 1.0500000000e+01
5.3475571833e-05 -1.3500000000e+01 -4.0000000000e+00 1.0500000000e+01
7.9257561890e-05 -1.0000000000e+01 -4.0000000000e+00 1.0500000000e+01
1.3937647168e-04 -1.3000000000e+01 -4.0000000000e+00 1.0500000000e+01
1.7898392939e-04 -1.0500000000e+01 -4.0000000000e+00 1.0500000000e+01
2.4317592536e-04 -1.2000000000e+01 -4.0000000000e+00 1.0000000000e+01
2.5070438956e-04 -1.1500000000e+01 -4.0000000000e+00 1.0000000000e+01
2.0966374557e-04 -1.1000000000e+01 -4.0000000000e+00 1.0000000000e+01
1.2611336034e-04 -1.0500000000e+01 -4.0000000000e+00 1.0000000000e+01
6.0421025234e-05 -1.0000000000e+01 -4.0000000000e+00 1.0000000000e+01
4.3464385953e-05 -1.1500000000e+01 -4.0000000000e+00 9.0000000000e+00
4.1587294173e-05 -1.1000000000e+01 -4.0000000000e+00 9.0000000000e+00
8.7433057707e-05 -1.3000000000e+01 -4.0000000000e+00 1.0000000000e+01
1.0197410163e-04 -1.1000000000e+01 -4.0000000000e+00 9.5000000000e+00
4.3928054090e-05 -1.1500000000e+01 -3.5000000000e+00 1.2000000000e+01
4.9419027285e-05 -1.2500000000e+01 -3.5000000000e+00 1.2000000000e+01
5.3895312734e-05 -1.2000000000e+01 -3.5000000000e+00 1.2000000000e+01
6.3803561232e-05 -1.2500000000e+01 -3.5000000000e+00 1.1500000000e+01
6.4622024948e-05 -1.1500000000e+01 -3.5000000000e+00 1.1000000000e+01
4.0223987898e-05 -1.1000000000e+01 -3.5000000000e+00 1.1000000000e+01
5.5490896229e-05 -1.2500000000e+01 -3.5000000000e+00 1.1000000000e+01
4.5118423760e-05 -1.1500000000e+01 -3.5000000000e+00 1.0500000000e+01
5.3100574025e-05 -1.2000000000e+01 -3.5000000000e+00 1.0500000000e+01
6.9579671917e-05 -1.2000000000e+01 -3.5000000000e+00 1.1000000000e+01
7.2533633760e-05 -1.2000000000e+01 -3.5000000000e+00 1.1500000000e+01
6.2020839427e-05 -1.1500000000e+01 -3.5000000000e+00 1.1500000000e+01
7.0770350730e-05 -1.0500000000e+01 -4.0000000000e+00 9.5000000000e+00
7.5630132048e-05 -1.2500000000e+01 -4.0000000000e+00 9.5000000000e+00
1.1014611835e-04 -1.2000000000e+01 -4.0000000000e+00 9.5000000000e+00
1.2003052743e-04 -1.1500000000e+01 -4.0000000000e+00 9.5000000000e+00
1.6881666130e-04 -1.2500000000e+01 -4.0000000000e+00 1.0000000000e+01
2.7114071815e-04 -1.2500000000e+01 -4.0000000000e+00 1.0500000000e+01
3.1772338102e-04 -1.2500000000e+01 -4.0000000000e+00 1.1000000000e+01
4.2525781179e-04 -1.1500000000e+01 -4.0000000000e+00 1.1000000000e+01
2.7234164530e-04 -1.1000000000e+01 -4.0000000000e+00 1.1500000000e+01
2.4967190042e-04 -1.0000000000e+01 -4.5000000000e+00 9.5000000000e+00
4.7421842818e-04 -1.0500000000e+01 -4.5000000000e+00 9.5000000000e+00
6.7585315151e-04 -1.1000000000e+01 -4.5000000000e+00 9.5000000000e+00
7.4673803492e-04 -1.0500000000e+01 -4.5000000000e+00 1.0000000000e+01
1.1869611544e-03 -1.1500000000e+01 -4.5000000000e+00 1.0000000000e+01
1.3372832559e-03 -1.1000000000e+01 -4.5000000000e+00 1.0500000000e+01
1.2734416692e-03 -1.2000000000e+01 -4.5000000000e+00 1.0500000000e+01
1.4922114317e-03 -1.1500000000e+01 -4.5000000000e+00 1.0500000000e+01
1.2820277368e-03 -1.1000000000e+01 -4.5000000000e+00 1.1000000000e+01
1.3207146949e-03 -1.2000000000e+01 -4.5000000000e+00 1.1000000000e+01
1.4748679340e-03 -1.1500000000e+01 -4.5000000000e+00 1.1000000000e+01
8.2996343452e-04 -1.0000000000e+01 -5.0000000000e+00 9.5000000000e+00
1.4858538289e-03 -1.0500000000e+01 -5.0000000000e+00 9.5000000000e+00
1.9179265872e-03 -1.1000000000e+01 -5.0000000000e+00 9.5000000000e+00
1.3791892858e-03 -1.2000000000e+01 -5.0000000000e+00 9.5000000000e+00
1.9336622998e-03 -1.1500000000e+01 -5.0000000000e+00 9.5000000000e+00
2.0774953487e-03 -1.0500000000e+01 -5.0000000000e+00 1.0000000000e+01
1.1656409826e-03 -1.0000000000e+01 -5.0000000000e+00 1.0500000000e+01
2.2703647497e-03 -1.0500000000e+01 -5.0000000000e+00 1.0500000000e+01
3.2089204461e-03 -1.1000000000e+01 -5.0000000000e+00 1.0500000000e+01
1.2684918181e-03 -1.2500000000e+01 -5.0000000000e+00 1.1500000000e+01
2.0600838459e-03 -1.1000000000e+01 -5.0000000000e+00 1.1500000000e+01
7.0304644841e-04 -9.5000000000e+00 -5.5000000000e+00 9.5000000000e+00
1.6989071741e-03 -1.0000000000e+01 -5.5000000000e+00 9.5000000000e+00
2.9185509336e-03 -1.0500000000e+01 -5.5000000000e+00 9.5000000000e+00
3.5159716208e-03 -1.1000000000e+01 -5.5000000000e+00 9.5000000000e+00
2.1721858348e-03 -1.2500000000e+01 -5.5000000000e+00 1.1000000000e+01
4.9793371098e-03 -1.1000000000e+01 -5.5000000000e+00 1.1000000000e+01
3.9734813920e-03 -1.2000000000e+01 -5.5000000000e+00 1.1000000000e+01
5.2551067433e-03 -1.1500000000e+01 -5.5000000000e+00 1.1000000000e+01
1.0809488645e-03 -9.5000000000e+00 -6.0000000000e+00 9.5000000000e+00
2.5244230506e-03 -1.0000000000e+01 -6.0000000000e+00 9.5000000000e+00
3.3759645946e-04 -1.3000000000e+01 -6.0000000000e+00 9.5000000000e+00
4.1281764290e-03 -1.0500000000e+01 -6.0000000000e+00 9.5000000000e+00
1.1194169362e-03 -1.2500000000e+01 -6.0000000000e+00 9.5000000000e+00
2.5281878621e-03 -1.2000000000e+01 -6.0000000000e+00 9.5000000000e+00
1.2299343535e-03 -1.2000000000e+01 -6.0000000000e+00 9.0000000000e+00
2.1751068878e-03 -1.1500000000e+01 -6.0000000000e+00 9.0000000000e+00
3.1477575932e-03 -1.0000000000e+01 -6.0000000000e+00 1.0000000000e+01
1.9126336731e-03 -1.2500000000e+01 -6.0000000000e+00 1.0000000000e+01
6.6380353813e-03 -1.1000000000e+01 -6.0000000000e+00 1.0000000000e+01
4.0611708511e-03 -1.2000000000e+01 -6.0000000000e+00 1.0000000000e+01
6.3856821089e-03 -1.1500000000e+01 -6.0000000000e+00 1.0000000000e+01
2.4013934864e-03 -1.2500000000e+01 -6.0000000000e+00 1.0500000000e+01
7.0546299034e-03 -1.1000000000e+01 -6.0000000000e+00 1.0500000000e+01
4.7493218556e-03 -1.2000000000e+01 -6.0000000000e+00 1.0500000000e+01
7.0003695768e-03 -1.1500000000e+01 -6.0000000000e+00 1.0500000000e+01
6.4699298220e-03 -1.1000000000e+01 -6.0000000000e+00 1.1000000000e+01
3.7826226968e-04 -9.0000000000e+00 -6.5000000000e+00 9.5000000000e+00
1.2363650920e-03 -9.5000000000e+00 -6.5000000000e+00 9.5000000000e+00
2.7829808808e-03 -1.0000000000e+01 -6.5000000000e+00 9.5000000000e+00
4.3865126266e-03 -1.0500000000e+01 -6.5000000000e+00 9.5000000000e+00
4.8674142927e-03 -1.1000000000e+01 -6.5000000000e+00 9.5000000000e+00
