inf
4.9439949901e-05 -1.1500000000e+01 -9.5000000000e+00 1.0000000000e+01
9.9638644623e-05 -1.1000000000e+01 -9.5000000000e+00 1.0000000000e+01
4.2267288346e-05 -1.1000000000e+01 -9.5000000000e+00 9.5000000000e+00
7.0343228102e-05 -1.1500000000e+01 -9.5000000000e+00 1.0500000000e+01
1.0830167630e-04 -1.1000000000e+01 -9.5000000000e+00 1.0500000000e+01
3.5882111236e-04 -1.1500000000e+01 -9.0000000000e+00 1.0500000000e+01
5.3024530475e-04 -1.1000000000e+01 -9.0000000000e+00 1.0500000000e+01
1.6893223446e-04 -1.2000000000e+01 -9.0000000000e+00 1.0500000000e+01
5.3978641124e-04 -1.0500000000e+01 -9.0000000000e+00 1.0500000000e+01
1.1787285237e-04 -1.0500000000e+01 -9.5000000000e+00 1.0500000000e+01
4.9360034984e-05 -1.2500000000e+01 -9.0000000000e+00 1.0500000000e+01
5.8211831149e-05 -1.0500000000e+01 -9.0000000000e+00 8.5000000000e+00
3.1459725781e-04 -1.1500000000e+01 -9.0000000000e+00 1.0000000000e+01
5.2316168410e-04 -1.1000000000e+01 -9.0000000000e+00 1.0000000000e+01
1.1027672773e-04 -1.2000000000e+01 -9.0000000000e+00 1.0000000000e+01
5.5060473798e-04 -1.0500000000e+01 -9.0000000000e+00 1.0000000000e+01
1.1800421849e-04 -1.0500000000e+01 -9.5000000000e+00 1.0000000000e+01
4.1774983007e-05 -1.1500000000e+01 -9.0000000000e+00 9.0000000000e+00
1.1031644731e-04 -1.1000000000e+01 -9.0000000000e+00 9.0000000000e+00
1.6073478412e-04 -1.0500000000e+01 -9.0000000000e+00 9.0000000000e+00
1.2242683289e-04 -1.1500000000e+01 -9.0000000000e+00 9.5000000000e+00
2.6855298459e-04 -1.1000000000e+01 -9.0000000000e+00 9.5000000000e+00
3.4293215065e-04 -1.0500000000e+01 -9.0000000000e+00 9.5000000000e+00
6.4727193276e-05 -1.0500000000e+01 -9.5000000000e+00 9.5000000000e+00
6.5629266143e-05 -1.1500000000e+01 -9.5000000000e+00 1.1000000000e+01
1.0012151563e-04 -1.1000000000e+01 -9.5000000000e+00 1.1000000000e+01
3.3622161994e-04 -1.1500000000e+01 -9.0000000000e+00 1.1000000000e+01
4.8054787060e-04 -1.1000000000e+01 -9.0000000000e+00 1.1000000000e+01
1.5756811476e-04 -1.2000000000e+01 -9.0000000000e+00 1.1000000000e+01
4.6502571428e-04 -1.0500000000e+01 -9.0000000000e+00 1.1000000000e+01
1.0293238628e-04 -1.0500000000e+01 -9.5000000000e+00 1.1000000000e+01
4.9700261149e-05 -1.2500000000e+01 -9.0000000000e+00 1.1000000000e+01
1.2845728916e-03 -1.1500000000e+01 -8.5000000000e+00 1.1000000000e+01
1.5469721174e-03 -1.1000000000e+01 -8.5000000000e+00 1.1000000000e+01
6.9635176738e-04 -1.2000000000e+01 -8.5000000000e+00 1.1000000000e+01
1.3828978448e-03 -1.0500000000e+01 -8.5000000000e+00 1.1000000000e+01
2.5541510204e-04 -1.2500000000e+01 -8.5000000000e+00 1.1000000000e+01
8.4380382872e-04 -1.0000000000e+01 -8.5000000000e+00 1.1000000000e+01
3.1217107311e-04 -1.0000000000e+01 -9.0000000000e+00 1.1000000000e+01
7.4474932045e-05 -1.0000000000e+01 -9.5000000000e+00 1.1000000000e+01
5.9239969182e-05 -1.0500000000e+01 -8.5000000000e+00 8.0000000000e+00
5.5451928647e-05 -1.3000000000e+01 -8.5000000000e+00 1.1000000000e+01
6.1313023313e-05 -1.0000000000e+01 -8.5000000000e+00 8.0000000000e+00
1.3707757677e-03 -1.1500000000e+01 -8.5000000000e+00 1.0500000000e+01
1.7252069101e-03 -1.1000000000e+01 -8.5000000000e+00 1.0500000000e+01
7.3984575910e-04 -1.2000000000e+01 -8.5000000000e+00 1.0500000000e+01
1.6019513857e-03 -1.0500000000e+01 -8.5000000000e+00 1.0500000000e+01
2.7129020820e-04 -1.2500000000e+01 -8.5000000000e+00 1.0500000000e+01
1.0285616040e-03 -1.0000000000e+01 -8.5000000000e+00 1.0500000000e+01
3.8198845601e-04 -1.0000000000e+01 -9.0000000000e+00 1.0500000000e+01
9.1576784910e-05 -1.0000000000e+01 -9.5000000000e+00 1.0500000000e+01
7.7118763580e-05 -1.1500000000e+01 -8.5000000000e+00 8.5000000000e+00
1.8101735727e-04 -1.1000000000e+01 -8.5000000000e+00 8.5000000000e+00
2.3688590450e-04 -1.0500000000e+01 -8.5000000000e+00 8.5000000000e+00
5.5637942998e-05 -1.3000000000e+01 -8.5000000000e+00 1.0500000000e+01
2.0931759588e-04 -1.0000000000e+01 -8.5000000000e+00 8.5000000000e+00
6.4920143656e-05 -1.0000000000e+01 -9.0000000000e+00 8.5000000000e+00
1.3021824963e-03 -1.1500000000e+01 -8.5000000000e+00 1.0000000000e+01
1.7269363927e-03 -1.1000000000e+01 -8.5000000000e+00 1.0000000000e+01
6.2468346755e-04 -1.2000000000e+01 -8.5000000000e+00 1.0000000000e+01
1.6395217430e-03 -1.0500000000e+01 -8.5000000000e+00 1.0000000000e+01
1.7210371870e-04 -1.2500000000e+01 -8.5000000000e+00 1.0000000000e+01
1.0816001012e-03 -1.0000000000e+01 -8.5000000000e+00 1.0000000000e+01
4.0470068843e-04 -1.0000000000e+01 -9.0000000000e+00 1.0000000000e+01
9.6214865733e-05 -1.0000000000e+01 -9.5000000000e+00 1.0000000000e+01
2.8300821766e-04 -1.1500000000e+01 -8.5000000000e+00 9.0000000000e+00
5.0992131766e-04 -1.1000000000e+01 -8.5000000000e+00 9.0000000000e+00
8.6756986268e-05 -1.2000000000e+01 -8.5000000000e+00 9.0000000000e+00
5.7414083093e-04 -1.0500000000e+01 -8.5000000000e+00 9.0000000000e+00
4.6124565089e-04 -1.0000000000e+01 -8.5000000000e+00 9.0000000000e+00
1.5234942217e-04 -1.0000000000e+01 -9.0000000000e+00 9.0000000000e+00
6.7030893572e-04 -1.1500000000e+01 -8.5000000000e+00 9.5000000000e+00
1.0657785405e-03 -1.1000000000e+01 -8.5000000000e+00 9.5000000000e+00
2.5795830009e-04 -1.2000000000e+01 -8.5000000000e+00 9.5000000000e+00
1.1229562478e-03 -1.0500000000e+01 -8.5000000000e+00 9.5000000000e+00
4.2674522536e-05 -1.2500000000e+01 -8.5000000000e+00 9.5000000000e+00
8.4227480600e-04 -1.0000000000e+01 -8.5000000000e+00 9.5000000000e+00
2.9894764171e-04 -1.0000000000e+01 -9.0000000000e+00 9.5000000000e+00
6.4539746192e-05 -1.0000000000e+01 -9.5000000000e+00 9.5000000000e+00
5.3144015821e-05 -1.1500000000e+01 -9.5000000000e+00 1.1500000000e+01
7.5753777127e-05 -1.1000000000e+01 -9.5000000000e+00 1.1500000000e+01
2.7273895218e-04 -1.1500000000e+01 -9.0000000000e+00 1.1500000000e+01
3.5794416859e-04 -1.1000000000e+01 -9.0000000000e+00 1.1500000000e+01
1.3135433534e-04 -1.2000000000e+01 -9.0000000000e+00 1.1500000000e+01
3.3047081872e-04 -1.0500000000e+01 -9.0000000000e+00 1.1500000000e+01
7.4049606075e-05 -1.0500000000e+01 -9.5000000000e+00 1.1500000000e+01
4.2530916637e-05 -1.2500000000e+01 -9.0000000000e+00 1.1500000000e+01
1.0024406312e-03 -1.1500000000e+01 -8.5000000000e+00 1.1500000000e+01
1.1228193239e-03 -1.1000000000e+01 -8.5000000000e+00 1.1500000000e+01
5.7685114868e-04 -1.2000000000e+01 -8.5000000000e+00 1.1500000000e+01
9.4785713533e-04 -1.0500000000e+01 -8.5000000000e+00 1.1500000000e+01
2.1941719858e-04 -1.2500000000e+01 -8.5000000000e+00 1.1500000000e+01
5.3665217116e-04 -1.0000000000e+01 -8.5000000000e+00 1.1500000000e+01
2.0534780094e-04 -1.0000000000e+01 -9.0000000000e+00 1.1500000000e+01
5.0357258933e-05 -1.0000000000e+01 -9.5000000000e+00 1.1500000000e+01
4.8344056125e-05 -1.3000000000e+01 -8.5000000000e+00 1.1500000000e+01
2.3460225536e-03 -1.1500000000e+01 -8.0000000000e+00 1.1500000000e+01
2.4274626469e-03 -1.1000000000e+01 -8.0000000000e+00 1.1500000000e+01
1.4952830812e-03 -1.2000000000e+01 -8.0000000000e+00 1.1500000000e+01
1.9210253025e-03 -1.0500000000e+01 -8.0000000000e+00 1.1500000000e+01
6.7177322334e-04 -1.2500000000e+01 -8.0000000000e+00 1.1500000000e+01
1.0288957561e-03 -1.0000000000e+01 -8.0000000000e+00 1.1500000000e+01
1.9365079459e-04 -1.3000000000e+01 -8.0000000000e+00 1.1500000000e+01
3.8684454473e-04 -9.5000000000e+00 -8.0000000000e+00 1.1500000000e+01
2.1290286735e-04 -9.5000000000e+00 -8.5000000000e+00 1.1500000000e+01
8.7401905397e-05 -9.5000000000e+00 -9.0000000000e+00 1.1500000000e+01
3.0842129491e-03 -1.1500000000e+01 -8.0000000000e+00 1.1000000000e+01
3.3855212057e-03 -1.1000000000e+01 -8.0000000000e+00 1.1000000000e+01
1.8448752125e-03 -1.2000000000e+01 -8.0000000000e+00 1.1000000000e+01
2.8634373313e-03 -1.0500000000e+01 -8.0000000000e+00 1.1000000000e+01
7.9369937396e-04 -1.2500000000e+01 -8.0000000000e+00 1.1000000000e+01
1.6447752463e-03 -1.0000000000e+01 -8.0000000000e+00 1.1000000000e+01
2.2129357401e-04 -1.3000000000e+01 -8.0000000000e+00 1.1000000000e+01
6.6539490798e-04 -9.5000000000e+00 -8.0000000000e+00 1.1000000000e+01
3.6300326218e-04 -9.5000000000e+00 -8.5000000000e+00 1.1000000000e+01
1.4559622733e-04 -9.5000000000e+00 -9.0000000000e+00 1.1000000000e+01
6.5374444620e-05 -1.1500000000e+01 -8.0000000000e+00 8.0000000000e+00
1.2498718998e-04 -1.1000000000e+01 -8.0000000000e+00 8.0000000000e+00
1.5682994989e-04 -1.0500000000e+01 -8.0000000000e+00 8.0000000000e+00
1.4072323960e-04 -1.0000000000e+01 -8.0000000000e+00 8.0000000000e+00
8.3700020057e-05 -9.5000000000e+00 -8.0000000000e+00 8.0000000000e+00
4.1613944700e-05 -9.5000000000e+00 -8.5000000000e+00 8.0000000000e+00
3.2918159142e-03 -1.1500000000e+01 -8.0000000000e+00 1.0500000000e+01
3.7362288239e-03 -1.1000000000e+01 -8.0000000000e+00 1.0500000000e+01
1.9517280068e-03 -1.2000000000e+01 -8.0000000000e+00 1.0500000000e+01
3.2959889747e-03 -1.0500000000e+01 -8.0000000000e+00 1.0500000000e+01
8.3717868963e-04 -1.2500000000e+01 -8.0000000000e+00 1.0500000000e+01
1.9994726553e-03 -1.0000000000e+01 -8.0000000000e+00 1.0500000000e+01
2.2910450176e-04 -1.3000000000e+01 -8.0000000000e+00 1.0500000000e+01
8.5911895803e-04 -9.5000000000e+00 -8.0000000000e+00 1.0500000000e+01
4.6690207673e-04 -9.5000000000e+00 -8.5000000000e+00 1.0500000000e+01
1.8600209255e-04 -9.5000000000e+00 -9.0000000000e+00 1.0500000000e+01
4.8008399802e-05 -9.5000000000e+00 -9.5000000000e+00 1.0500000000e+01
2.9917067657e-04 -1.1500000000e+01 -8.0000000000e+00 8.5000000000e+00
4.9785367034e-04 -1.1000000000e+01 -8.0000000000e+00 8.5000000000e+00
1.0947736385e-04 -1.2000000000e+01 -8.0000000000e+00 8.5000000000e+00
5.4719884374e-04 -1.0500000000e+01 -8.0000000000e+00 8.5000000000e+00
4.3424252758e-04 -1.0000000000e+01 -8.0000000000e+00 8.5000000000e+00
2.3271708337e-04 -9.5000000000e+00 -8.0000000000e+00 8.5000000000e+00
1.2252521734e-04 -9.5000000000e+00 -8.5000000000e+00 8.5000000000e+00
4.5065799821e-05 -9.5000000000e+00 -9.0000000000e+00 8.5000000000e+00
3.1508038121e-03 -1.1500000000e+01 -8.0000000000e+00 1.0000000000e+01
3.7382575593e-03 -1.1000000000e+01 -8.0000000000e+00 1.0000000000e+01
1.7348302575e-03 -1.2000000000e+01 -8.0000000000e+00 1.0000000000e+01
3.3544000779e-03 -1.0500000000e+01 -8.0000000000e+00 1.0000000000e+01
6.5038960854e-04 -1.2500000000e+01 -8.0000000000e+00 1.0000000000e+01
2.0814111631e-03 -1.0000000000e+01 -8.0000000000e+00 1.0000000000e+01
1.4205621877e-04 -1.3000000000e+01 -8.0000000000e+00 1.0000000000e+01
9.1246242395e-04 -9.5000000000e+00 -8.0000000000e+00 1.0000000000e+01
4.9994666031e-04 -9.5000000000e+00 -8.5000000000e+00 1.0000000000e+01
2.0058194971e-04 -9.5000000000e+00 -9.0000000000e+00 1.0000000000e+01
5.2423607079e-05 -9.5000000000e+00 -9.5000000000e+00 1.0000000000e+01
8.6300415425e-04 -1.1500000000e+01 -8.0000000000e+00 9.0000000000e+00
1.2526069011e-03 -1.1000000000e+01 -8.0000000000e+00 9.0000000000e+00
3.9058080981e-04 -1.2000000000e+01 -8.0000000000e+00 9.0000000000e+00
1.2748196846e-03 -1.0500000000e+01 -8.0000000000e+00 9.0000000000e+00
1.0130231569e-04 -1.2500000000e+01 -8.0000000000e+00 9.0000000000e+00
9.3357736213e-04 -1.0000000000e+01 -8.0000000000e+00 9.0000000000e+00
4.7075194588e-04 -9.5000000000e+00 -8.0000000000e+00 9.0000000000e+00
2.5075859194e-04 -9.5000000000e+00 -8.5000000000e+00 9.0000000000e+00
9.4262415014e-05 -9.5000000000e+00 -9.0000000000e+00 9.0000000000e+00
1.8394356607e-03 -1.1500000000e+01 -8.0000000000e+00 9.5000000000e+00
2.4606395616e-03 -1.1000000000e+01 -8.0000000000e+00 9.5000000000e+00
9.0984360768e-04 -1.2000000000e+01 -8.0000000000e+00 9.5000000000e+00
2.3934837789e-03 -1.0500000000e+01 -8.0000000000e+00 9.5000000000e+00
2.9244465727e-04 -1.2500000000e+01 -8.0000000000e+00 9.5000000000e+00
1.6409260275e-03 -1.0000000000e+01 -8.0000000000e+00 9.5000000000e+00
4.4095743412e-05 -1.3000000000e+01 -8.0000000000e+00 9.5000000000e+00
7.8570472124e-04 -9.5000000000e+00 -8.0000000000e+00 9.5000000000e+00
4.3333483221e-04 -9.5000000000e+00 -8.5000000000e+00 9.5000000000e+00
1.7341637888e-04 -9.5000000000e+00 -9.0000000000e+00 9.5000000000e+00
4.3029338841e-05 -9.5000000000e+00 -9.5000000000e+00 9.5000000000e+00
4.6112593496e-05 -1.1000000000e+01 -9.5000000000e+00 1.2000000000e+01
1.7778779996e-04 -1.1500000000e+01 -9.0000000000e+00 1.2000000000e+01
2.0825806958e-04 -1.1000000000e+01 -9.0000000000e+00 1.2000000000e+01
9.4969292549e-05 -1.2000000000e+01 -9.0000000000e+00 1.2000000000e+01
1.7546720394e-04 -1.0500000000e+01 -9.0000000000e+00 1.2000000000e+01
4.1863341594e-05 -1.0500000000e+01 -9.5000000000e+00 1.2000000000e+01
5.9389935471e-04 -1.1500000000e+01 -8.5000000000e+00 1.2000000000e+01
6.1666422788e-04 -1.1000000000e+01 -8.5000000000e+00 1.2000000000e+01
3.7491278699e-04 -1.2000000000e+01 -8.5000000000e+00 1.2000000000e+01
4.7425239529e-04 -1.0500000000e+01 -8.5000000000e+00 1.2000000000e+01
1.5980758703e-04 -1.2500000000e+01 -8.5000000000e+00 1.2000000000e+01
2.4538295949e-04 -1.0000000000e+01 -8.5000000000e+00 1.2000000000e+01
9.6844617528e-05 -1.0000000000e+01 -9.0000000000e+00 1.2000000000e+01
1.3231890774e-03 -1.1500000000e+01 -8.0000000000e+00 1.2000000000e+01
1.3007860291e-03 -1.1000000000e+01 -8.0000000000e+00 1.2000000000e+01
9.1689878962e-04 -1.2000000000e+01 -8.0000000000e+00 1.2000000000e+01
9.4079133150e-04 -1.0500000000e+01 -8.0000000000e+00 1.2000000000e+01
4.4771751724e-04 -1.2500000000e+01 -8.0000000000e+00 1.2000000000e+01
4.6806761783e-04 -1.0000000000e+01 -8.0000000000e+00 1.2000000000e+01
1.4240695495e-04 -1.3000000000e+01 -8.0000000000e+00 1.2000000000e+01
1.6323738370e-04 -9.5000000000e+00 -8.0000000000e+00 1.2000000000e+01
8.9049111903e-05 -9.5000000000e+00 -8.5000000000e+00 1.2000000000e+01
2.2231824396e-03 -1.1500000000e+01 -7.5000000000e+00 1.2000000000e+01
2.1050651684e-03 -1.1000000000e+01 -7.5000000000e+00 1.2000000000e+01
1.6553248143e-03 -1.2000000000e+01 -7.5000000000e+00 1.2000000000e+01
1.4455160909e-03 -1.0500000000e+01 -7.5000000000e+00 1.2000000000e+01
8.7554529692e-04 -1.2500000000e+01 -7.5000000000e+00 1.2000000000e+01
6.9170681947e-04 -1.0000000000e+01 -7.5000000000e+00 1.2000000000e+01
3.1675396056e-04 -1.3000000000e+01 -7.5000000000e+00 1.2000000000e+01
2.3020464081e-04 -9.5000000000e+00 -7.5000000000e+00 1.2000000000e+01
7.0085547077e-05 -1.3500000000e+01 -7.5000000000e+00 1.2000000000e+01
5.1527719059e-05 -9.0000000000e+00 -7.5000000000e+00 1.2000000000e+01
3.9992459499e-03 -1.1500000000e+01 -7.5000000000e+00 1.1500000000e+01
3.9577068180e-03 -1.1000000000e+01 -7.5000000000e+00 1.1500000000e+01
2.7659022748e-03 -1.2000000000e+01 -7.5000000000e+00 1.1500000000e+01
2.9394409838e-03 -1.0500000000e+01 -7.5000000000e+00 1.1500000000e+01
1.3628533601e-03 -1.2500000000e+01 -7.5000000000e+00 1.1500000000e+01
1.5009265192e-03 -1.0000000000e+01 -7.5000000000e+00 1.1500000000e+01
4.5483930151e-04 -1.3000000000e+01 -7.5000000000e+00 1.1500000000e+01
5.3560801922e-04 -9.5000000000e+00 -7.5000000000e+00 1.1500000000e+01
9.6350896279e-05 -1.3500000000e+01 -7.5000000000e+00 1.1500000000e+01
1.3002115564e-04 -9.0000000000e+00 -7.5000000000e+00 1.1500000000e+01
1.0170015207e-04 -9.0000000000e+00 -8.0000000000e+00 1.1500000000e+01
5.9041212017e-05 -9.0000000000e+00 -8.5000000000e+00 1.1500000000e+01
5.3563243136e-05 -1.1000000000e+01 -7.5000000000e+00 7.5000000000e+00
6.4028880677e-05 -1.0500000000e+01 -7.5000000000e+00 7.5000000000e+00
5.5613706229e-05 -1.0000000000e+01 -7.5000000000e+00 7.5000000000e+00
5.3298045056e-03 -1.1500000000e+01 -7.5000000000e+00 1.1000000000e+01
5.5218598350e-03 -1.1000000000e+01 -7.5000000000e+00 1.1000000000e+01
3.4386117906e-03 -1.2000000000e+01 -7.5000000000e+00 1.1000000000e+01
4.4357077680e-03 -1.0500000000e+01 -7.5000000000e+00 1.1000000000e+01
1.6149329339e-03 -1.2500000000e+01 -7.5000000000e+00 1.1000000000e+01
2.4206893480e-03 -1.0000000000e+01 -7.5000000000e+00 1.1000000000e+01
5.1658935842e-04 -1.3000000000e+01 -7.5000000000e+00 1.1000000000e+01
9.2574013720e-04 -9.5000000000e+00 -7.5000000000e+00 1.1000000000e+01
1.0695080437e-04 -1.3500000000e+01 -7.5000000000e+00 1.1000000000e+01
2.4343678099e-04 -9.0000000000e+00 -7.5000000000e+00 1.1000000000e+01
1.8915619213e-04 -9.0000000000e+00 -8.0000000000e+00 1.1000000000e+01
1.0951720354e-04 -9.0000000000e+00 -8.5000000000e+00 1.1000000000e+01
4.6080875077e-05 -9.0000000000e+00 -9.0000000000e+00 1.1000000000e+01
1.5164180182e-04 -1.1500000000e+01 -7.5000000000e+00 8.0000000000e+00
2.4798016345e-04 -1.1000000000e+01 -7.5000000000e+00 8.0000000000e+00
6.2233514769e-05 -1.2000000000e+01 -7.5000000000e+00 8.0000000000e+00
2.7754718145e-04 -1.0500000000e+01 -7.5000000000e+00 8.0000000000e+00
2.2879088565e-04 -1.0000000000e+01 -7.5000000000e+00 8.0000000000e+00
1.2562134812e-04 -9.5000000000e+00 -7.5000000000e+00 8.0000000000e+00
4.8064595831e-05 -9.0000000000e+00 -7.5000000000e+00 8.0000000000e+00
5.6826207824e-03 -1.1500000000e+01 -7.5000000000e+00 1.0500000000e+01
6.0233273070e-03 -1.1000000000e+01 -7.5000000000e+00 1.0500000000e+01
3.6199379826e-03 -1.2000000000e+01 -7.5000000000e+00 1.0500000000e+01
5.0764973846e-03 -1.0500000000e+01 -7.5000000000e+00 1.0500000000e+01
1.6890672949e-03 -1.2500000000e+01 -7.5000000000e+00 1.0500000000e+01
2.9443529095e-03 -1.0000000000e+01 -7.5000000000e+00 1.0500000000e+01
5.3199130826e-04 -1.3000000000e+01 -7.5000000000e+00 1.0500000000e+01
1.2070309265e-03 -9.5000000000e+00 -7.5000000000e+00 1.0500000000e+01
1.0816281058e-04 -1.3500000000e+01 -7.5000000000e+00 1.0500000000e+01
3.4506194316e-04 -9.0000000000e+00 -7.5000000000e+00 1.0500000000e+01
2.6273275125e-04 -9.0000000000e+00 -8.0000000000e+00 1.0500000000e+01
1.5108058580e-04 -9.0000000000e+00 -8.5000000000e+00 1.0500000000e+01
6.3075097836e-05 -9.0000000000e+00 -9.0000000000e+00 1.0500000000e+01
6.1125380038e-04 -1.1500000000e+01 -7.5000000000e+00 8.5000000000e+00
8.8103588495e-04 -1.1000000000e+01 -7.5000000000e+00 8.5000000000e+00
2.8243962215e-04 -1.2000000000e+01 -7.5000000000e+00 8.5000000000e+00
8.9571687358e-04 -1.0500000000e+01 -7.5000000000e+00 8.5000000000e+00
8.1906859703e-05 -1.2500000000e+01 -7.5000000000e+00 8.5000000000e+00
6.6335842199e-04 -1.0000000000e+01 -7.5000000000e+00 8.5000000000e+00
3.3614387228e-04 -9.5000000000e+00 -7.5000000000e+00 8.5000000000e+00
1.2038908526e-04 -9.0000000000e+00 -7.5000000000e+00 8.5000000000e+00
8.8602228696e-05 -9.0000000000e+00 -8.0000000000e+00 8.5000000000e+00
5.0186661399e-05 -9.0000000000e+00 -8.5000000000e+00 8.5000000000e+00
5.3514695017e-03 -1.1500000000e+01 -7.5000000000e+00 1.0000000000e+01
5.9088221704e-03 -1.1000000000e+01 -7.5000000000e+00 1.0000000000e+01
3.1738147330e-03 -1.2000000000e+01 -7.5000000000e+00 1.0000000000e+01
5.1050653097e-03 -1.0500000000e+01 -7.5000000000e+00 1.0000000000e+01
1.3497636310e-03 -1.2500000000e+01 -7.5000000000e+00 1.0000000000e+01
3.0304624653e-03 -1.0000000000e+01 -7.5000000000e+00 1.0000000000e+01
3.7222158384e-04 -1.3000000000e+01 -7.5000000000e+00 1.0000000000e+01
1.2725838187e-03 -9.5000000000e+00 -7.5000000000e+00 1.0000000000e+01
6.5317122654e-05 -1.3500000000e+01 -7.5000000000e+00 1.0000000000e+01
3.7597881289e-04 -9.0000000000e+00 -7.5000000000e+00 1.0000000000e+01
2.8469893021e-04 -9.0000000000e+00 -8.0000000000e+00 1.0000000000e+01
1.6421523142e-04 -9.0000000000e+00 -8.5000000000e+00 1.0000000000e+01
6.8819482481e-05 -9.0000000000e+00 -9.0000000000e+00 1.0000000000e+01
1.6238930342e-03 -1.1500000000e+01 -7.5000000000e+00 9.0000000000e+00
2.1137861123e-03 -1.1000000000e+01 -7.5000000000e+00 9.0000000000e+00
8.3680782691e-04 -1.2000000000e+01 -7.5000000000e+00 9.0000000000e+00
2.0408354154e-03 -1.0500000000e+01 -7.5000000000e+00 9.0000000000e+00
2.9728984745e-04 -1.2500000000e+01 -7.5000000000e+00 9.0000000000e+00
1.4044621928e-03 -1.0000000000e+01 -7.5000000000e+00 9.0000000000e+00
6.0399399264e-05 -1.3000000000e+01 -7.5000000000e+00 9.0000000000e+00
6.7329857643e-04 -9.5000000000e+00 -7.5000000000e+00 9.0000000000e+00
2.2799353164e-04 -9.0000000000e+00 -7.5000000000e+00 9.0000000000e+00
1.6937253724e-04 -9.0000000000e+00 -8.0000000000e+00 9.0000000000e+00
9.6521493810e-05 -9.0000000000e+00 -8.5000000000e+00 9.0000000000e+00
3.3171841246e-03 -1.1500000000e+01 -7.5000000000e+00 9.5000000000e+00
4.0174767763e-03 -1.1000000000e+01 -7.5000000000e+00 9.5000000000e+00
1.8236134810e-03 -1.2000000000e+01 -7.5000000000e+00 9.5000000000e+00
3.7239625227e-03 -1.0500000000e+01 -7.5000000000e+00 9.5000000000e+00
7.0990719224e-04 -1.2500000000e+01 -7.5000000000e+00 9.5000000000e+00
2.4074686880e-03 -1.0000000000e+01 -7.5000000000e+00 9.5000000000e+00
1.7171435151e-04 -1.3000000000e+01 -7.5000000000e+00 9.5000000000e+00
1.0934153120e-03 -9.5000000000e+00 -7.5000000000e+00 9.5000000000e+00
3.4909829199e-04 -9.0000000000e+00 -7.5000000000e+00 9.5000000000e+00
2.6707150694e-04 -9.0000000000e+00 -8.0000000000e+00 9.5000000000e+00
1.5717062838e-04 -9.0000000000e+00 -8.5000000000e+00 9.5000000000e+00
6.7142806444e-05 -9.0000000000e+00 -9.0000000000e+00 9.5000000000e+00
8.3006134515e-05 -1.1500000000e+01 -9.0000000000e+00 1.2500000000e+01
8.4168765573e-05 -1.1000000000e+01 -9.0000000000e+00 1.2500000000e+01
5.2616392503e-05 -1.2000000000e+01 -9.0000000000e+00 1.2500000000e+01
5.9741655020e-05 -1.0500000000e+01 -9.0000000000e+00 1.2500000000e+01
2.4342319843e-04 -1.1500000000e+01 -8.5000000000e+00 1.2500000000e+01
2.3235739335e-04 -1.1000000000e+01 -8.5000000000e+00 1.2500000000e+01
1.7379538097e-04 -1.2000000000e+01 -8.5000000000e+00 1.2500000000e+01
1.5641105282e-04 -1.0500000000e+01 -8.5000000000e+00 1.2500000000e+01
8.5049354611e-05 -1.2500000000e+01 -8.5000000000e+00 1.2500000000e+01
7.2836233745e-05 -1.0000000000e+01 -8.5000000000e+00 1.2500000000e+01
5.1904394860e-04 -1.1500000000e+01 -8.0000000000e+00 1.2500000000e+01
4.7917693801e-04 -1.1000000000e+01 -8.0000000000e+00 1.2500000000e+01
3.9448973669e-04 -1.2000000000e+01 -8.0000000000e+00 1.2500000000e+01
3.1408503271e-04 -1.0500000000e+01 -8.0000000000e+00 1.2500000000e+01
2.1158324100e-04 -1.2500000000e+01 -8.0000000000e+00 1.2500000000e+01
1.4414321051e-04 -1.0000000000e+01 -8.0000000000e+00 1.2500000000e+01
7.7883503841e-05 -1.3000000000e+01 -8.0000000000e+00 1.2500000000e+01
4.6121309614e-05 -9.5000000000e+00 -8.0000000000e+00 1.2500000000e+01
8.7543470293e-04 -1.1500000000e+01 -7.5000000000e+00 1.2500000000e+01
7.8374457567e-04 -1.1000000000e+01 -7.5000000000e+00 1.2500000000e+01
6.9832995815e-04 -1.2000000000e+01 -7.5000000000e+00 1.2500000000e+01
5.0009849421e-04 -1.0500000000e+01 -7.5000000000e+00 1.2500000000e+01
3.9734347798e-04 -1.2500000000e+01 -7.5000000000e+00 1.2500000000e+01
2.2397833462e-04 -1.0000000000e+01 -7.5000000000e+00 1.2500000000e+01
1.5783567409e-04 -1.3000000000e+01 -7.5000000000e+00 1.2500000000e+01
6.9360934726e-05 -9.5000000000e+00 -7.5000000000e+00 1.2500000000e+01
4.5406980239e-05 -1.3500000000e+01 -7.5000000000e+00 1.2500000000e+01
1.1185483944e-03 -1.1500000000e+01 -7.0000000000e+00 1.2500000000e+01
9.6746741537e-04 -1.1000000000e+01 -7.0000000000e+00 1.2500000000e+01
9.6144751698e-04 -1.2000000000e+01 -7.0000000000e+00 1.2500000000e+01
5.9112542251e-04 -1.0500000000e+01 -7.0000000000e+00 1.2500000000e+01
5.8330628011e-04 -1.2500000000e+01 -7.0000000000e+00 1.2500000000e+01
2.5515246823e-04 -1.0000000000e+01 -7.0000000000e+00 1.2500000000e+01
2.5045952586e-04 -1.3000000000e+01 -7.0000000000e+00 1.2500000000e+01
7.6431540423e-05 -9.5000000000e+00 -7.0000000000e+00 1.2500000000e+01
7.3615499782e-05 -1.3500000000e+01 -7.0000000000e+00 1.2500000000e+01
2.7664328235e-03 -1.1500000000e+01 -7.0000000000e+00 1.2000000000e+01
2.4980098625e-03 -1.1000000000e+01 -7.0000000000e+00 1.2000000000e+01
2.2117611668e-03 -1.2000000000e+01 -7.0000000000e+00 1.2000000000e+01
1.6340408496e-03 -1.0500000000e+01 -7.0000000000e+00 1.2000000000e+01
1.2732578789e-03 -1.2500000000e+01 -7.0000000000e+00 1.2000000000e+01
7.6059612969e-04 -1.0000000000e+01 -7.0000000000e+00 1.2000000000e+01
5.1068683557e-04 -1.3000000000e+01 -7.0000000000e+00 1.2000000000e+01
2.4582364147e-04 -9.5000000000e+00 -7.0000000000e+00 1.2000000000e+01
1.2985626427e-04 -1.3500000000e+01 -7.0000000000e+00 1.2000000000e+01
5.2216722751e-05 -9.0000000000e+00 -7.0000000000e+00 1.2000000000e+01
4.9630933392e-03 -1.1500000000e+01 -7.0000000000e+00 1.1500000000e+01
4.6900063879e-03 -1.1000000000e+01 -7.0000000000e+00 1.1500000000e+01
3.7088406238e-03 -1.2000000000e+01 -7.0000000000e+00 1.1500000000e+01
3.2980954509e-03 -1.0500000000e+01 -7.0000000000e+00 1.1500000000e+01
2.0018971972e-03 -1.2500000000e+01 -7.0000000000e+00 1.1500000000e+01
1.6380357810e-03 -1.0000000000e+01 -7.0000000000e+00 1.1500000000e+01
7.4941080209e-04 -1.3000000000e+01 -7.0000000000e+00 1.1500000000e+01
5.6862275653e-04 -9.5000000000e+00 -7.0000000000e+00 1.1500000000e+01
1.7789043339e-04 -1.3500000000e+01 -7.0000000000e+00 1.1500000000e+01
1.3253152583e-04 -9.0000000000e+00 -7.0000000000e+00 1.1500000000e+01
5.2554475274e-05 -1.1500000000e+01 -7.0000000000e+00 7.5000000000e+00
7.9408009133e-05 -1.1000000000e+01 -7.0000000000e+00 7.5000000000e+00
8.7443649472e-05 -1.0500000000e+01 -7.0000000000e+00 7.5000000000e+00
7.6937462780e-05 -1.0000000000e+01 -7.0000000000e+00 7.5000000000e+00
4.3076371393e-05 -9.5000000000e+00 -7.0000000000e+00 7.5000000000e+00
6.6957624324e-03 -1.1500000000e+01 -7.0000000000e+00 1.1000000000e+01
6.6225588836e-03 -1.1000000000e+01 -7.0000000000e+00 1.1000000000e+01
4.6395381386e-03 -1.2000000000e+01 -7.0000000000e+00 1.1000000000e+01
5.0381391001e-03 -1.0500000000e+01 -7.0000000000e+00 1.1000000000e+01
2.3616855595e-03 -1.2500000000e+01 -7.0000000000e+00 1.1000000000e+01
2.6641855142e-03 -1.0000000000e+01 -7.0000000000e+00 1.1000000000e+01
8.3793944972e-04 -1.3000000000e+01 -7.0000000000e+00 1.1000000000e+01
9.9121901443e-04 -9.5000000000e+00 -7.0000000000e+00 1.1000000000e+01
1.9370189333e-04 -1.3500000000e+01 -7.0000000000e+00 1.1000000000e+01
2.5010376660e-04 -9.0000000000e+00 -7.0000000000e+00 1.1000000000e+01
4.3848696401e-05 -8.5000000000e+00 -7.0000000000e+00 1.1000000000e+01
4.3643147547e-05 -8.5000000000e+00 -7.5000000000e+00 1.1000000000e+01
2.3802405989e-04 -1.1500000000e+01 -7.0000000000e+00 8.0000000000e+00
3.5022458591e-04 -1.1000000000e+01 -7.0000000000e+00 8.0000000000e+00
1.0911060880e-04 -1.2000000000e+01 -7.0000000000e+00 8.0000000000e+00
3.6241075939e-04 -1.0500000000e+01 -7.0000000000e+00 8.0000000000e+00
2.7774548839e-04 -1.0000000000e+01 -7.0000000000e+00 8.0000000000e+00
1.4474139085e-04 -9.5000000000e+00 -7.0000000000e+00 8.0000000000e+00
5.3244913137e-05 -9.0000000000e+00 -7.0000000000e+00 8.0000000000e+00
7.1344658063e-03 -1.1500000000e+01 -7.0000000000e+00 1.0500000000e+01
7.2161817238e-03 -1.1000000000e+01 -7.0000000000e+00 1.0500000000e+01
4.8259277428e-03 -1.2000000000e+01 -7.0000000000e+00 1.0500000000e+01
5.8285400773e-03 -1.0500000000e+01 -7.0000000000e+00 1.0500000000e+01
2.4218385456e-03 -1.2500000000e+01 -7.0000000000e+00 1.0500000000e+01
3.2876917954e-03 -1.0000000000e+01 -7.0000000000e+00 1.0500000000e+01
8.4653702291e-04 -1.3000000000e+01 -7.0000000000e+00 1.0500000000e+01
1.3118399652e-03 -9.5000000000e+00 -7.0000000000e+00 1.0500000000e+01
1.9265144065e-04 -1.3500000000e+01 -7.0000000000e+00 1.0500000000e+01
3.6083408867e-04 -9.0000000000e+00 -7.0000000000e+00 1.0500000000e+01
6.6976224363e-05 -8.5000000000e+00 -7.0000000000e+00 1.0500000000e+01
6.6025646098e-05 -8.5000000000e+00 -7.5000000000e+00 1.0500000000e+01
5.2522471855e-05 -8.5000000000e+00 -8.0000000000e+00 1.0500000000e+01
8.6912015955e-04 -1.1500000000e+01 -7.0000000000e+00 8.5000000000e+00
1.1380666141e-03 -1.1000000000e+01 -7.0000000000e+00 8.5000000000e+00
4.4403044591e-04 -1.2000000000e+01 -7.0000000000e+00 8.5000000000e+00
1.1042926503e-03 -1.0500000000e+01 -7.0000000000e+00 8.5000000000e+00
1.5741657335e-04 -1.2500000000e+01 -7.0000000000e+00 8.5000000000e+00
7.7715613999e-04 -1.0000000000e+01 -7.0000000000e+00 8.5000000000e+00
3.8020480428e-04 -9.5000000000e+00 -7.0000000000e+00 8.5000000000e+00
1.3056564626e-04 -9.0000000000e+00 -7.0000000000e+00 8.5000000000e+00
6.6089845324e-03 -1.1500000000e+01 -7.0000000000e+00 1.0000000000e+01
6.9354471990e-03 -1.1000000000e+01 -7.0000000000e+00 1.0000000000e+01
4.1787531057e-03 -1.2000000000e+01 -7.0000000000e+00 1.0000000000e+01
5.8014537411e-03 -1.0500000000e+01 -7.0000000000e+00 1.0000000000e+01
1.9426367833e-03 -1.2500000000e+01 -7.0000000000e+00 1.0000000000e+01
3.3626115223e-03 -1.0000000000e+01 -7.0000000000e+00 1.0000000000e+01
6.1214598086e-04 -1.3000000000e+01 -7.0000000000e+00 1.0000000000e+01
1.3825732798e-03 -9.5000000000e+00 -7.0000000000e+00 1.0000000000e+01
1.2578154779e-04 -1.3500000000e+01 -7.0000000000e+00 1.0000000000e+01
3.9695292636e-04 -9.0000000000e+00 -7.0000000000e+00 1.0000000000e+01
7.7234059031e-05 -8.5000000000e+00 -7.0000000000e+00 1.0000000000e+01
7.5471357509e-05 -8.5000000000e+00 -7.5000000000e+00 1.0000000000e+01
5.9391443848e-05 -8.5000000000e+00 -8.0000000000e+00 1.0000000000e+01
2.1889266788e-03 -1.1500000000e+01 -7.0000000000e+00 9.0000000000e+00
2.6432247675e-03 -1.1000000000e+01 -7.0000000000e+00 9.0000000000e+00
1.2232736331e-03 -1.2000000000e+01 -7.0000000000e+00 9.0000000000e+00
2.4543155053e-03 -1.0500000000e+01 -7.0000000000e+00 9.0000000000e+00
4.9041640273e-04 -1.2500000000e+01 -7.0000000000e+00 9.0000000000e+00
1.6216686768e-03 -1.0000000000e+01 -7.0000000000e+00 9.0000000000e+00
1.2493045323e-04 -1.3000000000e+01 -7.0000000000e+00 9.0000000000e+00
7.5355404099e-04 -9.5000000000e+00 -7.0000000000e+00 9.0000000000e+00
2.4559308539e-04 -9.0000000000e+00 -7.0000000000e+00 9.0000000000e+00
5.4009605620e-05 -8.5000000000e+00 -7.0000000000e+00 9.0000000000e+00
5.2259956201e-05 -8.5000000000e+00 -7.5000000000e+00 9.0000000000e+00
4.0359720631e-05 -8.5000000000e+00 -8.0000000000e+00 9.0000000000e+00
4.3162990095e-03 -1.1500000000e+01 -7.0000000000e+00 9.5000000000e+00
4.8767828835e-03 -1.1000000000e+01 -7.0000000000e+00 9.5000000000e+00
2.5491609981e-03 -1.2000000000e+01 -7.0000000000e+00 9.5000000000e+00
4.3454410013e-03 -1.0500000000e+01 -7.0000000000e+00 9.5000000000e+00
1.1013333779e-03 -1.2500000000e+01 -7.0000000000e+00 9.5000000000e+00
2.7149230607e-03 -1.0000000000e+01 -7.0000000000e+00 9.5000000000e+00
3.1363559169e-04 -1.3000000000e+01 -7.0000000000e+00 9.5000000000e+00
1.1965509311e-03 -9.5000000000e+00 -7.0000000000e+00 9.5000000000e+00
5.7991788766e-05 -1.3500000000e+01 -7.0000000000e+00 9.5000000000e+00
3.6902432523e-04 -9.0000000000e+00 -7.0000000000e+00 9.5000000000e+00
7.5683142704e-05 -8.5000000000e+00 -7.0000000000e+00 9.5000000000e+00
7.4313350509e-05 -8.5000000000e+00 -7.5000000000e+00 9.5000000000e+00
5.9304432264e-05 -8.5000000000e+00 -8.0000000000e+00 9.5000000000e+00
4.4673061864e-05 -1.2000000000e+01 -8.0000000000e+00 1.3000000000e+01
1.1819332731e-04 -1.2000000000e+01 -7.5000000000e+00 1.3000000000e+01
2.2185593710e-04 -1.2000000000e+01 -7.0000000000e+00 1.3000000000e+01
1.4465271249e-04 -1.2500000000e+01 -7.0000000000e+00 1.3000000000e+01
6.9419722758e-05 -1.3000000000e+01 -7.0000000000e+00 1.3000000000e+01
9.2491182047e-05 -1.3000000000e+01 -6.5000000000e+00 1.3000000000e+01
1.0081342408e-04 -1.0500000000e+01 -6.5000000000e+00 1.3000000000e+01
1.8299416559e-04 -1.2500000000e+01 -6.5000000000e+00 1.3000000000e+01
1.9277491333e-04 -1.1000000000e+01 -6.5000000000e+00 1.3000000000e+01
2.6433407370e-04 -1.2000000000e+01 -6.5000000000e+00 1.3000000000e+01
2.5485333061e-04 -1.1500000000e+01 -6.5000000000e+00 1.3000000000e+01
8.9524186280e-05 -1.0500000000e+01 -7.0000000000e+00 1.3000000000e+01
9.9825379331e-04 -1.2000000000e+01 -6.5000000000e+00 1.2500000000e+01
7.3751948393e-05 -9.5000000000e+00 -6.5000000000e+00 1.2500000000e+01
9.5059105331e-05 -1.3500000000e+01 -6.5000000000e+00 1.2500000000e+01
2.4872475303e-04 -1.0000000000e+01 -6.5000000000e+00 1.2500000000e+01
2.8906487241e-04 -1.3000000000e+01 -6.5000000000e+00 1.2500000000e+01
5.8059986492e-04 -1.0500000000e+01 -6.5000000000e+00 1.2500000000e+01
6.2717203057e-04 -1.2500000000e+01 -6.5000000000e+00 1.2500000000e+01
9.5799437330e-04 -1.1000000000e+01 -6.5000000000e+00 1.2500000000e+01
1.1205977456e-03 -1.1500000000e+01 -6.5000000000e+00 1.2500000000e+01
1.7202142349e-04 -1.1000000000e+01 -7.0000000000e+00 1.3000000000e+01
2.2118262015e-04 -1.1500000000e+01 -7.0000000000e+00 1.3000000000e+01
4.5615131968e-05 -1.0500000000e+01 -7.5000000000e+00 1.3000000000e+01
7.9015700036e-05 -1.2500000000e+01 -7.5000000000e+00 1.3000000000e+01
9.2068198496e-05 -1.1000000000e+01 -7.5000000000e+00 1.3000000000e+01
2.2628906799e-03 -1.2000000000e+01 -6.5000000000e+00 1.2000000000e+01
1.3472565365e-03 -1.2500000000e+01 -6.5000000000e+00 1.2000000000e+01
5.7764491595e-04 -1.3000000000e+01 -6.5000000000e+00 1.2000000000e+01
4.8208392785e-05 -9.0000000000e+00 -6.5000000000e+00 1.2000000000e+01
2.3598842371e-04 -9.5000000000e+00 -6.5000000000e+00 1.2000000000e+01
1.6592508465e-04 -1.3500000000e+01 -6.5000000000e+00 1.2000000000e+01
7.3813572816e-04 -1.0000000000e+01 -6.5000000000e+00 1.2000000000e+01
1.5994224317e-03 -1.0500000000e+01 -6.5000000000e+00 1.2000000000e+01
2.4686503311e-03 -1.1000000000e+01 -6.5000000000e+00 1.2000000000e+01
2.7604768692e-03 -1.1500000000e+01 -6.5000000000e+00 1.2000000000e+01
1.1886533753e-04 -1.1500000000e+01 -7.5000000000e+00 1.3000000000e+01
3.8040105901e-03 -1.2000000000e+01 -6.5000000000e+00 1.1500000000e+01
2.1308432620e-03 -1.2500000000e+01 -6.5000000000e+00 1.1500000000e+01
2.2739065412e-04 -1.3500000000e+01 -6.5000000000e+00 1.1500000000e+01
4.1326148473e-05 -1.4000000000e+01 -6.5000000000e+00 1.1500000000e+01
1.2272884675e-04 -9.0000000000e+00 -6.5000000000e+00 1.1500000000e+01
6.9834151053e-05 -1.1500000000e+01 -6.5000000000e+00 7.5000000000e+00
4.3432476151e-05 -9.5000000000e+00 -6.5000000000e+00 7.5000000000e+00
7.8735168249e-05 -1.0000000000e+01 -6.5000000000e+00 7.5000000000e+00
9.9569164400e-05 -1.0500000000e+01 -6.5000000000e+00 7.5000000000e+00
9.7248042639e-05 -1.1000000000e+01 -6.5000000000e+00 7.5000000000e+00
5.4776410711e-04 -9.5000000000e+00 -6.5000000000e+00 1.1500000000e+01
1.5943978192e-03 -1.0000000000e+01 -6.5000000000e+00 1.1500000000e+01
8.5215870585e-04 -1.3000000000e+01 -6.5000000000e+00 1.1500000000e+01
3.2392063790e-03 -1.0500000000e+01 -6.5000000000e+00 1.1500000000e+01
4.6620421120e-03 -1.1000000000e+01 -6.5000000000e+00 1.1500000000e+01
4.9743985857e-03 -1.1500000000e+01 -6.5000000000e+00 1.1500000000e+01
4.0663704824e-05 -1.1500000000e+01 -8.0000000000e+00 1.3000000000e+01
4.7905354724e-03 -1.2000000000e+01 -6.5000000000e+00 1.1000000000e+01
2.5260758907e-03 -1.2500000000e+01 -6.5000000000e+00 1.1000000000e+01
9.4665783713e-04 -1.3000000000e+01 -6.5000000000e+00 1.1000000000e+01
2.3965778488e-04 -1.3500000000e+01 -6.5000000000e+00 1.1000000000e+01
5.0581318718e-05 -1.4000000000e+01 -6.5000000000e+00 1.1000000000e+01
2.3513030935e-04 -9.0000000000e+00 -6.5000000000e+00 1.1000000000e+01
9.6176230833e-04 -9.5000000000e+00 -6.5000000000e+00 1.1000000000e+01
2.6145061923e-03 -1.0000000000e+01 -6.5000000000e+00 1.1000000000e+01
1.4031582334e-04 -1.2000000000e+01 -6.5000000000e+00 8.0000000000e+00
2.7505456044e-04 -1.1500000000e+01 -6.5000000000e+00 8.0000000000e+00
5.2173418466e-05 -1.2500000000e+01 -6.5000000000e+00 8.0000000000e+00
5.1969970932e-05 -9.0000000000e+00 -6.5000000000e+00 8.0000000000e+00
1.4383228517e-04 -9.5000000000e+00 -6.5000000000e+00 8.0000000000e+00
2.8145500700e-04 -1.0000000000e+01 -6.5000000000e+00 8.0000000000e+00
3.7627822666e-04 -1.0500000000e+01 -6.5000000000e+00 8.0000000000e+00
3.7524442972e-04 -1.1000000000e+01 -6.5000000000e+00 8.0000000000e+00
4.9886334412e-03 -1.0500000000e+01 -6.5000000000e+00 1.1000000000e+01
6.6350404892e-03 -1.1000000000e+01 -6.5000000000e+00 1.1000000000e+01
6.7621133720e-03 -1.1500000000e+01 -6.5000000000e+00 1.1000000000e+01
4.9617205164e-03 -1.2000000000e+01 -6.5000000000e+00 1.0500000000e+01
7.2180426137e-03 -1.1500000000e+01 -6.5000000000e+00 1.0500000000e+01
2.5619591969e-03 -1.2500000000e+01 -6.5000000000e+00 1.0500000000e+01
7.2562245549e-03 -1.1000000000e+01 -6.5000000000e+00 1.0500000000e+01
9.3809825967e-04 -1.3000000000e+01 -6.5000000000e+00 1.0500000000e+01
2.3047614186e-04 -1.3500000000e+01 -6.5000000000e+00 1.0500000000e+01
4.7825497978e-05 -1.4000000000e+01 -6.5000000000e+00 1.0500000000e+01
6.1350938738e-05 -8.5000000000e+00 -6.5000000000e+00 1.0500000000e+01
3.4415156357e-04 -9.0000000000e+00 -6.5000000000e+00 1.0500000000e+01
1.2856380054e-03 -9.5000000000e+00 -6.5000000000e+00 1.0500000000e+01
3.2520953086e-03 -1.0000000000e+01 -6.5000000000e+00 1.0500000000e+01
5.1320380715e-04 -1.2000000000e+01 -6.5000000000e+00 8.5000000000e+00
9.4139665057e-04 -1.1500000000e+01 -6.5000000000e+00 8.5000000000e+00
5.8104043106e-03 -1.0500000000e+01 -6.5000000000e+00 1.0500000000e+01
2.0268083046e-04 -1.2500000000e+01 -6.5000000000e+00 8.5000000000e+00
5.1663494638e-05 -1.3000000000e+01 -6.5000000000e+00 8.5000000000e+00
1.2549470819e-04 -9.0000000000e+00 -6.5000000000e+00 8.5000000000e+00
3.7454872172e-04 -9.5000000000e+00 -6.5000000000e+00 8.5000000000e+00
7.7855820562e-04 -1.0000000000e+01 -6.5000000000e+00 8.5000000000e+00
4.3191049723e-03 -1.2000000000e+01 -6.5000000000e+00 1.0000000000e+01
6.6958631068e-03 -1.1500000000e+01 -6.5000000000e+00 1.0000000000e+01
2.0818601402e-03 -1.2500000000e+01 -6.5000000000e+00 1.0000000000e+01
6.9963147219e-04 -1.3000000000e+01 -6.5000000000e+00 1.0000000000e+01
1.5938968023e-04 -1.3500000000e+01 -6.5000000000e+00 1.0000000000e+01
7.1524655384e-05 -8.5000000000e+00 -6.5000000000e+00 1.0000000000e+01
3.8108301904e-04 -9.0000000000e+00 -6.5000000000e+00 1.0000000000e+01
1.3542618228e-03 -9.5000000000e+00 -6.5000000000e+00 1.0000000000e+01
3.3209363757e-03 -1.0000000000e+01 -6.5000000000e+00 1.0000000000e+01
5.7753327495e-03 -1.0500000000e+01 -6.5000000000e+00 1.0000000000e+01
6.9575449205e-03 -1.1000000000e+01 -6.5000000000e+00 1.0000000000e+01
1.1258542968e-03 -1.0500000000e+01 -6.5000000000e+00 8.5000000000e+00
1.1775917164e-03 -1.1000000000e+01 -6.5000000000e+00 8.5000000000e+00
1.3363896107e-03 -1.2000000000e+01 -6.5000000000e+00 9.0000000000e+00
2.3129943658e-03 -1.1500000000e+01 -6.5000000000e+00 9.0000000000e+00
5.7350839654e-04 -1.2500000000e+01 -6.5000000000e+00 9.0000000000e+00
1.6571746392e-04 -1.3000000000e+01 -6.5000000000e+00 9.0000000000e+00
4.9785821404e-05 -8.5000000000e+00 -6.5000000000e+00 9.0000000000e+00
2.3646558065e-04 -9.0000000000e+00 -6.5000000000e+00 9.0000000000e+00
7.4237148732e-04 -9.5000000000e+00 -6.5000000000e+00 9.0000000000e+00
1.6204300028e-03 -1.0000000000e+01 -6.5000000000e+00 9.0000000000e+00
2.4836238320e-03 -1.0500000000e+01 -6.5000000000e+00 9.0000000000e+00
2.7146828891e-03 -1.2000000000e+01 -6.5000000000e+00 9.5000000000e+00
1.2341305173e-03 -1.2500000000e+01 -6.5000000000e+00 9.5000000000e+00
3.8480412492e-04 -1.3000000000e+01 -6.5000000000e+00 9.5000000000e+00
8.1987690281e-05 -1.3500000000e+01 -6.5000000000e+00 9.5000000000e+00
2.4282641293e-04 -1.1500000000e+01 -6.0000000000e+00 1.3000000000e+01
1.8068828312e-04 -1.1000000000e+01 -6.0000000000e+00 1.3000000000e+01
9.4174220380e-05 -1.0500000000e+01 -6.0000000000e+00 1.3000000000e+01
9.1575124710e-05 -1.3000000000e+01 -6.0000000000e+00 1.3000000000e+01
1.7817772922e-04 -1.2500000000e+01 -6.0000000000e+00 1.3000000000e+01
2.5378465697e-04 -1.2000000000e+01 -6.0000000000e+00 1.3000000000e+01
9.9143010798e-04 -1.1500000000e+01 -6.0000000000e+00 1.2500000000e+01
8.3661694146e-04 -1.1000000000e+01 -6.0000000000e+00 1.2500000000e+01
4.9694323236e-04 -1.0500000000e+01 -6.0000000000e+00 1.2500000000e+01
2.0859877032e-04 -1.0000000000e+01 -6.0000000000e+00 1.2500000000e+01
6.0943881327e-05 -9.5000000000e+00 -6.0000000000e+00 1.2500000000e+01
9.4936933956e-05 -1.3500000000e+01 -6.0000000000e+00 1.2500000000e+01
2.8177876085e-04 -1.3000000000e+01 -6.0000000000e+00 1.2500000000e+01
5.9529578598e-04 -1.2500000000e+01 -6.0000000000e+00 1.2500000000e+01
9.3028226627e-04 -1.2000000000e+01 -6.0000000000e+00 1.2500000000e+01
6.8438262286e-05 -8.5000000000e+00 -6.5000000000e+00 9.5000000000e+00
2.4422460423e-03 -1.1500000000e+01 -6.0000000000e+00 1.2000000000e+01
2.1402775496e-03 -1.1000000000e+01 -6.0000000000e+00 1.2000000000e+01
1.3514509673e-03 -1.0500000000e+01 -6.0000000000e+00 1.2000000000e+01
1.8863337950e-04 -9.5000000000e+00 -6.0000000000e+00 1.2000000000e+01
1.6556947612e-04 -1.3500000000e+01 -6.0000000000e+00 1.2000000000e+01
6.0577997585e-04 -1.0000000000e+01 -6.0000000000e+00 1.2000000000e+01
5.6456093025e-04 -1.3000000000e+01 -6.0000000000e+00 1.2000000000e+01
1.2836129574e-03 -1.2500000000e+01 -6.0000000000e+00 1.2000000000e+01
2.0945244182e-03 -1.2000000000e+01 -6.0000000000e+00 1.2000000000e+01
9.3353138089e-05 -9.0000000000e+00 -6.0000000000e+00 1.1500000000e+01
6.4573114130e-05 -1.0000000000e+01 -6.0000000000e+00 7.5000000000e+00
8.9528991705e-05 -1.0500000000e+01 -6.0000000000e+00 7.5000000000e+00
8.9952404621e-05 -1.1000000000e+01 -6.0000000000e+00 7.5000000000e+00
6.4876754321e-05 -1.1500000000e+01 -6.0000000000e+00 7.5000000000e+00
5.2284457603e-05 -1.4000000000e+01 -6.0000000000e+00 1.1500000000e+01
4.3515979888e-04 -9.5000000000e+00 -6.0000000000e+00 1.1500000000e+01
2.2848449205e-04 -1.3500000000e+01 -6.0000000000e+00 1.1500000000e+01
1.3051113572e-03 -1.0000000000e+01 -6.0000000000e+00 1.1500000000e+01
8.4188784722e-04 -1.3000000000e+01 -6.0000000000e+00 1.1500000000e+01
2.7327529330e-03 -1.0500000000e+01 -6.0000000000e+00 1.1500000000e+01
2.0602156925e-03 -1.2500000000e+01 -6.0000000000e+00 1.1500000000e+01
4.0841238050e-03 -1.1000000000e+01 -6.0000000000e+00 1.1500000000e+01
3.5590138876e-03 -1.2000000000e+01 -6.0000000000e+00 1.1500000000e+01
4.4626550190e-03 -1.1500000000e+01 -6.0000000000e+00 1.1500000000e+01
4.5848125981e-03 -1.2000000000e+01 -6.0000000000e+00 1.1000000000e+01
6.2016335550e-03 -1.1500000000e+01 -6.0000000000e+00 1.1000000000e+01
9.4205030211e-04 -1.3000000000e+01 -6.0000000000e+00 1.1000000000e+01
4.2570386080e-03 -1.0500000000e+01 -6.0000000000e+00 1.1000000000e+01
4.8116979007e-05 -1.4000000000e+01 -6.0000000000e+00 1.1000000000e+01
1.7789476384e-04 -9.0000000000e+00 -6.0000000000e+00 1.1000000000e+01
6.1986520801e-05 -1.2500000000e+01 -6.0000000000e+00 8.0000000000e+00
1.1224036192e-04 -9.5000000000e+00 -6.0000000000e+00 8.0000000000e+00
2.3164000568e-04 -1.0000000000e+01 -6.0000000000e+00 8.0000000000e+00
3.3531719109e-04 -1.0500000000e+01 -6.0000000000e+00 8.0000000000e+00
3.4998707238e-04 -1.1000000000e+01 -6.0000000000e+00 8.0000000000e+00
1.4509611404e-04 -1.2000000000e+01 -6.0000000000e+00 8.0000000000e+00
2.7464699857e-04 -1.1500000000e+01 -6.0000000000e+00 8.0000000000e+00
7.6697822450e-04 -9.5000000000e+00 -6.0000000000e+00 1.1000000000e+01
2.4323150441e-04 -1.3500000000e+01 -6.0000000000e+00 1.1000000000e+01
2.1599618532e-03 -1.0000000000e+01 -6.0000000000e+00 1.1000000000e+01
2.4700591269e-03 -1.2500000000e+01 -6.0000000000e+00 1.1000000000e+01
2.3360241904e-04 -1.3500000000e+01 -6.0000000000e+00 1.0500000000e+01
4.5050675546e-05 -1.4000000000e+01 -6.0000000000e+00 1.0500000000e+01
4.5059082010e-05 -8.5000000000e+00 -6.0000000000e+00 1.0500000000e+01
2.6207963158e-04 -9.0000000000e+00 -6.0000000000e+00 1.0500000000e+01
1.0398059848e-03 -9.5000000000e+00 -6.0000000000e+00 1.0500000000e+01
2.7221025459e-03 -1.0000000000e+01 -6.0000000000e+00 1.0500000000e+01
2.1119868849e-04 -1.2500000000e+01 -6.0000000000e+00 8.5000000000e+00
6.4561894897e-05 -1.3000000000e+01 -6.0000000000e+00 8.5000000000e+00
9.3208523809e-05 -9.0000000000e+00 -6.0000000000e+00 8.5000000000e+00
2.9115004594e-04 -9.5000000000e+00 -6.0000000000e+00 8.5000000000e+00
6.3475024597e-04 -1.0000000000e+01 -6.0000000000e+00 8.5000000000e+00
9.7811769771e-04 -1.0500000000e+01 -6.0000000000e+00 8.5000000000e+00
1.0680618949e-03 -1.1000000000e+01 -6.0000000000e+00 8.5000000000e+00
5.1433526488e-04 -1.2000000000e+01 -6.0000000000e+00 8.5000000000e+00
9.1305279517e-04 -1.1500000000e+01 -6.0000000000e+00 8.5000000000e+00
9.3225443965e-04 -1.3000000000e+01 -6.0000000000e+00 1.0500000000e+01
5.0268443054e-03 -1.0500000000e+01 -6.0000000000e+00 1.0500000000e+01
7.0598138449e-04 -1.3000000000e+01 -6.0000000000e+00 1.0000000000e+01
4.9199950343e-03 -1.0500000000e+01 -6.0000000000e+00 1.0000000000e+01
1.6381554016e-04 -1.3500000000e+01 -6.0000000000e+00 1.0000000000e+01
5.2442127036e-05 -8.5000000000e+00 -6.0000000000e+00 1.0000000000e+01
2.9094384481e-04 -9.0000000000e+00 -6.0000000000e+00 1.0000000000e+01
1.0861100663e-03 -9.5000000000e+00 -6.0000000000e+00 1.0000000000e+01
5.8170009576e-04 -1.2500000000e+01 -6.0000000000e+00 9.0000000000e+00
2.4467452971e-03 -1.1000000000e+01 -6.0000000000e+00 9.0000000000e+00
1.7502838954e-04 -1.3000000000e+01 -6.0000000000e+00 9.0000000000e+00
4.7063851114e-05 -1.3500000000e+01 -6.0000000000e+00 9.0000000000e+00
1.7712397796e-04 -9.0000000000e+00 -6.0000000000e+00 9.0000000000e+00
5.8510976968e-04 -9.5000000000e+00 -6.0000000000e+00 9.0000000000e+00
1.3357650609e-03 -1.0000000000e+01 -6.0000000000e+00 9.0000000000e+00
2.1596629109e-03 -1.0500000000e+01 -6.0000000000e+00 9.0000000000e+00
4.2164377712e-03 -1.1500000000e+01 -6.0000000000e+00 9.5000000000e+00
4.4428026641e-03 -1.1000000000e+01 -6.0000000000e+00 9.5000000000e+00
8.8677812192e-05 -1.3500000000e+01 -6.0000000000e+00 9.5000000000e+00
4.8752733936e-05 -8.5000000000e+00 -6.0000000000e+00 9.5000000000e+00
1.4024923473e-04 -1.1000000000e+01 -5.5000000000e+00 1.3000000000e+01
2.0610624299e-04 -1.2000000000e+01 -5.5000000000e+00 1.3000000000e+01
7.1572275778e-05 -1.0500000000e+01 -5.5000000000e+00 1.3000000000e+01
8.0313112705e-05 -1.3000000000e+01 -5.5000000000e+00 1.3000000000e+01
1.4956049272e-04 -1.2500000000e+01 -5.5000000000e+00 1.3000000000e+01
1.9308690414e-04 -1.1500000000e+01 -5.5000000000e+00 1.3000000000e+01
7.1665610762e-04 -1.2000000000e+01 -5.5000000000e+00 1.2500000000e+01
1.4089778652e-04 -1.0000000000e+01 -5.5000000000e+00 1.2500000000e+01
4.1263076248e-05 -9.5000000000e+00 -5.5000000000e+00 1.2500000000e+01
8.9038257832e-05 -1.3500000000e+01 -5.5000000000e+00 1.2500000000e+01
2.3541180931e-04 -1.3000000000e+01 -5.5000000000e+00 1.2500000000e+01
3.4255865622e-04 -1.0500000000e+01 -5.5000000000e+00 1.2500000000e+01
4.7383765300e-04 -1.2500000000e+01 -5.5000000000e+00 1.2500000000e+01
5.9310593368e-04 -1.1000000000e+01 -5.5000000000e+00 1.2500000000e+01
7.2377807285e-04 -1.1500000000e+01 -5.5000000000e+00 1.2500000000e+01
1.7359823558e-03 -1.1500000000e+01 -5.5000000000e+00 1.2000000000e+01
1.6002223289e-03 -1.2000000000e+01 -5.5000000000e+00 1.2000000000e+01
1.4880199552e-03 -1.1000000000e+01 -5.5000000000e+00 1.2000000000e+01
1.2201091540e-04 -9.5000000000e+00 -5.5000000000e+00 1.2000000000e+01
1.4833731903e-04 -1.3500000000e+01 -5.5000000000e+00 1.2000000000e+01
3.9686007904e-04 -1.0000000000e+01 -5.5000000000e+00 1.2000000000e+01
4.7406250896e-04 -1.3000000000e+01 -5.5000000000e+00 1.2000000000e+01
9.0982428718e-04 -1.0500000000e+01 -5.5000000000e+00 1.2000000000e+01
1.0134903130e-03 -1.2500000000e+01 -5.5000000000e+00 1.2000000000e+01
2.6278823496e-04 -9.0000000000e+00 -6.0000000000e+00 9.5000000000e+00
3.1759442293e-03 -1.1500000000e+01 -5.5000000000e+00 1.1500000000e+01
2.8131560252e-03 -1.1000000000e+01 -5.5000000000e+00 1.1500000000e+01
5.0507432911e-05 -1.1500000000e+01 -5.5000000000e+00 7.5000000000e+00
5.8515605246e-05 -1.1000000000e+01 -5.5000000000e+00 7.5000000000e+00
5.3902897038e-05 -1.0500000000e+01 -5.5000000000e+00 7.5000000000e+00
5.7866385047e-05 -9.0000000000e+00 -5.5000000000e+00 1.1500000000e+01
4.2664798189e-05 -1.4000000000e+01 -5.5000000000e+00 1.1500000000e+01
2.7440980894e-04 -9.5000000000e+00 -5.5000000000e+00 1.1500000000e+01
2.1395837744e-04 -1.3500000000e+01 -5.5000000000e+00 1.1500000000e+01
8.4053541379e-04 -1.0000000000e+01 -5.5000000000e+00 1.1500000000e+01
7.2833743405e-04 -1.3000000000e+01 -5.5000000000e+00 1.1500000000e+01
1.8138548376e-03 -1.0500000000e+01 -5.5000000000e+00 1.1500000000e+01
1.6470949578e-03 -1.2500000000e+01 -5.5000000000e+00 1.1500000000e+01
2.6995409475e-03 -1.2000000000e+01 -5.5000000000e+00 1.1500000000e+01
1.0784245944e-04 -9.0000000000e+00 -5.5000000000e+00 1.1000000000e+01
1.2335700583e-04 -1.2000000000e+01 -5.5000000000e+00 8.0000000000e+00
2.0147698163e-04 -1.1500000000e+01 -5.5000000000e+00 8.0000000000e+00
5.6971084899e-05 -1.2500000000e+01 -5.5000000000e+00 8.0000000000e+00
2.2222468639e-04 -1.1000000000e+01 -5.5000000000e+00 8.0000000000e+00
2.0041624389e-04 -1.0500000000e+01 -5.5000000000e+00 8.0000000000e+00
5.9827336784e-05 -9.5000000000e+00 -5.5000000000e+00 8.0000000000e+00
1.2861966135e-04 -1.0000000000e+01 -5.5000000000e+00 8.0000000000e+00
4.7553502305e-04 -9.5000000000e+00 -5.5000000000e+00 1.1000000000e+01
2.3035666278e-04 -1.3500000000e+01 -5.5000000000e+00 1.1000000000e+01
1.3727633039e-03 -1.0000000000e+01 -5.5000000000e+00 1.1000000000e+01
8.4047437473e-04 -1.3000000000e+01 -5.5000000000e+00 1.1000000000e+01
2.7965390302e-03 -1.0500000000e+01 -5.5000000000e+00 1.1000000000e+01
4.7840473732e-03 -1.1500000000e+01 -5.5000000000e+00 1.0500000000e+01
3.6255174420e-03 -1.2000000000e+01 -5.5000000000e+00 1.0500000000e+01
4.5646777420e-03 -1.1000000000e+01 -5.5000000000e+00 1.0500000000e+01
1.5604958254e-04 -9.0000000000e+00 -5.5000000000e+00 1.0500000000e+01
4.0467559379e-04 -1.2000000000e+01 -5.5000000000e+00 8.5000000000e+00
6.3805663606e-04 -1.1500000000e+01 -5.5000000000e+00 8.5000000000e+00
1.9205997718e-04 -1.2500000000e+01 -5.5000000000e+00 8.5000000000e+00
6.7997398991e-04 -1.1000000000e+01 -5.5000000000e+00 8.5000000000e+00
6.3735675600e-05 -1.3000000000e+01 -5.5000000000e+00 8.5000000000e+00
5.0798864754e-05 -9.0000000000e+00 -5.5000000000e+00 8.5000000000e+00
1.6195797946e-04 -9.5000000000e+00 -5.5000000000e+00 8.5000000000e+00
3.6373746923e-04 -1.0000000000e+01 -5.5000000000e+00 8.5000000000e+00
5.8983974941e-04 -1.0500000000e+01 -5.5000000000e+00 8.5000000000e+00
6.3819288361e-04 -9.5000000000e+00 -5.5000000000e+00 1.0500000000e+01
2.1827870783e-04 -1.3500000000e+01 -5.5000000000e+00 1.0500000000e+01
1.7225984025e-03 -1.0000000000e+01 -5.5000000000e+00 1.0500000000e+01
8.2212205811e-04 -1.3000000000e+01 -5.5000000000e+00 1.0500000000e+01
3.2969049403e-03 -1.0500000000e+01 -5.5000000000e+00 1.0500000000e+01
2.0387247292e-03 -1.2500000000e+01 -5.5000000000e+00 1.0500000000e+01
3.0915721389e-03 -1.2000000000e+01 -5.5000000000e+00 1.0000000000e+01
1.7160245785e-04 -9.0000000000e+00 -5.5000000000e+00 1.0000000000e+01
6.5423566039e-04 -9.5000000000e+00 -5.5000000000e+00 1.0000000000e+01
1.6008411969e-04 -1.3500000000e+01 -5.5000000000e+00 1.0000000000e+01
1.5485543642e-03 -1.1500000000e+01 -5.5000000000e+00 9.0000000000e+00
1.5991580779e-03 -1.1000000000e+01 -5.5000000000e+00 9.0000000000e+00
1.7350200466e-04 -1.3000000000e+01 -5.5000000000e+00 9.0000000000e+00
4.1384750374e-05 -1.3500000000e+01 -5.5000000000e+00 9.0000000000e+00
9.9634632269e-05 -9.0000000000e+00 -5.5000000000e+00 9.0000000000e+00
3.3602775689e-04 -9.5000000000e+00 -5.5000000000e+00 9.0000000000e+00
7.8787265910e-04 -1.0000000000e+01 -5.5000000000e+00 9.0000000000e+00
1.3336952641e-03 -1.0500000000e+01 -5.5000000000e+00 9.0000000000e+00
5.0465974231e-04 -1.2500000000e+01 -5.5000000000e+00 9.0000000000e+00
1.0248632860e-03 -1.2000000000e+01 -5.5000000000e+00 9.0000000000e+00
1.6922595116e-03 -1.0000000000e+01 -5.5000000000e+00 1.0000000000e+01
6.3976498419e-04 -1.3000000000e+01 -5.5000000000e+00 1.0000000000e+01
3.1329471118e-03 -1.0500000000e+01 -5.5000000000e+00 1.0000000000e+01
1.6718242037e-03 -1.2500000000e+01 -5.5000000000e+00 1.0000000000e+01
4.1676176716e-03 -1.1000000000e+01 -5.5000000000e+00 1.0000000000e+01
4.2655601453e-03 -1.1500000000e+01 -5.5000000000e+00 1.0000000000e+01
2.0303973813e-03 -1.2000000000e+01 -5.5000000000e+00 9.5000000000e+00
2.9343831787e-03 -1.1500000000e+01 -5.5000000000e+00 9.5000000000e+00
1.0455647386e-03 -1.2500000000e+01 -5.5000000000e+00 9.5000000000e+00
3.7563651546e-04 -1.3000000000e+01 -5.5000000000e+00 9.5000000000e+00
9.2366110689e-05 -1.3500000000e+01 -5.5000000000e+00 9.5000000000e+00
1.2524845229e-04 -1.1500000000e+01 -5.0000000000e+00 1.3000000000e+01
8.7050820205e-05 -1.1000000000e+01 -5.0000000000e+00 1.3000000000e+01
4.3046255031e-05 -1.0500000000e+01 -5.0000000000e+00 1.3000000000e+01
5.7617264204e-05 -1.3000000000e+01 -5.0000000000e+00 1.3000000000e+01
1.0125428035e-04 -1.2500000000e+01 -5.0000000000e+00 1.3000000000e+01
1.3679187820e-04 -1.2000000000e+01 -5.0000000000e+00 1.3000000000e+01
1.8880455572e-04 -1.0500000000e+01 -5.0000000000e+00 1.2500000000e+01
7.5487684348e-05 -1.0000000000e+01 -5.0000000000e+00 1.2500000000e+01
6.2132745702e-05 -1.3500000000e+01 -5.0000000000e+00 1.2500000000e+01
1.6458069562e-04 -1.3000000000e+01 -5.0000000000e+00 1.2500000000e+01
3.1098438022e-04 -1.2500000000e+01 -5.0000000000e+00 1.2500000000e+01
3.3613125352e-04 -1.1000000000e+01 -5.0000000000e+00 1.2500000000e+01
4.4476457992e-04 -1.2000000000e+01 -5.0000000000e+00 1.2500000000e+01
4.3303507296e-04 -1.1500000000e+01 -5.0000000000e+00 1.2500000000e+01
1.5030277051e-04 -9.0000000000e+00 -5.5000000000e+00 9.5000000000e+00
8.1890575024e-04 -1.1000000000e+01 -5.0000000000e+00 1.2000000000e+01
9.7467333730e-04 -1.2000000000e+01 -5.0000000000e+00 1.2000000000e+01
6.1222199220e-05 -9.5000000000e+00 -5.0000000000e+00 1.2000000000e+01
1.1290736941e-04 -1.3500000000e+01 -5.0000000000e+00 1.2000000000e+01
2.0563835591e-04 -1.0000000000e+01 -5.0000000000e+00 1.2000000000e+01
3.2257256801e-04 -1.3000000000e+01 -5.0000000000e+00 1.2000000000e+01
4.8337490708e-04 -1.0500000000e+01 -5.0000000000e+00 1.2000000000e+01
6.4554060129e-04 -1.2500000000e+01 -5.0000000000e+00 1.2000000000e+01
9.9138284304e-04 -1.1500000000e+01 -5.0000000000e+00 1.2000000000e+01
1.6209801752e-03 -1.2000000000e+01 -5.0000000000e+00 1.1500000000e+01
1.7606269754e-03 -1.1500000000e+01 -5.0000000000e+00 1.1500000000e+01
1.3392790561e-04 -9.5000000000e+00 -5.0000000000e+00 1.1500000000e+01
1.6306555110e-04 -1.3500000000e+01 -5.0000000000e+00 1.1500000000e+01
4.2099010478e-04 -1.0000000000e+01 -5.0000000000e+00 1.1500000000e+01
4.9224960571e-04 -1.3000000000e+01 -5.0000000000e+00 1.1500000000e+01
9.3825957605e-04 -1.0500000000e+01 -5.0000000000e+00 1.1500000000e+01
4.9284167373e-05 -9.0000000000e+00 -5.0000000000e+00 1.1000000000e+01
5.8573610494e-05 -1.2000000000e+01 -5.0000000000e+00 8.0000000000e+00
8.2646825331e-05 -1.1500000000e+01 -5.0000000000e+00 8.0000000000e+00
6.7660608435e-05 -1.0500000000e+01 -5.0000000000e+00 8.0000000000e+00
4.0599352850e-05 -1.0000000000e+01 -5.0000000000e+00 8.0000000000e+00
8.2196757320e-05 -1.1000000000e+01 -5.0000000000e+00 8.0000000000e+00
2.2500654452e-04 -9.5000000000e+00 -5.0000000000e+00 1.1000000000e+01
1.8031113508e-04 -1.3500000000e+01 -5.0000000000e+00 1.1000000000e+01
6.6632744097e-04 -1.0000000000e+01 -5.0000000000e+00 1.1000000000e+01
5.7245704006e-04 -1.3000000000e+01 -5.0000000000e+00 1.1000000000e+01
1.4097743426e-03 -1.0500000000e+01 -5.0000000000e+00 1.1000000000e+01
1.2749194653e-03 -1.2500000000e+01 -5.0000000000e+00 1.1000000000e+01
2.1666344830e-03 -1.1000000000e+01 -5.0000000000e+00 1.1000000000e+01
2.0714381846e-03 -1.2000000000e+01 -5.0000000000e+00 1.1000000000e+01
2.4344073282e-03 -1.1500000000e+01 -5.0000000000e+00 1.1000000000e+01
2.0908386700e-03 -1.2000000000e+01 -5.0000000000e+00 1.0500000000e+01
2.5761678442e-03 -1.1500000000e+01 -5.0000000000e+00 1.0500000000e+01
1.2528019463e-03 -1.2500000000e+01 -5.0000000000e+00 1.0500000000e+01
5.4749618954e-04 -1.3000000000e+01 -5.0000000000e+00 1.0500000000e+01
6.9603115670e-05 -9.0000000000e+00 -5.0000000000e+00 1.0500000000e+01
4.1183607004e-05 -1.3000000000e+01 -5.0000000000e+00 8.5000000000e+00
5.7976516667e-05 -9.5000000000e+00 -5.0000000000e+00 8.5000000000e+00
1.3482694053e-04 -1.0000000000e+01 -5.0000000000e+00 8.5000000000e+00
2.2800387370e-04 -1.0500000000e+01 -5.0000000000e+00 8.5000000000e+00
1.0584806696e-04 -1.2500000000e+01 -5.0000000000e+00 8.5000000000e+00
2.8427702718e-04 -1.1000000000e+01 -5.0000000000e+00 8.5000000000e+00
1.9857841910e-04 -1.2000000000e+01 -5.0000000000e+00 8.5000000000e+00
2.8331598213e-04 -1.1500000000e+01 -5.0000000000e+00 8.5000000000e+00
2.9231895335e-04 -9.5000000000e+00 -5.0000000000e+00 1.0500000000e+01
1.6722241211e-04 -1.3500000000e+01 -5.0000000000e+00 1.0500000000e+01
2.0705688584e-03 -1.1000000000e+01 -5.0000000000e+00 1.0000000000e+01
9.8908550845e-04 -1.2500000000e+01 -5.0000000000e+00 1.0000000000e+01
1.7086486452e-03 -1.2000000000e+01 -5.0000000000e+00 1.0000000000e+01
2.1918709120e-03 -1.1500000000e+01 -5.0000000000e+00 1.0000000000e+01
7.4134557766e-05 -9.0000000000e+00 -5.0000000000e+00 1.0000000000e+01
2.8872528372e-04 -9.5000000000e+00 -5.0000000000e+00 1.0000000000e+01
1.2486140436e-04 -1.3500000000e+01 -5.0000000000e+00 1.0000000000e+01
7.6707796908e-04 -1.0000000000e+01 -5.0000000000e+00 1.0000000000e+01
4.1769237265e-04 -1.3000000000e+01 -5.0000000000e+00 1.0000000000e+01
5.2869686989e-04 -1.2000000000e+01 -5.0000000000e+00 9.0000000000e+00
7.2726187947e-04 -1.1500000000e+01 -5.0000000000e+00 9.0000000000e+00
2.8849301751e-04 -1.2500000000e+01 -5.0000000000e+00 9.0000000000e+00
1.1552836438e-04 -1.3000000000e+01 -5.0000000000e+00 9.0000000000e+00
1.3249086253e-04 -9.5000000000e+00 -5.0000000000e+00 9.0000000000e+00
3.1945006637e-04 -1.0000000000e+01 -5.0000000000e+00 9.0000000000e+00
5.5980683655e-04 -1.0500000000e+01 -5.0000000000e+00 9.0000000000e+00
7.1975583221e-04 -1.1000000000e+01 -5.0000000000e+00 9.0000000000e+00
6.0838777007e-04 -1.2500000000e+01 -5.0000000000e+00 9.5000000000e+00
2.5194326470e-04 -1.3000000000e+01 -5.0000000000e+00 9.5000000000e+00
7.1423522541e-05 -1.3500000000e+01 -5.0000000000e+00 9.5000000000e+00
7.4625855125e-05 -1.2000000000e+01 -4.5000000000e+00 1.3000000000e+01
6.5761961204e-05 -1.1500000000e+01 -4.5000000000e+00 1.3000000000e+01
4.0390480872e-05 -1.3000000000e+01 -4.5000000000e+00 1.3000000000e+01
2.0559740828e-04 -1.1500000000e+01 -4.5000000000e+00 1.2500000000e+01
5.9912404954e-05 -1.2500000000e+01 -4.5000000000e+00 1.3000000000e+01
1.4703698953e-04 -1.1000000000e+01 -4.5000000000e+00 1.2500000000e+01
2.1868311742e-04 -1.2000000000e+01 -4.5000000000e+00 1.2500000000e+01
6.1554080181e-05 -9.0000000000e+00 -5.0000000000e+00 9.5000000000e+00
7.7563546942e-05 -1.0500000000e+01 -4.5000000000e+00 1.2500000000e+01
9.7009334949e-05 -1.3000000000e+01 -4.5000000000e+00 1.2500000000e+01
1.6622288278e-04 -1.2500000000e+01 -4.5000000000e+00 1.2500000000e+01
3.4086491733e-04 -1.1000000000e+01 -4.5000000000e+00 1.2000000000e+01
1.9110623587e-04 -1.0500000000e+01 -4.5000000000e+00 1.2000000000e+01
7.6252813631e-05 -1.0000000000e+01 -4.5000000000e+00 1.2000000000e+01
7.0891827686e-05 -1.3500000000e+01 -4.5000000000e+00 1.2000000000e+01
1.7626428979e-04 -1.3000000000e+01 -4.5000000000e+00 1.2000000000e+01
7.3913395238e-04 -1.1500000000e+01 -4.5000000000e+00 1.1500000000e+01
3.2691542463e-04 -1.2500000000e+01 -4.5000000000e+00 1.2000000000e+01
4.5715137949e-04 -1.2000000000e+01 -4.5000000000e+00 1.2000000000e+01
4.4260663982e-04 -1.1500000000e+01 -4.5000000000e+00 1.2000000000e+01
2.2571852816e-04 -9.5000000000e+00 -5.0000000000e+00 9.5000000000e+00
3.5044507677e-04 -1.0500000000e+01 -4.5000000000e+00 1.1500000000e+01
4.3786148573e-05 -9.5000000000e+00 -4.5000000000e+00 1.1500000000e+01
9.8621164808e-05 -1.3500000000e+01 -4.5000000000e+00 1.1500000000e+01
1.4828818382e-04 -1.0000000000e+01 -4.5000000000e+00 1.1500000000e+01
2.6199387406e-04 -1.3000000000e+01 -4.5000000000e+00 1.1500000000e+01
5.0450769544e-04 -1.2500000000e+01 -4.5000000000e+00 1.1500000000e+01
5.9659477007e-04 -1.1000000000e+01 -4.5000000000e+00 1.1500000000e+01
7.3837696169e-04 -1.2000000000e+01 -4.5000000000e+00 1.1500000000e+01
4.9067593252e-04 -1.0500000000e+01 -4.5000000000e+00 1.1000000000e+01
6.8248252039e-05 -9.5000000000e+00 -4.5000000000e+00 1.1000000000e+01
1.0720885668e-04 -1.3500000000e+01 -4.5000000000e+00 1.1000000000e+01
2.1824476550e-04 -1.0000000000e+01 -4.5000000000e+00 1.1000000000e+01
2.9865009382e-04 -1.3000000000e+01 -4.5000000000e+00 1.1000000000e+01
6.0055675176e-04 -1.2500000000e+01 -4.5000000000e+00 1.1000000000e+01
5.6119716149e-04 -1.2500000000e+01 -4.5000000000e+00 1.0500000000e+01
9.4963927865e-05 -1.3500000000e+01 -4.5000000000e+00 1.0500000000e+01
4.1918336465e-05 -1.2000000000e+01 -4.5000000000e+00 8.5000000000e+00
5.1230947438e-05 -1.1500000000e+01 -4.5000000000e+00 8.5000000000e+00
5.0580879277e-05 -1.1000000000e+01 -4.5000000000e+00 8.5000000000e+00
8.2232255056e-05 -9.5000000000e+00 -4.5000000000e+00 1.0500000000e+01
2.4409633919e-04 -1.0000000000e+01 -4.5000000000e+00 1.0500000000e+01
2.7239521571e-04 -1.3000000000e+01 -4.5000000000e+00 1.0500000000e+01
5.2009020112e-04 -1.0500000000e+01 -4.5000000000e+00 1.0500000000e+01
6.4277905156e-04 -1.2000000000e+01 -4.5000000000e+00 1.0000000000e+01
4.0802366926e-04 -1.2500000000e+01 -4.5000000000e+00 1.0000000000e+01
6.4994660687e-04 -1.1000000000e+01 -4.5000000000e+00 1.0000000000e+01
1.9325032648e-04 -1.3000000000e+01 -4.5000000000e+00 1.0000000000e+01
7.2049609429e-05 -9.5000000000e+00 -4.5000000000e+00 1.0000000000e+01
6.2055862715e-05 -1.3500000000e+01 -4.5000000000e+00 1.0000000000e+01
2.0777273341e-04 -1.0000000000e+01 -4.5000000000e+00 1.0000000000e+01
1.4765667786e-04 -1.2000000000e+01 -4.5000000000e+00 9.0000000000e+00
1.7826201070e-04 -1.1500000000e+01 -4.5000000000e+00 9.0000000000e+00
9.1272781768e-05 -1.2500000000e+01 -4.5000000000e+00 9.0000000000e+00
6.2961270918e-05 -1.0000000000e+01 -4.5000000000e+00 9.0000000000e+00
1.1820765791e-04 -1.0500000000e+01 -4.5000000000e+00 9.0000000000e+00
1.6727670208e-04 -1.1000000000e+01 -4.5000000000e+00 9.0000000000e+00
3.6041889444e-04 -1.2000000000e+01 -4.5000000000e+00 9.5000000000e+00
4.2025166219e-04 -1.1500000000e+01 -4.5000000000e+00 9.5000000000e+00
2.2780986237e-04 -1.2500000000e+01 -4.5000000000e+00 9.5000000000e+00
1.0714680553e-04 -1.3000000000e+01 -4.5000000000e+00 9.5000000000e+00
8.6167710427e-05 -1.2000000000e+01 -4.0000000000e+00 1.2500000000e+01
7.2487422167e-05 -1.1500000000e+01 -4.0000000000e+00 1.2500000000e+01
4.3399193293e-05 -1.3000000000e+01 -4.0000000000e+00 1.2500000000e+01
7.7622079138e-05 -1.2500000000e+01 -4.0000000000e+00 1.2500000000e+01
4.3418319695e-05 -1.1000000000e+01 -4.0000000000e+00 1.2500000000e+01
4.9367977717e-05 -9.5000000000e+00 -4.5000000000e+00 9.5000000000e+00
8.6746364883e-05 -1.1000000000e+01 -4.0000000000e+00 1.2000000000e+01
8.2332081492e-05 -1.3000000000e+01 -4.0000000000e+00 1.2000000000e+01
4.3551447511e-05 -1.0500000000e+01 -4.0000000000e+00 1.2000000000e+01
1.2359198259e-04 -1.2500000000e+01 -4.0000000000e+00 1.2000000000e+01
1.5199364386e-04 -1.2000000000e+01 -4.0000000000e+00 1.2000000000e+01
1.3621283188e-04 -1.1500000000e+01 -4.0000000000e+00 1.2000000000e+01
2.1363694695e-04 -1.2000000000e+01 -4.0000000000e+00 1.1500000000e+01
1.9161639600e-04 -1.1500000000e+01 -4.0000000000e+00 1.1500000000e+01
6.7823868614e-05 -1.0500000000e+01 -4.0000000000e+00 1.1500000000e+01
1.0055968646e-04 -1.3000000000e+01 -4.0000000000e+00 1.1500000000e+01
1.7550683964e-04 -1.2500000000e+01 -4.0000000000e+00 1.1500000000e+01
1.5796234697e-04 -1.1000000000e+01 -4.0000000000e+00 1.1000000000e+01
2.3226780044e-04 -1.2000000000e+01 -4.0000000000e+00 1.1000000000e+01
1.0410401694e-04 -1.3000000000e+01 -4.0000000000e+00 1.1000000000e+01
8.5351747575e-05 -1.0500000000e+01 -4.0000000000e+00 1.1000000000e+01
1.8214564052e-04 -1.1500000000e+01 -4.0000000000e+00 1.0500000000e+01
1.3928521342e-04 -1.1000000000e+01 -4.0000000000e+00 1.0500000000e+01
1.9001125428e-04 -1.2000000000e+01 -4.0000000000e+00 1.0500000000e+01
7.9370979451e-05 -1.3000000000e+01 -4.0000000000e+00 1.0500000000e+01
8.2481803697e-05 -1.0500000000e+01 -4.0000000000e+00 1.0500000000e+01
1.1459920278e-04 -1.2000000000e+01 -4.0000000000e+00 1.0000000000e+01
1.1637123067e-04 -1.1500000000e+01 -4.0000000000e+00 1.0000000000e+01
9.7063474636e-05 -1.1000000000e+01 -4.0000000000e+00 1.0000000000e+01
5.7104983831e-05 -1.0500000000e+01 -4.0000000000e+00 1.0000000000e+01
4.5652764508e-05 -1.3000000000e+01 -4.0000000000e+00 1.0000000000e+01
4.7236601760e-05 -1.1000000000e+01 -4.0000000000e+00 9.5000000000e+00
4.7625346960e-05 -1.2000000000e+01 -4.0000000000e+00 9.5000000000e+00
5.6791091437e-05 -1.1500000000e+01 -4.0000000000e+00 9.5000000000e+00
8.3737740440e-05 -1.2500000000e+01 -4.0000000000e+00 1.0000000000e+01
1.4588977471e-04 -1.2500000000e+01 -4.0000000000e+00 1.0500000000e+01
1.8404760752e-04 -1.2500000000e+01 -4.0000000000e+00 1.1000000000e+01
2.1124337304e-04 -1.1500000000e+01 -4.0000000000e+00 1.1000000000e+01
1.3456218223e-04 -1.1000000000e+01 -4.0000000000e+00 1.1500000000e+01
1.3329590594e-04 -1.0000000000e+01 -4.5000000000e+00 9.5000000000e+00
2.6027387190e-04 -1.0500000000e+01 -4.5000000000e+00 9.5000000000e+00
3.8441430263e-04 -1.1000000000e+01 -4.5000000000e+00 9.5000000000e+00
4.2692898359e-04 -1.0500000000e+01 -4.5000000000e+00 1.0000000000e+01
7.3504115414e-04 -1.1500000000e+01 -4.5000000000e+00 1.0000000000e+01
8.2655379302e-04 -1.1000000000e+01 -4.5000000000e+00 1.0500000000e+01
8.6715702125e-04 -1.2000000000e+01 -4.5000000000e+00 1.0500000000e+01
9.5706090460e-04 -1.1500000000e+01 -4.5000000000e+00 1.0500000000e+01
8.0650324145e-04 -1.1000000000e+01 -4.5000000000e+00 1.1000000000e+01
9.1043592481e-04 -1.2000000000e+01 -4.5000000000e+00 1.1000000000e+01
9.6210717653e-04 -1.1500000000e+01 -4.5000000000e+00 1.1000000000e+01
5.6828598182e-04 -1.0000000000e+01 -5.0000000000e+00 9.5000000000e+00
1.0415643812e-03 -1.0500000000e+01 -5.0000000000e+00 9.5000000000e+00
1.4000692208e-03 -1.1000000000e+01 -5.0000000000e+00 9.5000000000e+00
1.0825193340e-03 -1.2000000000e+01 -5.0000000000e+00 9.5000000000e+00
1.4439970288e-03 -1.1500000000e+01 -5.0000000000e+00 9.5000000000e+00
1.4749602330e-03 -1.0500000000e+01 -5.0000000000e+00 1.0000000000e+01
8.1414182543e-04 -1.0000000000e+01 -5.0000000000e+00 1.0500000000e+01
1.6235079308e-03 -1.0500000000e+01 -5.0000000000e+00 1.0500000000e+01
2.3701798904e-03 -1.1000000000e+01 -5.0000000000e+00 1.0500000000e+01
1.0370289540e-03 -1.2500000000e+01 -5.0000000000e+00 1.1500000000e+01
1.5142580013e-03 -1.1000000000e+01 -5.0000000000e+00 1.1500000000e+01
5.4029049894e-04 -9.5000000000e+00 -5.5000000000e+00 9.5000000000e+00
1.3282716086e-03 -1.0000000000e+01 -5.5000000000e+00 9.5000000000e+00
2.3457431542e-03 -1.0500000000e+01 -5.5000000000e+00 9.5000000000e+00
2.9508219779e-03 -1.1000000000e+01 -5.5000000000e+00 9.5000000000e+00
2.0308806914e-03 -1.2500000000e+01 -5.5000000000e+00 1.1000000000e+01
4.1071694741e-03 -1.1000000000e+01 -5.5000000000e+00 1.1000000000e+01
3.5127444278e-03 -1.2000000000e+01 -5.5000000000e+00 1.1000000000e+01
4.4458503540e-03 -1.1500000000e+01 -5.5000000000e+00 1.1000000000e+01
9.2272375249e-04 -9.5000000000e+00 -6.0000000000e+00 9.5000000000e+00
2.2105647249e-03 -1.0000000000e+01 -6.0000000000e+00 9.5000000000e+00
3.9468641257e-04 -1.3000000000e+01 -6.0000000000e+00 9.5000000000e+00
3.7541493964e-03 -1.0500000000e+01 -6.0000000000e+00 9.5000000000e+00
1.2372692042e-03 -1.2500000000e+01 -6.0000000000e+00 9.5000000000e+00
2.6564767070e-03 -1.2000000000e+01 -6.0000000000e+00 9.5000000000e+00
1.3213454213e-03 -1.2000000000e+01 -6.0000000000e+00 9.0000000000e+00
2.2151924101e-03 -1.1500000000e+01 -6.0000000000e+00 9.0000000000e+00
2.7414954592e-03 -1.0000000000e+01 -6.0000000000e+00 1.0000000000e+01
2.0535131649e-03 -1.2500000000e+01 -6.0000000000e+00 1.0000000000e+01
6.1921391703e-03 -1.1000000000e+01 -6.0000000000e+00 1.0000000000e+01
4.1445496148e-03 -1.2000000000e+01 -6.0000000000e+00 1.0000000000e+01
6.1363626400e-03 -1.1500000000e+01 -6.0000000000e+00 1.0000000000e+01
2.5024401313e-03 -1.2500000000e+01 -6.0000000000e+00 1.0500000000e+01
6.5741176177e-03 -1.1000000000e+01 -6.0000000000e+00 1.0500000000e+01
4.7520623210e-03 -1.2000000000e+01 -6.0000000000e+00 1.0500000000e+01
6.6741309447e-03 -1.1500000000e+01 -6.0000000000e+00 1.0500000000e+01
5.9345352662e-03 -1.1000000000e+01 -6.0000000000e+00 1.1000000000e+01
3.5214712662e-04 -9.0000000000e+00 -6.5000000000e+00 9.5000000000e+00
1.1720152176e-03 -9.5000000000e+00 -6.5000000000e+00 9.5000000000e+00
2.6949169281e-03 -1.0000000000e+01 -6.5000000000e+00 9.5000000000e+00
4.3641872613e-03 -1.0500000000e+01 -6.5000000000e+00 9.5000000000e+00
4.9406247020e-03 -1.1000000000e+01 -6.5000000000e+00 9.5000000000e+00
4.4682907608e-03 -1.1500000000e+01 -6.5000000000e+00 9.5000000000e+00
2.7048646765e-03 -1.1000000000e+01 -6.5000000000e+00 9.0000000000e+00
