inf
1.1353260059e-04 -1.1500000000e+01 -9.5000000000e+00 1.0000000000e+01
1.9349579987e-04 -1.1000000000e+01 -9.5000000000e+00 1.0000000000e+01
4.1543421544e-05 -1.1500000000e+01 -9.5000000000e+00 9.5000000000e+00
9.3124364164e-05 -1.1000000000e+01 -9.5000000000e+00 9.5000000000e+00
1.3536840972e-04 -1.1500000000e+01 -9.5000000000e+00 1.0500000000e+01
1.9936221271e-04 -1.1000000000e+01 -9.5000000000e+00 1.0500000000e+01
6.5769974942e-05 -1.2000000000e+01 -9.5000000000e+00 1.0500000000e+01
6.5067073691e-04 -1.1500000000e+01 -9.0000000000e+00 1.0500000000e+01
8.6823208136e-04 -1.1000000000e+01 -9.0000000000e+00 1.0500000000e+01
3.3805710389e-04 -1.2000000000e+01 -9.0000000000e+00 1.0500000000e+01
8.2343820395e-04 -1.0500000000e+01 -9.0000000000e+00 1.0500000000e+01
2.0707983416e-04 -1.0500000000e+01 -9.5000000000e+00 1.0500000000e+01
4.0963076664e-05 -1.0500000000e+01 -1.0000000000e+01 1.0500000000e+01
7.3723957532e-05 -1.1000000000e+01 -9.0000000000e+00 8.5000000000e+00
1.1757170963e-04 -1.2500000000e+01 -9.0000000000e+00 1.0500000000e+01
1.1101646472e-04 -1.0500000000e+01 -9.0000000000e+00 8.5000000000e+00
6.1425021979e-04 -1.1500000000e+01 -9.0000000000e+00 1.0000000000e+01
8.6920491596e-04 -1.1000000000e+01 -9.0000000000e+00 1.0000000000e+01
2.7404075138e-04 -1.2000000000e+01 -9.0000000000e+00 1.0000000000e+01
8.4715014694e-04 -1.0500000000e+01 -9.0000000000e+00 1.0000000000e+01
2.1044484664e-04 -1.0500000000e+01 -9.5000000000e+00 1.0000000000e+01
4.0633445708e-05 -1.0500000000e+01 -1.0000000000e+01 1.0000000000e+01
1.0904173563e-04 -1.1500000000e+01 -9.0000000000e+00 9.0000000000e+00
2.2810345173e-04 -1.1000000000e+01 -9.0000000000e+00 9.0000000000e+00
6.3789036359e-05 -1.2500000000e+01 -9.0000000000e+00 1.0000000000e+01
2.7992806792e-04 -1.0500000000e+01 -9.0000000000e+00 9.0000000000e+00
5.6262722702e-05 -1.0500000000e+01 -9.5000000000e+00 9.0000000000e+00
2.8597580526e-04 -1.1500000000e+01 -9.0000000000e+00 9.5000000000e+00
5.0826123289e-04 -1.1000000000e+01 -9.0000000000e+00 9.5000000000e+00
9.2836075421e-05 -1.2000000000e+01 -9.0000000000e+00 9.5000000000e+00
5.6919424016e-04 -1.0500000000e+01 -9.0000000000e+00 9.5000000000e+00
1.2541316860e-04 -1.0500000000e+01 -9.5000000000e+00 9.5000000000e+00
1.2687186773e-04 -1.1500000000e+01 -9.5000000000e+00 1.1000000000e+01
1.8156748649e-04 -1.1000000000e+01 -9.5000000000e+00 1.1000000000e+01
6.2141277850e-05 -1.2000000000e+01 -9.5000000000e+00 1.1000000000e+01
6.0964595746e-04 -1.1500000000e+01 -9.0000000000e+00 1.1000000000e+01
7.7439017294e-04 -1.1000000000e+01 -9.0000000000e+00 1.1000000000e+01
3.1770313660e-04 -1.2000000000e+01 -9.0000000000e+00 1.1000000000e+01
7.0491538360e-04 -1.0500000000e+01 -9.0000000000e+00 1.1000000000e+01
1.7757650690e-04 -1.0500000000e+01 -9.5000000000e+00 1.1000000000e+01
1.1068477348e-04 -1.2500000000e+01 -9.0000000000e+00 1.1000000000e+01
1.8785497982e-03 -1.1500000000e+01 -8.5000000000e+00 1.1000000000e+01
2.1003334712e-03 -1.1000000000e+01 -8.5000000000e+00 1.1000000000e+01
1.1087797636e-03 -1.2000000000e+01 -8.5000000000e+00 1.1000000000e+01
1.7936148801e-03 -1.0500000000e+01 -8.5000000000e+00 1.1000000000e+01
4.6387590025e-04 -1.2500000000e+01 -8.5000000000e+00 1.1000000000e+01
1.0494607756e-03 -1.0000000000e+01 -8.5000000000e+00 1.1000000000e+01
4.4225602752e-04 -1.0000000000e+01 -9.0000000000e+00 1.1000000000e+01
1.2418475914e-04 -1.0000000000e+01 -9.5000000000e+00 1.1000000000e+01
7.0613754804e-05 -1.1000000000e+01 -8.5000000000e+00 8.0000000000e+00
9.5199993851e-05 -1.0500000000e+01 -8.5000000000e+00 8.0000000000e+00
1.2370334538e-04 -1.3000000000e+01 -8.5000000000e+00 1.1000000000e+01
8.9063196109e-05 -1.0000000000e+01 -8.5000000000e+00 8.0000000000e+00
2.0144051426e-03 -1.1500000000e+01 -8.5000000000e+00 1.0500000000e+01
2.3593235345e-03 -1.1000000000e+01 -8.5000000000e+00 1.0500000000e+01
1.1729324142e-03 -1.2000000000e+01 -8.5000000000e+00 1.0500000000e+01
2.0940950271e-03 -1.0500000000e+01 -8.5000000000e+00 1.0500000000e+01
4.9041035200e-04 -1.2500000000e+01 -8.5000000000e+00 1.0500000000e+01
1.2885045594e-03 -1.0000000000e+01 -8.5000000000e+00 1.0500000000e+01
5.4162592131e-04 -1.0000000000e+01 -9.0000000000e+00 1.0500000000e+01
1.5218938085e-04 -1.0000000000e+01 -9.5000000000e+00 1.0500000000e+01
1.6681498953e-04 -1.1500000000e+01 -8.5000000000e+00 8.5000000000e+00
3.0444687031e-04 -1.1000000000e+01 -8.5000000000e+00 8.5000000000e+00
5.0010257377e-05 -1.2000000000e+01 -8.5000000000e+00 8.5000000000e+00
3.4896911219e-04 -1.0500000000e+01 -8.5000000000e+00 8.5000000000e+00
1.2945299795e-04 -1.3000000000e+01 -8.5000000000e+00 1.0500000000e+01
2.8336783401e-04 -1.0000000000e+01 -8.5000000000e+00 8.5000000000e+00
1.0639252064e-04 -1.0000000000e+01 -9.0000000000e+00 8.5000000000e+00
1.9589649984e-03 -1.1500000000e+01 -8.5000000000e+00 1.0000000000e+01
2.3771158668e-03 -1.1000000000e+01 -8.5000000000e+00 1.0000000000e+01
1.0676029803e-03 -1.2000000000e+01 -8.5000000000e+00 1.0000000000e+01
2.1520117471e-03 -1.0500000000e+01 -8.5000000000e+00 1.0000000000e+01
3.8535199938e-04 -1.2500000000e+01 -8.5000000000e+00 1.0000000000e+01
1.3541223793e-03 -1.0000000000e+01 -8.5000000000e+00 1.0000000000e+01
5.7370005263e-04 -1.0000000000e+01 -9.0000000000e+00 1.0000000000e+01
1.6192434117e-04 -1.0000000000e+01 -9.5000000000e+00 1.0000000000e+01
5.1185346600e-04 -1.1500000000e+01 -8.5000000000e+00 9.0000000000e+00
7.8087343470e-04 -1.1000000000e+01 -8.5000000000e+00 9.0000000000e+00
2.1178459383e-04 -1.2000000000e+01 -8.5000000000e+00 9.0000000000e+00
8.1399124273e-04 -1.0500000000e+01 -8.5000000000e+00 9.0000000000e+00
4.2507315283e-05 -1.2500000000e+01 -8.5000000000e+00 9.0000000000e+00
7.3274635052e-05 -1.3000000000e+01 -8.5000000000e+00 1.0000000000e+01
6.0833504765e-04 -1.0000000000e+01 -8.5000000000e+00 9.0000000000e+00
2.3771384482e-04 -1.0000000000e+01 -9.0000000000e+00 9.0000000000e+00
5.5677307957e-05 -1.0000000000e+01 -9.5000000000e+00 9.0000000000e+00
1.1200829662e-03 -1.1500000000e+01 -8.5000000000e+00 9.5000000000e+00
1.5624146878e-03 -1.1000000000e+01 -8.5000000000e+00 9.5000000000e+00
5.2864832230e-04 -1.2000000000e+01 -8.5000000000e+00 9.5000000000e+00
1.5467535596e-03 -1.0500000000e+01 -8.5000000000e+00 9.5000000000e+00
1.4690470341e-04 -1.2500000000e+01 -8.5000000000e+00 9.5000000000e+00
1.0835561188e-03 -1.0000000000e+01 -8.5000000000e+00 9.5000000000e+00
4.4715757683e-04 -1.0000000000e+01 -9.0000000000e+00 9.5000000000e+00
1.1576845941e-04 -1.0000000000e+01 -9.5000000000e+00 9.5000000000e+00
1.0219340084e-04 -1.1500000000e+01 -9.5000000000e+00 1.1500000000e+01
1.3542932733e-04 -1.1000000000e+01 -9.5000000000e+00 1.1500000000e+01
5.1484036494e-05 -1.2000000000e+01 -9.5000000000e+00 1.1500000000e+01
4.8123809819e-04 -1.1500000000e+01 -9.0000000000e+00 1.1500000000e+01
5.6688797092e-04 -1.1000000000e+01 -9.0000000000e+00 1.1500000000e+01
2.6547191510e-04 -1.2000000000e+01 -9.0000000000e+00 1.1500000000e+01
4.8690199098e-04 -1.0500000000e+01 -9.0000000000e+00 1.1500000000e+01
1.2807241736e-04 -1.0500000000e+01 -9.5000000000e+00 1.1500000000e+01
9.6046759721e-05 -1.2500000000e+01 -9.0000000000e+00 1.1500000000e+01
1.4199661788e-03 -1.1500000000e+01 -8.5000000000e+00 1.1500000000e+01
1.4969541212e-03 -1.1000000000e+01 -8.5000000000e+00 1.1500000000e+01
8.9744780126e-04 -1.2000000000e+01 -8.5000000000e+00 1.1500000000e+01
1.1983134473e-03 -1.0500000000e+01 -8.5000000000e+00 1.1500000000e+01
3.9478109559e-04 -1.2500000000e+01 -8.5000000000e+00 1.1500000000e+01
6.5291445757e-04 -1.0000000000e+01 -8.5000000000e+00 1.1500000000e+01
2.8271986202e-04 -1.0000000000e+01 -9.0000000000e+00 1.1500000000e+01
8.3122305596e-05 -1.0000000000e+01 -9.5000000000e+00 1.1500000000e+01
1.0925342461e-04 -1.3000000000e+01 -8.5000000000e+00 1.1500000000e+01
2.9007652964e-03 -1.1500000000e+01 -8.0000000000e+00 1.1500000000e+01
2.9011314106e-03 -1.1000000000e+01 -8.0000000000e+00 1.1500000000e+01
1.9818258211e-03 -1.2000000000e+01 -8.0000000000e+00 1.1500000000e+01
2.1847543050e-03 -1.0500000000e+01 -8.0000000000e+00 1.1500000000e+01
9.6910046369e-04 -1.2500000000e+01 -8.0000000000e+00 1.1500000000e+01
1.1382844081e-03 -1.0000000000e+01 -8.0000000000e+00 1.1500000000e+01
3.1944005271e-04 -1.3000000000e+01 -8.0000000000e+00 1.1500000000e+01
4.1964545640e-04 -9.5000000000e+00 -8.0000000000e+00 1.1500000000e+01
2.5242178868e-04 -9.5000000000e+00 -8.5000000000e+00 1.1500000000e+01
1.1550969750e-04 -9.5000000000e+00 -9.0000000000e+00 1.1500000000e+01
4.8173600252e-05 -1.0500000000e+01 -8.0000000000e+00 7.5000000000e+00
4.3004986928e-05 -1.0000000000e+01 -8.0000000000e+00 7.5000000000e+00
6.7192656060e-05 -1.3500000000e+01 -8.0000000000e+00 1.1500000000e+01
3.9241236504e-03 -1.1500000000e+01 -8.0000000000e+00 1.1000000000e+01
4.1162127680e-03 -1.1000000000e+01 -8.0000000000e+00 1.1000000000e+01
2.5027261369e-03 -1.2000000000e+01 -8.0000000000e+00 1.1000000000e+01
3.3339484356e-03 -1.0500000000e+01 -8.0000000000e+00 1.1000000000e+01
1.1611798511e-03 -1.2500000000e+01 -8.0000000000e+00 1.1000000000e+01
1.8520952150e-03 -1.0000000000e+01 -8.0000000000e+00 1.1000000000e+01
3.6706512669e-04 -1.3000000000e+01 -8.0000000000e+00 1.1000000000e+01
7.3076381018e-04 -9.5000000000e+00 -8.0000000000e+00 1.1000000000e+01
4.3756406117e-04 -9.5000000000e+00 -8.5000000000e+00 1.1000000000e+01
1.9676148229e-04 -9.5000000000e+00 -9.0000000000e+00 1.1000000000e+01
6.0607826663e-05 -9.5000000000e+00 -9.5000000000e+00 1.1000000000e+01
1.0866210649e-04 -1.1500000000e+01 -8.0000000000e+00 8.0000000000e+00
1.8432701735e-04 -1.1000000000e+01 -8.0000000000e+00 8.0000000000e+00
4.1973383999e-05 -1.2000000000e+01 -8.0000000000e+00 8.0000000000e+00
2.1241324320e-04 -1.0500000000e+01 -8.0000000000e+00 8.0000000000e+00
1.7728882512e-04 -1.0000000000e+01 -8.0000000000e+00 8.0000000000e+00
7.5552767104e-05 -1.3500000000e+01 -8.0000000000e+00 1.1000000000e+01
9.9492119397e-05 -9.5000000000e+00 -8.0000000000e+00 8.0000000000e+00
5.5203068040e-05 -9.5000000000e+00 -8.5000000000e+00 8.0000000000e+00
4.2150170912e-03 -1.1500000000e+01 -8.0000000000e+00 1.0500000000e+01
4.5645133141e-03 -1.1000000000e+01 -8.0000000000e+00 1.0500000000e+01
2.6457541999e-03 -1.2000000000e+01 -8.0000000000e+00 1.0500000000e+01
3.8790274564e-03 -1.0500000000e+01 -8.0000000000e+00 1.0500000000e+01
1.2222157459e-03 -1.2500000000e+01 -8.0000000000e+00 1.0500000000e+01
2.2751195218e-03 -1.0000000000e+01 -8.0000000000e+00 1.0500000000e+01
3.8267096703e-04 -1.3000000000e+01 -8.0000000000e+00 1.0500000000e+01
9.5420136438e-04 -9.5000000000e+00 -8.0000000000e+00 1.0500000000e+01
5.6813543998e-04 -9.5000000000e+00 -8.5000000000e+00 1.0500000000e+01
2.5306534015e-04 -9.5000000000e+00 -9.0000000000e+00 1.0500000000e+01
7.6919690134e-05 -9.5000000000e+00 -9.5000000000e+00 1.0500000000e+01
4.5910378673e-04 -1.1500000000e+01 -8.0000000000e+00 8.5000000000e+00
6.7962480373e-04 -1.1000000000e+01 -8.0000000000e+00 8.5000000000e+00
2.0290607737e-04 -1.2000000000e+01 -8.0000000000e+00 8.5000000000e+00
7.0149210294e-04 -1.0500000000e+01 -8.0000000000e+00 8.5000000000e+00
5.2194995328e-05 -1.2500000000e+01 -8.0000000000e+00 8.5000000000e+00
5.2323554657e-04 -1.0000000000e+01 -8.0000000000e+00 8.5000000000e+00
7.7045911913e-05 -1.3500000000e+01 -8.0000000000e+00 1.0500000000e+01
2.6920825169e-04 -9.5000000000e+00 -8.0000000000e+00 8.5000000000e+00
1.5641249533e-04 -9.5000000000e+00 -8.5000000000e+00 8.5000000000e+00
6.5957623127e-05 -9.5000000000e+00 -9.0000000000e+00 8.5000000000e+00
4.0895442805e-03 -1.1500000000e+01 -8.0000000000e+00 1.0000000000e+01
4.5712089767e-03 -1.1000000000e+01 -8.0000000000e+00 1.0000000000e+01
2.4270544552e-03 -1.2000000000e+01 -8.0000000000e+00 1.0000000000e+01
3.9537447942e-03 -1.0500000000e+01 -8.0000000000e+00 1.0000000000e+01
1.0209441832e-03 -1.2500000000e+01 -8.0000000000e+00 1.0000000000e+01
2.3683799593e-03 -1.0000000000e+01 -8.0000000000e+00 1.0000000000e+01
2.7452708752e-04 -1.3000000000e+01 -8.0000000000e+00 1.0000000000e+01
1.0127464469e-03 -9.5000000000e+00 -8.0000000000e+00 1.0000000000e+01
6.0677396372e-04 -9.5000000000e+00 -8.5000000000e+00 1.0000000000e+01
2.7164712988e-04 -9.5000000000e+00 -9.0000000000e+00 1.0000000000e+01
8.3250816186e-05 -9.5000000000e+00 -9.5000000000e+00 1.0000000000e+01
1.2302920121e-03 -1.1500000000e+01 -8.0000000000e+00 9.0000000000e+00
1.6373184733e-03 -1.1000000000e+01 -8.0000000000e+00 9.0000000000e+00
6.2394867935e-04 -1.2000000000e+01 -8.0000000000e+00 9.0000000000e+00
1.5933555667e-03 -1.0500000000e+01 -8.0000000000e+00 9.0000000000e+00
2.1078297387e-04 -1.2500000000e+01 -8.0000000000e+00 9.0000000000e+00
1.1040598370e-03 -1.0000000000e+01 -8.0000000000e+00 9.0000000000e+00
4.5594389354e-05 -1.3500000000e+01 -8.0000000000e+00 1.0000000000e+01
5.3798769404e-04 -9.5000000000e+00 -8.0000000000e+00 9.0000000000e+00
3.1567558255e-04 -9.5000000000e+00 -8.5000000000e+00 9.0000000000e+00
1.3528070608e-04 -9.5000000000e+00 -9.0000000000e+00 9.0000000000e+00
2.5280777630e-03 -1.1500000000e+01 -8.0000000000e+00 9.5000000000e+00
3.1294568394e-03 -1.1000000000e+01 -8.0000000000e+00 9.5000000000e+00
1.3701557145e-03 -1.2000000000e+01 -8.0000000000e+00 9.5000000000e+00
2.9183807859e-03 -1.0500000000e+01 -8.0000000000e+00 9.5000000000e+00
5.1787793966e-04 -1.2500000000e+01 -8.0000000000e+00 9.5000000000e+00
1.9047619618e-03 -1.0000000000e+01 -8.0000000000e+00 9.5000000000e+00
1.1699215928e-04 -1.3000000000e+01 -8.0000000000e+00 9.5000000000e+00
8.8319531454e-04 -9.5000000000e+00 -8.0000000000e+00 9.5000000000e+00
5.3465523674e-04 -9.5000000000e+00 -8.5000000000e+00 9.5000000000e+00
2.4067802882e-04 -9.5000000000e+00 -9.0000000000e+00 9.5000000000e+00
7.2003180427e-05 -9.5000000000e+00 -9.5000000000e+00 9.5000000000e+00
6.6691213930e-05 -1.1500000000e+01 -9.5000000000e+00 1.2000000000e+01
8.1103391245e-05 -1.1000000000e+01 -9.5000000000e+00 1.2000000000e+01
2.9402526103e-04 -1.1500000000e+01 -9.0000000000e+00 1.2000000000e+01
3.1418917255e-04 -1.1000000000e+01 -9.0000000000e+00 1.2000000000e+01
1.7901150793e-04 -1.2000000000e+01 -9.0000000000e+00 1.2000000000e+01
2.4476013006e-04 -1.0500000000e+01 -9.0000000000e+00 1.2000000000e+01
6.9886747298e-05 -1.0500000000e+01 -9.5000000000e+00 1.2000000000e+01
7.2733811800e-05 -1.2500000000e+01 -9.0000000000e+00 1.2000000000e+01
8.0131376766e-04 -1.1500000000e+01 -8.5000000000e+00 1.2000000000e+01
7.9521814399e-04 -1.1000000000e+01 -8.5000000000e+00 1.2000000000e+01
5.5121692498e-04 -1.2000000000e+01 -8.5000000000e+00 1.2000000000e+01
5.7954297252e-04 -1.0500000000e+01 -8.5000000000e+00 1.2000000000e+01
2.6552552430e-04 -1.2500000000e+01 -8.5000000000e+00 1.2000000000e+01
2.9212183373e-04 -1.0000000000e+01 -8.5000000000e+00 1.2000000000e+01
1.2869637311e-04 -1.0000000000e+01 -9.0000000000e+00 1.2000000000e+01
8.2975821624e-05 -1.3000000000e+01 -8.5000000000e+00 1.2000000000e+01
1.5855258410e-03 -1.1500000000e+01 -8.0000000000e+00 1.2000000000e+01
1.5110055975e-03 -1.1000000000e+01 -8.0000000000e+00 1.2000000000e+01
1.1659151376e-03 -1.2000000000e+01 -8.0000000000e+00 1.2000000000e+01
1.0493123069e-03 -1.0500000000e+01 -8.0000000000e+00 1.2000000000e+01
6.1407579161e-04 -1.2500000000e+01 -8.0000000000e+00 1.2000000000e+01
5.1146815116e-04 -1.0000000000e+01 -8.0000000000e+00 1.2000000000e+01
2.2100203684e-04 -1.3000000000e+01 -8.0000000000e+00 1.2000000000e+01
1.7615546135e-04 -9.5000000000e+00 -8.0000000000e+00 1.2000000000e+01
1.0439654974e-04 -9.5000000000e+00 -8.5000000000e+00 1.2000000000e+01
4.7776052755e-05 -9.5000000000e+00 -9.0000000000e+00 1.2000000000e+01
4.8959345170e-05 -1.3500000000e+01 -8.0000000000e+00 1.2000000000e+01
2.4029518961e-03 -1.1500000000e+01 -7.5000000000e+00 1.2000000000e+01
2.2014914931e-03 -1.1000000000e+01 -7.5000000000e+00 1.2000000000e+01
1.8834005151e-03 -1.2000000000e+01 -7.5000000000e+00 1.2000000000e+01
1.4588819130e-03 -1.0500000000e+01 -7.5000000000e+00 1.2000000000e+01
1.0570263076e-03 -1.2500000000e+01 -7.5000000000e+00 1.2000000000e+01
6.8488699502e-04 -1.0000000000e+01 -7.5000000000e+00 1.2000000000e+01
4.1804859989e-04 -1.3000000000e+01 -7.5000000000e+00 1.2000000000e+01
2.2521648555e-04 -9.5000000000e+00 -7.5000000000e+00 1.2000000000e+01
1.0545644529e-04 -1.3500000000e+01 -7.5000000000e+00 1.2000000000e+01
5.0227390263e-05 -9.0000000000e+00 -7.5000000000e+00 1.2000000000e+01
4.2668344130e-05 -9.0000000000e+00 -8.0000000000e+00 1.2000000000e+01
4.4125881221e-03 -1.1500000000e+01 -7.5000000000e+00 1.1500000000e+01
4.2256351022e-03 -1.1000000000e+01 -7.5000000000e+00 1.1500000000e+01
3.2425648645e-03 -1.2000000000e+01 -7.5000000000e+00 1.1500000000e+01
3.0014685647e-03 -1.0500000000e+01 -7.5000000000e+00 1.1500000000e+01
1.7079199331e-03 -1.2500000000e+01 -7.5000000000e+00 1.1500000000e+01
1.4975521766e-03 -1.0000000000e+01 -7.5000000000e+00 1.1500000000e+01
6.2750574971e-04 -1.3000000000e+01 -7.5000000000e+00 1.1500000000e+01
5.2620785904e-04 -9.5000000000e+00 -7.5000000000e+00 1.1500000000e+01
1.4851895281e-04 -1.3500000000e+01 -7.5000000000e+00 1.1500000000e+01
1.2679113958e-04 -9.0000000000e+00 -7.5000000000e+00 1.1500000000e+01
1.0914323908e-04 -9.0000000000e+00 -8.0000000000e+00 1.1500000000e+01
6.9228426162e-05 -9.0000000000e+00 -8.5000000000e+00 1.1500000000e+01
4.3367519028e-05 -1.1500000000e+01 -7.5000000000e+00 7.5000000000e+00
7.0310845413e-05 -1.1000000000e+01 -7.5000000000e+00 7.5000000000e+00
7.8742925742e-05 -1.0500000000e+01 -7.5000000000e+00 7.5000000000e+00
6.5081112906e-05 -1.0000000000e+01 -7.5000000000e+00 7.5000000000e+00
6.0351154795e-03 -1.1500000000e+01 -7.5000000000e+00 1.1000000000e+01
6.0377908912e-03 -1.1000000000e+01 -7.5000000000e+00 1.1000000000e+01
4.1229471511e-03 -1.2000000000e+01 -7.5000000000e+00 1.1000000000e+01
4.6208458426e-03 -1.0500000000e+01 -7.5000000000e+00 1.1000000000e+01
2.0568552139e-03 -1.2500000000e+01 -7.5000000000e+00 1.1000000000e+01
2.4542398339e-03 -1.0000000000e+01 -7.5000000000e+00 1.1000000000e+01
7.2002766959e-04 -1.3000000000e+01 -7.5000000000e+00 1.1000000000e+01
9.2066759310e-04 -9.5000000000e+00 -7.5000000000e+00 1.1000000000e+01
1.6518378891e-04 -1.3500000000e+01 -7.5000000000e+00 1.1000000000e+01
2.3888470032e-04 -9.0000000000e+00 -7.5000000000e+00 1.1000000000e+01
2.0416432854e-04 -9.0000000000e+00 -8.0000000000e+00 1.1000000000e+01
1.2954267713e-04 -9.0000000000e+00 -8.5000000000e+00 1.1000000000e+01
6.0800260334e-05 -9.0000000000e+00 -9.0000000000e+00 1.1000000000e+01
2.1008440952e-04 -1.1500000000e+01 -7.5000000000e+00 8.0000000000e+00
3.1617031656e-04 -1.1000000000e+01 -7.5000000000e+00 8.0000000000e+00
9.5829080482e-05 -1.2000000000e+01 -7.5000000000e+00 8.0000000000e+00
3.3333372521e-04 -1.0500000000e+01 -7.5000000000e+00 8.0000000000e+00
2.5878205664e-04 -1.0000000000e+01 -7.5000000000e+00 8.0000000000e+00
1.3574404844e-04 -9.5000000000e+00 -7.5000000000e+00 8.0000000000e+00
5.0260117683e-05 -9.0000000000e+00 -7.5000000000e+00 8.0000000000e+00
6.4794729283e-03 -1.1500000000e+01 -7.5000000000e+00 1.0500000000e+01
6.6371247180e-03 -1.1000000000e+01 -7.5000000000e+00 1.0500000000e+01
4.3383172260e-03 -1.2000000000e+01 -7.5000000000e+00 1.0500000000e+01
5.3837319495e-03 -1.0500000000e+01 -7.5000000000e+00 1.0500000000e+01
2.1493860548e-03 -1.2500000000e+01 -7.5000000000e+00 1.0500000000e+01
3.0360566159e-03 -1.0000000000e+01 -7.5000000000e+00 1.0500000000e+01
7.4258841236e-04 -1.3000000000e+01 -7.5000000000e+00 1.0500000000e+01
1.2197510870e-03 -9.5000000000e+00 -7.5000000000e+00 1.0500000000e+01
1.6810104293e-04 -1.3500000000e+01 -7.5000000000e+00 1.0500000000e+01
3.4295340981e-04 -9.0000000000e+00 -7.5000000000e+00 1.0500000000e+01
2.8641596695e-04 -9.0000000000e+00 -8.0000000000e+00 1.0500000000e+01
1.8037265149e-04 -9.0000000000e+00 -8.5000000000e+00 1.0500000000e+01
8.3974447882e-05 -9.0000000000e+00 -9.0000000000e+00 1.0500000000e+01
7.9415771624e-04 -1.1500000000e+01 -7.5000000000e+00 8.5000000000e+00
1.0569058164e-03 -1.1000000000e+01 -7.5000000000e+00 8.5000000000e+00
4.0401811228e-04 -1.2000000000e+01 -7.5000000000e+00 8.5000000000e+00
1.0326356332e-03 -1.0500000000e+01 -7.5000000000e+00 8.5000000000e+00
1.3976140926e-04 -1.2500000000e+01 -7.5000000000e+00 8.5000000000e+00
7.2514707821e-04 -1.0000000000e+01 -7.5000000000e+00 8.5000000000e+00
3.5577314337e-04 -9.5000000000e+00 -7.5000000000e+00 8.5000000000e+00
1.2401717350e-04 -9.0000000000e+00 -7.5000000000e+00 8.5000000000e+00
9.9321401646e-05 -9.0000000000e+00 -8.0000000000e+00 8.5000000000e+00
6.1590512547e-05 -9.0000000000e+00 -8.5000000000e+00 8.5000000000e+00
6.1665992676e-03 -1.1500000000e+01 -7.5000000000e+00 1.0000000000e+01
6.5087412665e-03 -1.1000000000e+01 -7.5000000000e+00 1.0000000000e+01
3.8943960006e-03 -1.2000000000e+01 -7.5000000000e+00 1.0000000000e+01
5.4221343057e-03 -1.0500000000e+01 -7.5000000000e+00 1.0000000000e+01
1.7876540531e-03 -1.2500000000e+01 -7.5000000000e+00 1.0000000000e+01
3.1288241851e-03 -1.0000000000e+01 -7.5000000000e+00 1.0000000000e+01
5.5698963167e-04 -1.3000000000e+01 -7.5000000000e+00 1.0000000000e+01
1.2895748082e-03 -9.5000000000e+00 -7.5000000000e+00 1.0000000000e+01
1.1272803068e-04 -1.3500000000e+01 -7.5000000000e+00 1.0000000000e+01
3.7630293991e-04 -9.0000000000e+00 -7.5000000000e+00 1.0000000000e+01
3.1103595238e-04 -9.0000000000e+00 -8.0000000000e+00 1.0000000000e+01
1.9605399759e-04 -9.0000000000e+00 -8.5000000000e+00 1.0000000000e+01
9.1526264514e-05 -9.0000000000e+00 -9.0000000000e+00 1.0000000000e+01
2.0172780898e-03 -1.1500000000e+01 -7.5000000000e+00 9.0000000000e+00
2.4621531751e-03 -1.1000000000e+01 -7.5000000000e+00 9.0000000000e+00
1.1163377211e-03 -1.2000000000e+01 -7.5000000000e+00 9.0000000000e+00
2.2941517000e-03 -1.0500000000e+01 -7.5000000000e+00 9.0000000000e+00
4.4305768641e-04 -1.2500000000e+01 -7.5000000000e+00 9.0000000000e+00
1.5098585331e-03 -1.0000000000e+01 -7.5000000000e+00 9.0000000000e+00
1.1126305743e-04 -1.3000000000e+01 -7.5000000000e+00 9.0000000000e+00
7.0357942511e-04 -9.5000000000e+00 -7.5000000000e+00 9.0000000000e+00
2.3271267847e-04 -9.0000000000e+00 -7.5000000000e+00 9.0000000000e+00
1.8828912935e-04 -9.0000000000e+00 -8.0000000000e+00 9.0000000000e+00
1.1749026860e-04 -9.0000000000e+00 -8.5000000000e+00 9.0000000000e+00
5.3826626438e-05 -9.0000000000e+00 -9.0000000000e+00 9.0000000000e+00
4.0005626976e-03 -1.1500000000e+01 -7.5000000000e+00 9.5000000000e+00
4.5683378822e-03 -1.1000000000e+01 -7.5000000000e+00 9.5000000000e+00
2.3460190358e-03 -1.2000000000e+01 -7.5000000000e+00 9.5000000000e+00
4.0790691539e-03 -1.0500000000e+01 -7.5000000000e+00 9.5000000000e+00
9.9838007358e-04 -1.2500000000e+01 -7.5000000000e+00 9.5000000000e+00
2.5395778973e-03 -1.0000000000e+01 -7.5000000000e+00 9.5000000000e+00
2.8163733598e-04 -1.3000000000e+01 -7.5000000000e+00 9.5000000000e+00
1.1230896397e-03 -9.5000000000e+00 -7.5000000000e+00 9.5000000000e+00
5.1628710134e-05 -1.3500000000e+01 -7.5000000000e+00 9.5000000000e+00
3.5118121371e-04 -9.0000000000e+00 -7.5000000000e+00 9.5000000000e+00
2.9232489079e-04 -9.0000000000e+00 -8.0000000000e+00 9.5000000000e+00
1.8772700903e-04 -9.0000000000e+00 -8.5000000000e+00 9.5000000000e+00
8.9286114931e-05 -9.0000000000e+00 -9.0000000000e+00 9.5000000000e+00
1.2232303417e-04 -1.1500000000e+01 -9.0000000000e+00 1.2500000000e+01
1.1720524630e-04 -1.1000000000e+01 -9.0000000000e+00 1.2500000000e+01
8.6665700887e-05 -1.2000000000e+01 -9.0000000000e+00 1.2500000000e+01
7.8648181228e-05 -1.0500000000e+01 -9.0000000000e+00 1.2500000000e+01
4.1538212687e-05 -1.2500000000e+01 -9.0000000000e+00 1.2500000000e+01
3.0983321319e-04 -1.1500000000e+01 -8.5000000000e+00 1.2500000000e+01
2.8573192336e-04 -1.1000000000e+01 -8.5000000000e+00 1.2500000000e+01
2.3584794474e-04 -1.2000000000e+01 -8.5000000000e+00 1.2500000000e+01
1.8650907110e-04 -1.0500000000e+01 -8.5000000000e+00 1.2500000000e+01
1.2636457976e-04 -1.2500000000e+01 -8.5000000000e+00 1.2500000000e+01
8.5971787015e-05 -1.0000000000e+01 -8.5000000000e+00 1.2500000000e+01
4.7392127849e-05 -1.3000000000e+01 -8.5000000000e+00 1.2500000000e+01
6.0164603952e-04 -1.1500000000e+01 -8.0000000000e+00 1.2500000000e+01
5.4103583950e-04 -1.1000000000e+01 -8.0000000000e+00 1.2500000000e+01
4.7845539938e-04 -1.2000000000e+01 -8.0000000000e+00 1.2500000000e+01
3.4691040021e-04 -1.0500000000e+01 -8.0000000000e+00 1.2500000000e+01
2.7230795841e-04 -1.2500000000e+01 -8.0000000000e+00 1.2500000000e+01
1.5747518672e-04 -1.0000000000e+01 -8.0000000000e+00 1.2500000000e+01
1.0951151467e-04 -1.3000000000e+01 -8.0000000000e+00 1.2500000000e+01
5.0282273593e-05 -9.5000000000e+00 -8.0000000000e+00 1.2500000000e+01
9.3211602167e-04 -1.1500000000e+01 -7.5000000000e+00 1.2500000000e+01
8.1384662396e-04 -1.1000000000e+01 -7.5000000000e+00 1.2500000000e+01
7.7521692327e-04 -1.2000000000e+01 -7.5000000000e+00 1.2500000000e+01
5.0566978277e-04 -1.0500000000e+01 -7.5000000000e+00 1.2500000000e+01
4.6306598399e-04 -1.2500000000e+01 -7.5000000000e+00 1.2500000000e+01
2.2275182663e-04 -1.0000000000e+01 -7.5000000000e+00 1.2500000000e+01
1.9723283499e-04 -1.3000000000e+01 -7.5000000000e+00 1.2500000000e+01
6.8553410600e-05 -9.5000000000e+00 -7.5000000000e+00 1.2500000000e+01
6.1181571345e-05 -1.3500000000e+01 -7.5000000000e+00 1.2500000000e+01
1.0610608645e-03 -1.1500000000e+01 -7.0000000000e+00 1.2500000000e+01
9.0244727616e-04 -1.1000000000e+01 -7.0000000000e+00 1.2500000000e+01
9.5029696238e-04 -1.2000000000e+01 -7.0000000000e+00 1.2500000000e+01
5.4511509005e-04 -1.0500000000e+01 -7.0000000000e+00 1.2500000000e+01
6.0150065967e-04 -1.2500000000e+01 -7.0000000000e+00 1.2500000000e+01
2.3440971012e-04 -1.0000000000e+01 -7.0000000000e+00 1.2500000000e+01
2.7623603053e-04 -1.3000000000e+01 -7.0000000000e+00 1.2500000000e+01
7.0741120507e-05 -9.5000000000e+00 -7.0000000000e+00 1.2500000000e+01
8.8953491346e-05 -1.3500000000e+01 -7.0000000000e+00 1.2500000000e+01
2.6673451369e-03 -1.1500000000e+01 -7.0000000000e+00 1.2000000000e+01
2.3696959946e-03 -1.1000000000e+01 -7.0000000000e+00 1.2000000000e+01
2.2108996109e-03 -1.2000000000e+01 -7.0000000000e+00 1.2000000000e+01
1.5273183531e-03 -1.0500000000e+01 -7.0000000000e+00 1.2000000000e+01
1.3366661761e-03 -1.2500000000e+01 -7.0000000000e+00 1.2000000000e+01
7.0643153245e-04 -1.0000000000e+01 -7.0000000000e+00 1.2000000000e+01
5.7603650052e-04 -1.3000000000e+01 -7.0000000000e+00 1.2000000000e+01
2.2883330974e-04 -9.5000000000e+00 -7.0000000000e+00 1.2000000000e+01
1.6555947779e-04 -1.3500000000e+01 -7.0000000000e+00 1.2000000000e+01
4.9304142434e-05 -9.0000000000e+00 -7.0000000000e+00 1.2000000000e+01
4.8837835032e-03 -1.1500000000e+01 -7.0000000000e+00 1.1500000000e+01
4.5434819019e-03 -1.1000000000e+01 -7.0000000000e+00 1.1500000000e+01
3.7947751696e-03 -1.2000000000e+01 -7.0000000000e+00 1.1500000000e+01
3.1284991276e-03 -1.0500000000e+01 -7.0000000000e+00 1.1500000000e+01
2.1619109454e-03 -1.2500000000e+01 -7.0000000000e+00 1.1500000000e+01
1.5397506060e-03 -1.0000000000e+01 -7.0000000000e+00 1.1500000000e+01
8.7470444802e-04 -1.3000000000e+01 -7.0000000000e+00 1.1500000000e+01
5.3361016511e-04 -9.5000000000e+00 -7.0000000000e+00 1.1500000000e+01
2.3352599809e-04 -1.3500000000e+01 -7.0000000000e+00 1.1500000000e+01
1.2576110778e-04 -9.0000000000e+00 -7.0000000000e+00 1.1500000000e+01
6.6006763777e-05 -1.1500000000e+01 -7.0000000000e+00 7.5000000000e+00
9.3784186679e-05 -1.1000000000e+01 -7.0000000000e+00 7.5000000000e+00
4.0619130443e-05 -1.2000000000e+01 -7.0000000000e+00 7.5000000000e+00
9.8148119317e-05 -1.0500000000e+01 -7.0000000000e+00 7.5000000000e+00
8.1475579610e-05 -1.0000000000e+01 -7.0000000000e+00 7.5000000000e+00
4.3966028191e-05 -9.5000000000e+00 -7.0000000000e+00 7.5000000000e+00
6.7400120362e-03 -1.1500000000e+01 -7.0000000000e+00 1.1000000000e+01
6.5566896715e-03 -1.1000000000e+01 -7.0000000000e+00 1.1000000000e+01
4.8755379052e-03 -1.2000000000e+01 -7.0000000000e+00 1.1000000000e+01
4.8599584405e-03 -1.0500000000e+01 -7.0000000000e+00 1.1000000000e+01
2.6135495672e-03 -1.2500000000e+01 -7.0000000000e+00 1.1000000000e+01
2.5366949523e-03 -1.0000000000e+01 -7.0000000000e+00 1.1000000000e+01
9.9655390101e-04 -1.3000000000e+01 -7.0000000000e+00 1.1000000000e+01
9.3902745590e-04 -9.5000000000e+00 -7.0000000000e+00 1.1000000000e+01
2.5398602054e-04 -1.3500000000e+01 -7.0000000000e+00 1.1000000000e+01
2.3871161838e-04 -9.0000000000e+00 -7.0000000000e+00 1.1000000000e+01
4.2098893425e-05 -1.4000000000e+01 -7.0000000000e+00 1.1000000000e+01
4.2400540064e-05 -8.5000000000e+00 -7.0000000000e+00 1.1000000000e+01
4.3178982241e-05 -8.5000000000e+00 -7.5000000000e+00 1.1000000000e+01
2.8816757467e-04 -1.1500000000e+01 -7.0000000000e+00 8.0000000000e+00
3.9284475976e-04 -1.1000000000e+01 -7.0000000000e+00 8.0000000000e+00
1.4286914059e-04 -1.2000000000e+01 -7.0000000000e+00 8.0000000000e+00
3.9142993487e-04 -1.0500000000e+01 -7.0000000000e+00 8.0000000000e+00
5.0842321364e-05 -1.2500000000e+01 -7.0000000000e+00 8.0000000000e+00
2.8557865540e-04 -1.0000000000e+01 -7.0000000000e+00 8.0000000000e+00
1.4533357692e-04 -9.5000000000e+00 -7.0000000000e+00 8.0000000000e+00
5.2530686671e-05 -9.0000000000e+00 -7.0000000000e+00 8.0000000000e+00
7.2519848804e-03 -1.1500000000e+01 -7.0000000000e+00 1.0500000000e+01
7.2369610747e-03 -1.1000000000e+01 -7.0000000000e+00 1.0500000000e+01
5.0880314635e-03 -1.2000000000e+01 -7.0000000000e+00 1.0500000000e+01
5.7162272128e-03 -1.0500000000e+01 -7.0000000000e+00 1.0500000000e+01
2.6784121332e-03 -1.2500000000e+01 -7.0000000000e+00 1.0500000000e+01
3.1752379333e-03 -1.0000000000e+01 -7.0000000000e+00 1.0500000000e+01
1.0048453268e-03 -1.3000000000e+01 -7.0000000000e+00 1.0500000000e+01
1.2561092293e-03 -9.5000000000e+00 -7.0000000000e+00 1.0500000000e+01
2.5165394898e-04 -1.3500000000e+01 -7.0000000000e+00 1.0500000000e+01
3.4595951836e-04 -9.0000000000e+00 -7.0000000000e+00 1.0500000000e+01
4.0569873212e-05 -1.4000000000e+01 -7.0000000000e+00 1.0500000000e+01
6.5086429961e-05 -8.5000000000e+00 -7.0000000000e+00 1.0500000000e+01
6.5804729365e-05 -8.5000000000e+00 -7.5000000000e+00 1.0500000000e+01
5.7494770595e-05 -8.5000000000e+00 -8.0000000000e+00 1.0500000000e+01
9.9320893110e-04 -1.1500000000e+01 -7.0000000000e+00 8.5000000000e+00
1.2243529095e-03 -1.1000000000e+01 -7.0000000000e+00 8.5000000000e+00
5.4524948853e-04 -1.2000000000e+01 -7.0000000000e+00 8.5000000000e+00
1.1554654470e-03 -1.0500000000e+01 -7.0000000000e+00 8.5000000000e+00
2.1532548344e-04 -1.2500000000e+01 -7.0000000000e+00 8.5000000000e+00
7.8558539387e-04 -1.0000000000e+01 -7.0000000000e+00 8.5000000000e+00
5.3220114216e-05 -1.3000000000e+01 -7.0000000000e+00 8.5000000000e+00
3.7688759236e-04 -9.5000000000e+00 -7.0000000000e+00 8.5000000000e+00
1.2779852728e-04 -9.0000000000e+00 -7.0000000000e+00 8.5000000000e+00
6.8311881031e-03 -1.1500000000e+01 -7.0000000000e+00 1.0000000000e+01
7.0169149721e-03 -1.1000000000e+01 -7.0000000000e+00 1.0000000000e+01
4.5232232823e-03 -1.2000000000e+01 -7.0000000000e+00 1.0000000000e+01
5.7284345770e-03 -1.0500000000e+01 -7.0000000000e+00 1.0000000000e+01
2.2261597233e-03 -1.2500000000e+01 -7.0000000000e+00 1.0000000000e+01
3.2639614689e-03 -1.0000000000e+01 -7.0000000000e+00 1.0000000000e+01
7.6574631548e-04 -1.3000000000e+01 -7.0000000000e+00 1.0000000000e+01
1.3298940997e-03 -9.5000000000e+00 -7.0000000000e+00 1.0000000000e+01
1.7550318927e-04 -1.3500000000e+01 -7.0000000000e+00 1.0000000000e+01
3.8194267049e-04 -9.0000000000e+00 -7.0000000000e+00 1.0000000000e+01
7.5433268443e-05 -8.5000000000e+00 -7.0000000000e+00 1.0000000000e+01
7.5683759486e-05 -8.5000000000e+00 -7.5000000000e+00 1.0000000000e+01
6.5209807891e-05 -8.5000000000e+00 -8.0000000000e+00 1.0000000000e+01
4.0821998559e-05 -8.5000000000e+00 -8.5000000000e+00 1.0000000000e+01
2.4142145125e-03 -1.1500000000e+01 -7.0000000000e+00 9.0000000000e+00
2.7785417666e-03 -1.1000000000e+01 -7.0000000000e+00 9.0000000000e+00
1.4243507340e-03 -1.2000000000e+01 -7.0000000000e+00 9.0000000000e+00
2.5174585739e-03 -1.0500000000e+01 -7.0000000000e+00 9.0000000000e+00
6.1622110884e-04 -1.2500000000e+01 -7.0000000000e+00 9.0000000000e+00
1.6195183304e-03 -1.0000000000e+01 -7.0000000000e+00 9.0000000000e+00
1.7854516297e-04 -1.3000000000e+01 -7.0000000000e+00 9.0000000000e+00
7.3989029693e-04 -9.5000000000e+00 -7.0000000000e+00 9.0000000000e+00
2.3892559242e-04 -9.0000000000e+00 -7.0000000000e+00 9.0000000000e+00
5.2770881941e-05 -8.5000000000e+00 -7.0000000000e+00 9.0000000000e+00
5.2708022903e-05 -8.5000000000e+00 -7.5000000000e+00 9.0000000000e+00
4.4598202983e-05 -8.5000000000e+00 -8.0000000000e+00 9.0000000000e+00
4.6198312264e-03 -1.1500000000e+01 -7.0000000000e+00 9.5000000000e+00
5.0339122107e-03 -1.1000000000e+01 -7.0000000000e+00 9.5000000000e+00
2.8682965118e-03 -1.2000000000e+01 -7.0000000000e+00 9.5000000000e+00
4.3857813210e-03 -1.0500000000e+01 -7.0000000000e+00 9.5000000000e+00
1.3236297397e-03 -1.2500000000e+01 -7.0000000000e+00 9.5000000000e+00
2.6782696778e-03 -1.0000000000e+01 -7.0000000000e+00 9.5000000000e+00
4.1888776688e-04 -1.3000000000e+01 -7.0000000000e+00 9.5000000000e+00
1.1635502243e-03 -9.5000000000e+00 -7.0000000000e+00 9.5000000000e+00
8.6861253048e-05 -1.3500000000e+01 -7.0000000000e+00 9.5000000000e+00
3.5665752197e-04 -9.0000000000e+00 -7.0000000000e+00 9.5000000000e+00
7.3622673856e-05 -8.5000000000e+00 -7.0000000000e+00 9.5000000000e+00
7.4315167137e-05 -8.5000000000e+00 -7.5000000000e+00 9.5000000000e+00
6.4780484855e-05 -8.5000000000e+00 -8.0000000000e+00 9.5000000000e+00
4.1068921209e-05 -8.5000000000e+00 -8.5000000000e+00 9.5000000000e+00
5.4416215149e-05 -1.2000000000e+01 -8.0000000000e+00 1.3000000000e+01
4.0477141063e-05 -1.2500000000e+01 -8.0000000000e+00 1.3000000000e+01
1.3629404819e-04 -1.2000000000e+01 -7.5000000000e+00 1.3000000000e+01
2.2591708486e-04 -1.2000000000e+01 -7.0000000000e+00 1.3000000000e+01
1.5428224281e-04 -1.2500000000e+01 -7.0000000000e+00 1.3000000000e+01
7.7265494055e-05 -1.3000000000e+01 -7.0000000000e+00 1.3000000000e+01
9.0031322505e-05 -1.3000000000e+01 -6.5000000000e+00 1.3000000000e+01
9.0065311438e-05 -1.0500000000e+01 -6.5000000000e+00 1.3000000000e+01
1.7155302710e-04 -1.2500000000e+01 -6.5000000000e+00 1.3000000000e+01
1.7272113998e-04 -1.1000000000e+01 -6.5000000000e+00 1.3000000000e+01
2.4084561216e-04 -1.2000000000e+01 -6.5000000000e+00 1.3000000000e+01
2.3051142005e-04 -1.1500000000e+01 -6.5000000000e+00 1.3000000000e+01
8.7142810879e-05 -1.0500000000e+01 -7.0000000000e+00 1.3000000000e+01
9.4070950343e-04 -1.2000000000e+01 -6.5000000000e+00 1.2500000000e+01
6.5595693874e-05 -9.5000000000e+00 -6.5000000000e+00 1.2500000000e+01
9.9698249000e-05 -1.3500000000e+01 -6.5000000000e+00 1.2500000000e+01
2.2098423792e-04 -1.0000000000e+01 -6.5000000000e+00 1.2500000000e+01
2.8831101629e-04 -1.3000000000e+01 -6.5000000000e+00 1.2500000000e+01
5.1917155301e-04 -1.0500000000e+01 -6.5000000000e+00 1.2500000000e+01
6.0630150676e-04 -1.2500000000e+01 -6.5000000000e+00 1.2500000000e+01
8.6749852770e-04 -1.1000000000e+01 -6.5000000000e+00 1.2500000000e+01
1.0271111295e-03 -1.1500000000e+01 -6.5000000000e+00 1.2500000000e+01
1.6757092243e-04 -1.1000000000e+01 -7.0000000000e+00 1.3000000000e+01
2.2026199330e-04 -1.1500000000e+01 -7.0000000000e+00 1.3000000000e+01
4.6420217599e-05 -1.3000000000e+01 -7.5000000000e+00 1.3000000000e+01
5.3424999146e-05 -1.0500000000e+01 -7.5000000000e+00 1.3000000000e+01
9.1573404306e-05 -1.2500000000e+01 -7.5000000000e+00 1.3000000000e+01
1.0556455714e-04 -1.1000000000e+01 -7.5000000000e+00 1.3000000000e+01
2.1779252018e-03 -1.2000000000e+01 -6.5000000000e+00 1.2000000000e+01
1.3373804944e-03 -1.2500000000e+01 -6.5000000000e+00 1.2000000000e+01
5.9394755981e-04 -1.3000000000e+01 -6.5000000000e+00 1.2000000000e+01
4.3626588545e-05 -9.0000000000e+00 -6.5000000000e+00 1.2000000000e+01
4.1063110801e-05 -1.4000000000e+01 -6.5000000000e+00 1.2000000000e+01
2.0911342177e-04 -9.5000000000e+00 -6.5000000000e+00 1.2000000000e+01
1.8034102154e-04 -1.3500000000e+01 -6.5000000000e+00 1.2000000000e+01
6.5792330188e-04 -1.0000000000e+01 -6.5000000000e+00 1.2000000000e+01
1.4459608599e-03 -1.0500000000e+01 -6.5000000000e+00 1.2000000000e+01
2.2707221776e-03 -1.1000000000e+01 -6.5000000000e+00 1.2000000000e+01
2.5829521711e-03 -1.1500000000e+01 -6.5000000000e+00 1.2000000000e+01
1.3624212361e-04 -1.1500000000e+01 -7.5000000000e+00 1.3000000000e+01
3.7578337070e-03 -1.2000000000e+01 -6.5000000000e+00 1.1500000000e+01
2.1748446177e-03 -1.2500000000e+01 -6.5000000000e+00 1.1500000000e+01
2.5665279609e-04 -1.3500000000e+01 -6.5000000000e+00 1.1500000000e+01
5.3133560705e-05 -1.4000000000e+01 -6.5000000000e+00 1.1500000000e+01
1.0930266113e-04 -9.0000000000e+00 -6.5000000000e+00 1.1500000000e+01
7.7287935142e-05 -1.1500000000e+01 -6.5000000000e+00 7.5000000000e+00
4.2057439906e-05 -9.5000000000e+00 -6.5000000000e+00 7.5000000000e+00
7.7755433538e-05 -1.0000000000e+01 -6.5000000000e+00 7.5000000000e+00
1.0351895509e-04 -1.0500000000e+01 -6.5000000000e+00 7.5000000000e+00
1.0354394538e-04 -1.1000000000e+01 -6.5000000000e+00 7.5000000000e+00
4.8820566993e-04 -9.5000000000e+00 -6.5000000000e+00 1.1500000000e+01
1.4364926727e-03 -1.0000000000e+01 -6.5000000000e+00 1.1500000000e+01
9.0437911950e-04 -1.3000000000e+01 -6.5000000000e+00 1.1500000000e+01
2.9681931814e-03 -1.0500000000e+01 -6.5000000000e+00 1.1500000000e+01
4.3866530952e-03 -1.1000000000e+01 -6.5000000000e+00 1.1500000000e+01
4.7597802136e-03 -1.1500000000e+01 -6.5000000000e+00 1.1500000000e+01
5.1022528916e-05 -1.1500000000e+01 -8.0000000000e+00 1.3000000000e+01
4.8707956717e-03 -1.2000000000e+01 -6.5000000000e+00 1.1000000000e+01
2.6419348381e-03 -1.2500000000e+01 -6.5000000000e+00 1.1000000000e+01
1.0307524073e-03 -1.3000000000e+01 -6.5000000000e+00 1.1000000000e+01
2.7450750163e-04 -1.3500000000e+01 -6.5000000000e+00 1.1000000000e+01
6.0598626620e-05 -1.4000000000e+01 -6.5000000000e+00 1.1000000000e+01
2.0984893054e-04 -9.0000000000e+00 -6.5000000000e+00 1.1000000000e+01
8.6633205374e-04 -9.5000000000e+00 -6.5000000000e+00 1.1000000000e+01
2.3935728024e-03 -1.0000000000e+01 -6.5000000000e+00 1.1000000000e+01
1.6301130109e-04 -1.2000000000e+01 -6.5000000000e+00 8.0000000000e+00
3.0566345126e-04 -1.1500000000e+01 -6.5000000000e+00 8.0000000000e+00
6.6257162223e-05 -1.2500000000e+01 -6.5000000000e+00 8.0000000000e+00
4.8136121262e-05 -9.0000000000e+00 -6.5000000000e+00 8.0000000000e+00
1.3653207159e-04 -9.5000000000e+00 -6.5000000000e+00 8.0000000000e+00
2.7695782529e-04 -1.0000000000e+01 -6.5000000000e+00 8.0000000000e+00
3.8946620589e-04 -1.0500000000e+01 -6.5000000000e+00 8.0000000000e+00
3.9860157964e-04 -1.1000000000e+01 -6.5000000000e+00 8.0000000000e+00
4.6578159209e-03 -1.0500000000e+01 -6.5000000000e+00 1.1000000000e+01
6.3982337908e-03 -1.1000000000e+01 -6.5000000000e+00 1.1000000000e+01
6.6377577988e-03 -1.1500000000e+01 -6.5000000000e+00 1.1000000000e+01
5.0832560733e-03 -1.2000000000e+01 -6.5000000000e+00 1.0500000000e+01
7.1708918782e-03 -1.1500000000e+01 -6.5000000000e+00 1.0500000000e+01
2.7009936079e-03 -1.2500000000e+01 -6.5000000000e+00 1.0500000000e+01
1.0308826092e-03 -1.3000000000e+01 -6.5000000000e+00 1.0500000000e+01
2.6756093360e-04 -1.3500000000e+01 -6.5000000000e+00 1.0500000000e+01
5.8214886675e-05 -1.4000000000e+01 -6.5000000000e+00 1.0500000000e+01
5.5566617632e-05 -8.5000000000e+00 -6.5000000000e+00 1.0500000000e+01
3.0927693905e-04 -9.0000000000e+00 -6.5000000000e+00 1.0500000000e+01
1.1764454458e-03 -9.5000000000e+00 -6.5000000000e+00 1.0500000000e+01
3.0272153152e-03 -1.0000000000e+01 -6.5000000000e+00 1.0500000000e+01
5.7764801284e-04 -1.2000000000e+01 -6.5000000000e+00 8.5000000000e+00
1.0166638248e-03 -1.1500000000e+01 -6.5000000000e+00 8.5000000000e+00
2.4131424703e-04 -1.2500000000e+01 -6.5000000000e+00 8.5000000000e+00
6.8663314657e-05 -1.3000000000e+01 -6.5000000000e+00 8.5000000000e+00
1.1448565627e-04 -9.0000000000e+00 -6.5000000000e+00 8.5000000000e+00
3.5115598630e-04 -9.5000000000e+00 -6.5000000000e+00 8.5000000000e+00
7.5313494815e-04 -1.0000000000e+01 -6.5000000000e+00 8.5000000000e+00
4.5345632604e-03 -1.2000000000e+01 -6.5000000000e+00 1.0000000000e+01
6.7518857875e-03 -1.1500000000e+01 -6.5000000000e+00 1.0000000000e+01
2.2615115680e-03 -1.2500000000e+01 -6.5000000000e+00 1.0000000000e+01
7.9976111072e-04 -1.3000000000e+01 -6.5000000000e+00 1.0000000000e+01
1.9238698870e-04 -1.3500000000e+01 -6.5000000000e+00 1.0000000000e+01
6.4885572749e-05 -8.5000000000e+00 -6.5000000000e+00 1.0000000000e+01
3.4434446092e-04 -9.0000000000e+00 -6.5000000000e+00 1.0000000000e+01
1.2438871731e-03 -9.5000000000e+00 -6.5000000000e+00 1.0000000000e+01
3.1002383383e-03 -1.0000000000e+01 -6.5000000000e+00 1.0000000000e+01
5.5215658322e-03 -1.0500000000e+01 -6.5000000000e+00 1.0000000000e+01
6.8617823544e-03 -1.1000000000e+01 -6.5000000000e+00 1.0000000000e+01
1.1361285886e-03 -1.0500000000e+01 -6.5000000000e+00 8.5000000000e+00
1.4636994584e-03 -1.2000000000e+01 -6.5000000000e+00 9.0000000000e+00
6.5623493798e-04 -1.2500000000e+01 -6.5000000000e+00 9.0000000000e+00
2.0407996155e-04 -1.3000000000e+01 -6.5000000000e+00 9.0000000000e+00
4.6946469597e-05 -1.3500000000e+01 -6.5000000000e+00 9.0000000000e+00
4.4879111634e-05 -8.5000000000e+00 -6.5000000000e+00 9.0000000000e+00
2.1492140888e-04 -9.0000000000e+00 -6.5000000000e+00 9.0000000000e+00
6.9187015791e-04 -9.5000000000e+00 -6.5000000000e+00 9.0000000000e+00
1.5536561294e-03 -1.0000000000e+01 -6.5000000000e+00 9.0000000000e+00
2.4660808940e-03 -1.0500000000e+01 -6.5000000000e+00 9.0000000000e+00
2.9139050038e-03 -1.2000000000e+01 -6.5000000000e+00 9.5000000000e+00
1.3764449950e-03 -1.2500000000e+01 -6.5000000000e+00 9.5000000000e+00
4.5461427872e-04 -1.3000000000e+01 -6.5000000000e+00 9.5000000000e+00
1.0409694716e-04 -1.3500000000e+01 -6.5000000000e+00 9.5000000000e+00
2.1068162155e-04 -1.1500000000e+01 -6.0000000000e+00 1.3000000000e+01
1.5382179684e-04 -1.1000000000e+01 -6.0000000000e+00 1.3000000000e+01
7.9729193909e-05 -1.0500000000e+01 -6.0000000000e+00 1.3000000000e+01
8.5684284549e-05 -1.3000000000e+01 -6.0000000000e+00 1.3000000000e+01
1.6103819634e-04 -1.2500000000e+01 -6.0000000000e+00 1.3000000000e+01
2.2338217600e-04 -1.2000000000e+01 -6.0000000000e+00 1.3000000000e+01
8.4838646425e-04 -1.1500000000e+01 -6.0000000000e+00 1.2500000000e+01
7.0376112177e-04 -1.1000000000e+01 -6.0000000000e+00 1.2500000000e+01
4.1145427968e-04 -1.0500000000e+01 -6.0000000000e+00 1.2500000000e+01
1.7160762464e-04 -1.0000000000e+01 -6.0000000000e+00 1.2500000000e+01
5.1214138179e-05 -9.5000000000e+00 -6.0000000000e+00 1.2500000000e+01
9.6329720167e-05 -1.3500000000e+01 -6.0000000000e+00 1.2500000000e+01
2.6805242446e-04 -1.3000000000e+01 -6.0000000000e+00 1.2500000000e+01
5.4167266136e-04 -1.2500000000e+01 -6.0000000000e+00 1.2500000000e+01
8.2229920743e-04 -1.2000000000e+01 -6.0000000000e+00 1.2500000000e+01
6.1654935926e-05 -8.5000000000e+00 -6.5000000000e+00 9.5000000000e+00
2.1025333704e-03 -1.1500000000e+01 -6.0000000000e+00 1.2000000000e+01
1.8123854008e-03 -1.1000000000e+01 -6.0000000000e+00 1.2000000000e+01
1.1216911381e-03 -1.0500000000e+01 -6.0000000000e+00 1.2000000000e+01
4.1122053964e-05 -1.4000000000e+01 -6.0000000000e+00 1.2000000000e+01
1.5449775545e-04 -9.5000000000e+00 -6.0000000000e+00 1.2000000000e+01
1.7373958956e-04 -1.3500000000e+01 -6.0000000000e+00 1.2000000000e+01
4.9673239785e-04 -1.0000000000e+01 -6.0000000000e+00 1.2000000000e+01
5.5280345726e-04 -1.3000000000e+01 -6.0000000000e+00 1.2000000000e+01
1.1921054295e-03 -1.2500000000e+01 -6.0000000000e+00 1.2000000000e+01
1.8845509687e-03 -1.2000000000e+01 -6.0000000000e+00 1.2000000000e+01
7.7192179012e-05 -9.0000000000e+00 -6.0000000000e+00 1.1500000000e+01
5.6707057322e-05 -1.0000000000e+01 -6.0000000000e+00 7.5000000000e+00
8.3447380677e-05 -1.0500000000e+01 -6.0000000000e+00 7.5000000000e+00
8.6977844051e-05 -1.1000000000e+01 -6.0000000000e+00 7.5000000000e+00
6.8543675261e-05 -1.1500000000e+01 -6.0000000000e+00 7.5000000000e+00
5.7651361298e-05 -1.4000000000e+01 -6.0000000000e+00 1.1500000000e+01
3.5580423796e-04 -9.5000000000e+00 -6.0000000000e+00 1.1500000000e+01
2.5160032337e-04 -1.3500000000e+01 -6.0000000000e+00 1.1500000000e+01
1.0736543506e-03 -1.0000000000e+01 -6.0000000000e+00 1.1500000000e+01
8.5948976630e-04 -1.3000000000e+01 -6.0000000000e+00 1.1500000000e+01
2.2843283532e-03 -1.0500000000e+01 -6.0000000000e+00 1.1500000000e+01
1.9728190615e-03 -1.2500000000e+01 -6.0000000000e+00 1.1500000000e+01
3.4984413731e-03 -1.1000000000e+01 -6.0000000000e+00 1.1500000000e+01
3.2605952046e-03 -1.2000000000e+01 -6.0000000000e+00 1.1500000000e+01
3.9184713946e-03 -1.1500000000e+01 -6.0000000000e+00 1.1500000000e+01
4.3257267576e-03 -1.2000000000e+01 -6.0000000000e+00 1.1000000000e+01
5.5743915659e-03 -1.1500000000e+01 -6.0000000000e+00 1.1000000000e+01
9.9872701449e-04 -1.3000000000e+01 -6.0000000000e+00 1.1000000000e+01
3.5907219001e-03 -1.0500000000e+01 -6.0000000000e+00 1.1000000000e+01
5.4558501763e-05 -1.4000000000e+01 -6.0000000000e+00 1.1000000000e+01
1.4596639534e-04 -9.0000000000e+00 -6.0000000000e+00 1.1000000000e+01
7.0806025954e-05 -1.2500000000e+01 -6.0000000000e+00 8.0000000000e+00
9.3999282437e-05 -9.5000000000e+00 -6.0000000000e+00 8.0000000000e+00
1.9894753208e-04 -1.0000000000e+01 -6.0000000000e+00 8.0000000000e+00
3.0312466098e-04 -1.0500000000e+01 -6.0000000000e+00 8.0000000000e+00
3.3013678074e-04 -1.1000000000e+01 -6.0000000000e+00 8.0000000000e+00
1.6069383417e-04 -1.2000000000e+01 -6.0000000000e+00 8.0000000000e+00
2.8264159137e-04 -1.1500000000e+01 -6.0000000000e+00 8.0000000000e+00
6.2789636875e-04 -9.5000000000e+00 -6.0000000000e+00 1.1000000000e+01
2.7219971703e-04 -1.3500000000e+01 -6.0000000000e+00 1.1000000000e+01
1.7857867822e-03 -1.0000000000e+01 -6.0000000000e+00 1.1000000000e+01
2.4563417240e-03 -1.2500000000e+01 -6.0000000000e+00 1.1000000000e+01
2.6476858569e-04 -1.3500000000e+01 -6.0000000000e+00 1.0500000000e+01
5.1938881645e-05 -1.4000000000e+01 -6.0000000000e+00 1.0500000000e+01
2.1467027903e-04 -9.0000000000e+00 -6.0000000000e+00 1.0500000000e+01
8.5459241021e-04 -9.5000000000e+00 -6.0000000000e+00 1.0500000000e+01
2.2748578025e-03 -1.0000000000e+01 -6.0000000000e+00 1.0500000000e+01
2.4178201169e-04 -1.2500000000e+01 -6.0000000000e+00 8.5000000000e+00
7.7831561895e-05 -1.3000000000e+01 -6.0000000000e+00 8.5000000000e+00
7.6685877295e-05 -9.0000000000e+00 -6.0000000000e+00 8.5000000000e+00
2.4208261695e-04 -9.5000000000e+00 -6.0000000000e+00 8.5000000000e+00
5.4020281088e-04 -1.0000000000e+01 -6.0000000000e+00 8.5000000000e+00
8.6676520960e-04 -1.0500000000e+01 -6.0000000000e+00 8.5000000000e+00
9.8256232742e-04 -1.1000000000e+01 -6.0000000000e+00 8.5000000000e+00
5.4422229262e-04 -1.2000000000e+01 -6.0000000000e+00 8.5000000000e+00
8.9714526574e-04 -1.1500000000e+01 -6.0000000000e+00 8.5000000000e+00
9.9534753535e-04 -1.3000000000e+01 -6.0000000000e+00 1.0500000000e+01
4.2974138056e-03 -1.0500000000e+01 -6.0000000000e+00 1.0500000000e+01
7.8595073551e-04 -1.3000000000e+01 -6.0000000000e+00 1.0000000000e+01
4.2062660399e-03 -1.0500000000e+01 -6.0000000000e+00 1.0000000000e+01
1.9308302355e-04 -1.3500000000e+01 -6.0000000000e+00 1.0000000000e+01
4.3557228533e-05 -8.5000000000e+00 -6.0000000000e+00 1.0000000000e+01
2.3869464827e-04 -9.0000000000e+00 -6.0000000000e+00 1.0000000000e+01
8.9510636944e-04 -9.5000000000e+00 -6.0000000000e+00 1.0000000000e+01
6.4173441133e-04 -1.2500000000e+01 -6.0000000000e+00 9.0000000000e+00
2.2349727519e-03 -1.1000000000e+01 -6.0000000000e+00 9.0000000000e+00
2.0727780832e-04 -1.3000000000e+01 -6.0000000000e+00 9.0000000000e+00
5.5393986505e-05 -1.3500000000e+01 -6.0000000000e+00 9.0000000000e+00
1.4513616913e-04 -9.0000000000e+00 -6.0000000000e+00 9.0000000000e+00
4.8474377973e-04 -9.5000000000e+00 -6.0000000000e+00 9.0000000000e+00
1.1299549246e-03 -1.0000000000e+01 -6.0000000000e+00 9.0000000000e+00
1.8962999868e-03 -1.0500000000e+01 -6.0000000000e+00 9.0000000000e+00
3.9482611613e-03 -1.1500000000e+01 -6.0000000000e+00 9.5000000000e+00
4.0175251655e-03 -1.1000000000e+01 -6.0000000000e+00 9.5000000000e+00
1.0654650885e-04 -1.3500000000e+01 -6.0000000000e+00 9.5000000000e+00
4.0259334854e-05 -8.5000000000e+00 -6.0000000000e+00 9.5000000000e+00
1.1247170491e-04 -1.1000000000e+01 -5.5000000000e+00 1.3000000000e+01
1.6821220058e-04 -1.2000000000e+01 -5.5000000000e+00 1.3000000000e+01
5.6621223551e-05 -1.0500000000e+01 -5.5000000000e+00 1.3000000000e+01
6.9837129902e-05 -1.3000000000e+01 -5.5000000000e+00 1.3000000000e+01
1.2576668694e-04 -1.2500000000e+01 -5.5000000000e+00 1.3000000000e+01
1.5572652116e-04 -1.1500000000e+01 -5.5000000000e+00 1.3000000000e+01
5.8194456463e-04 -1.2000000000e+01 -5.5000000000e+00 1.2500000000e+01
1.0726719902e-04 -1.0000000000e+01 -5.5000000000e+00 1.2500000000e+01
4.8850724774e-05 -1.4000000000e+01 -5.5000000000e+00 1.2500000000e+01
8.2449699964e-05 -1.3500000000e+01 -5.5000000000e+00 1.2500000000e+01
2.0770393442e-04 -1.3000000000e+01 -5.5000000000e+00 1.2500000000e+01
2.6173189686e-04 -1.0500000000e+01 -5.5000000000e+00 1.2500000000e+01
3.9943239882e-04 -1.2500000000e+01 -5.5000000000e+00 1.2500000000e+01
4.6008375309e-04 -1.1000000000e+01 -5.5000000000e+00 1.2500000000e+01
5.7606700821e-04 -1.1500000000e+01 -5.5000000000e+00 1.2500000000e+01
1.3747062903e-03 -1.1500000000e+01 -5.5000000000e+00 1.2000000000e+01
1.3130207253e-03 -1.2000000000e+01 -5.5000000000e+00 1.2000000000e+01
1.1554164287e-03 -1.1000000000e+01 -5.5000000000e+00 1.2000000000e+01
9.1619246843e-05 -9.5000000000e+00 -5.5000000000e+00 1.2000000000e+01
1.4314150038e-04 -1.3500000000e+01 -5.5000000000e+00 1.2000000000e+01
2.9797976595e-04 -1.0000000000e+01 -5.5000000000e+00 1.2000000000e+01
4.2284454416e-04 -1.3000000000e+01 -5.5000000000e+00 1.2000000000e+01
6.9164277878e-04 -1.0500000000e+01 -5.5000000000e+00 1.2000000000e+01
8.6086517486e-04 -1.2500000000e+01 -5.5000000000e+00 1.2000000000e+01
2.1455414215e-04 -9.0000000000e+00 -6.0000000000e+00 9.5000000000e+00
2.5249247269e-03 -1.1500000000e+01 -5.5000000000e+00 1.1500000000e+01
2.1939296886e-03 -1.1000000000e+01 -5.5000000000e+00 1.1500000000e+01
4.4941964928e-05 -1.1500000000e+01 -5.5000000000e+00 7.5000000000e+00
4.8115535690e-05 -1.1000000000e+01 -5.5000000000e+00 7.5000000000e+00
4.1781460530e-05 -1.0500000000e+01 -5.5000000000e+00 7.5000000000e+00
4.3595979058e-05 -9.0000000000e+00 -5.5000000000e+00 1.1500000000e+01
4.3616839472e-05 -1.4000000000e+01 -5.5000000000e+00 1.1500000000e+01
2.0458252871e-04 -9.5000000000e+00 -5.5000000000e+00 1.1500000000e+01
2.1263351756e-04 -1.3500000000e+01 -5.5000000000e+00 1.1500000000e+01
6.3023903516e-04 -1.0000000000e+01 -5.5000000000e+00 1.1500000000e+01
6.6283486388e-04 -1.3000000000e+01 -5.5000000000e+00 1.1500000000e+01
1.3822533908e-03 -1.0500000000e+01 -5.5000000000e+00 1.1500000000e+01
1.4208953932e-03 -1.2500000000e+01 -5.5000000000e+00 1.1500000000e+01
2.2412251379e-03 -1.2000000000e+01 -5.5000000000e+00 1.1500000000e+01
8.0891220058e-05 -9.0000000000e+00 -5.5000000000e+00 1.1000000000e+01
1.1094557008e-04 -1.2000000000e+01 -5.5000000000e+00 8.0000000000e+00
1.6858716817e-04 -1.1500000000e+01 -5.5000000000e+00 8.0000000000e+00
5.8272429251e-05 -1.2500000000e+01 -5.5000000000e+00 8.0000000000e+00
1.7857947929e-04 -1.1000000000e+01 -5.5000000000e+00 8.0000000000e+00
1.5585735325e-04 -1.0500000000e+01 -5.5000000000e+00 8.0000000000e+00
4.3555151439e-05 -9.5000000000e+00 -5.5000000000e+00 8.0000000000e+00
9.6532633962e-05 -1.0000000000e+01 -5.5000000000e+00 8.0000000000e+00
4.2815599333e-05 -1.4000000000e+01 -5.5000000000e+00 1.1000000000e+01
3.5357525566e-04 -9.5000000000e+00 -5.5000000000e+00 1.1000000000e+01
2.3845083629e-04 -1.3500000000e+01 -5.5000000000e+00 1.1000000000e+01
1.0307724860e-03 -1.0000000000e+01 -5.5000000000e+00 1.1000000000e+01
7.8496888096e-04 -1.3000000000e+01 -5.5000000000e+00 1.1000000000e+01
2.1400738622e-03 -1.0500000000e+01 -5.5000000000e+00 1.1000000000e+01
3.8863948627e-03 -1.1500000000e+01 -5.5000000000e+00 1.0500000000e+01
3.0767470853e-03 -1.2000000000e+01 -5.5000000000e+00 1.0500000000e+01
3.6261281458e-03 -1.1000000000e+01 -5.5000000000e+00 1.0500000000e+01
4.0412874649e-05 -1.4000000000e+01 -5.5000000000e+00 1.0500000000e+01
1.1615189788e-04 -9.0000000000e+00 -5.5000000000e+00 1.0500000000e+01
3.5457829986e-04 -1.2000000000e+01 -5.5000000000e+00 8.5000000000e+00
5.3063275633e-04 -1.1500000000e+01 -5.5000000000e+00 8.5000000000e+00
1.8218070032e-04 -1.2500000000e+01 -5.5000000000e+00 8.5000000000e+00
5.4633961507e-04 -1.1000000000e+01 -5.5000000000e+00 8.5000000000e+00
6.5988728315e-05 -1.3000000000e+01 -5.5000000000e+00 8.5000000000e+00
1.1972680756e-04 -9.5000000000e+00 -5.5000000000e+00 8.5000000000e+00
2.7428702581e-04 -1.0000000000e+01 -5.5000000000e+00 8.5000000000e+00
4.5721287457e-04 -1.0500000000e+01 -5.5000000000e+00 8.5000000000e+00
4.7494811825e-04 -9.5000000000e+00 -5.5000000000e+00 1.0500000000e+01
2.2682793894e-04 -1.3500000000e+01 -5.5000000000e+00 1.0500000000e+01
1.2996235022e-03 -1.0000000000e+01 -5.5000000000e+00 1.0500000000e+01
7.7236240778e-04 -1.3000000000e+01 -5.5000000000e+00 1.0500000000e+01
2.5397162656e-03 -1.0500000000e+01 -5.5000000000e+00 1.0500000000e+01
1.8083863725e-03 -1.2500000000e+01 -5.5000000000e+00 1.0500000000e+01
2.6294680700e-03 -1.2000000000e+01 -5.5000000000e+00 1.0000000000e+01
1.2755509809e-04 -9.0000000000e+00 -5.5000000000e+00 1.0000000000e+01
4.8737300172e-04 -9.5000000000e+00 -5.5000000000e+00 1.0000000000e+01
1.7323850928e-04 -1.3500000000e+01 -5.5000000000e+00 1.0000000000e+01
1.2763894842e-03 -1.1500000000e+01 -5.5000000000e+00 9.0000000000e+00
1.2837287572e-03 -1.1000000000e+01 -5.5000000000e+00 9.0000000000e+00
1.7977835029e-04 -1.3000000000e+01 -5.5000000000e+00 9.0000000000e+00
4.7706966313e-05 -1.3500000000e+01 -5.5000000000e+00 9.0000000000e+00
7.3094672376e-05 -9.0000000000e+00 -5.5000000000e+00 9.0000000000e+00
2.4925077758e-04 -9.5000000000e+00 -5.5000000000e+00 9.0000000000e+00
5.9411074655e-04 -1.0000000000e+01 -5.5000000000e+00 9.0000000000e+00
1.0296227081e-03 -1.0500000000e+01 -5.5000000000e+00 9.0000000000e+00
4.6627249931e-04 -1.2500000000e+01 -5.5000000000e+00 9.0000000000e+00
8.8795726564e-04 -1.2000000000e+01 -5.5000000000e+00 9.0000000000e+00
1.2768244982e-03 -1.0000000000e+01 -5.5000000000e+00 1.0000000000e+01
6.1087776366e-04 -1.3000000000e+01 -5.5000000000e+00 1.0000000000e+01
2.4117411180e-03 -1.0500000000e+01 -5.5000000000e+00 1.0000000000e+01
1.4892991589e-03 -1.2500000000e+01 -5.5000000000e+00 1.0000000000e+01
3.3129955354e-03 -1.1000000000e+01 -5.5000000000e+00 1.0000000000e+01
3.4649943950e-03 -1.1500000000e+01 -5.5000000000e+00 1.0000000000e+01
1.7432784692e-03 -1.2000000000e+01 -5.5000000000e+00 9.5000000000e+00
2.3960582465e-03 -1.1500000000e+01 -5.5000000000e+00 9.5000000000e+00
9.4608509794e-04 -1.2500000000e+01 -5.5000000000e+00 9.5000000000e+00
3.7612575316e-04 -1.3000000000e+01 -5.5000000000e+00 9.5000000000e+00
1.0453272134e-04 -1.3500000000e+01 -5.5000000000e+00 9.5000000000e+00
9.4595562576e-05 -1.1500000000e+01 -5.0000000000e+00 1.3000000000e+01
6.3521892178e-05 -1.1000000000e+01 -5.0000000000e+00 1.3000000000e+01
4.5014311118e-05 -1.3000000000e+01 -5.0000000000e+00 1.3000000000e+01
7.8278751329e-05 -1.2500000000e+01 -5.0000000000e+00 1.3000000000e+01
1.0523747099e-04 -1.2000000000e+01 -5.0000000000e+00 1.3000000000e+01
1.3075916827e-04 -1.0500000000e+01 -5.0000000000e+00 1.2500000000e+01
5.1295129012e-05 -1.0000000000e+01 -5.0000000000e+00 1.2500000000e+01
5.0106782626e-05 -1.3500000000e+01 -5.0000000000e+00 1.2500000000e+01
1.3318592676e-04 -1.3000000000e+01 -5.0000000000e+00 1.2500000000e+01
2.4058717427e-04 -1.2500000000e+01 -5.0000000000e+00 1.2500000000e+01
2.3665390832e-04 -1.1000000000e+01 -5.0000000000e+00 1.2500000000e+01
3.2962197616e-04 -1.2000000000e+01 -5.0000000000e+00 1.2500000000e+01
3.1513823083e-04 -1.1500000000e+01 -5.0000000000e+00 1.2500000000e+01
1.1090459091e-04 -9.0000000000e+00 -5.5000000000e+00 9.5000000000e+00
5.7188505643e-04 -1.1000000000e+01 -5.0000000000e+00 1.2000000000e+01
7.2015090183e-04 -1.2000000000e+01 -5.0000000000e+00 1.2000000000e+01
4.0006766692e-05 -9.5000000000e+00 -5.0000000000e+00 1.2000000000e+01
1.0017184801e-04 -1.3500000000e+01 -5.0000000000e+00 1.2000000000e+01
1.3880054134e-04 -1.0000000000e+01 -5.0000000000e+00 1.2000000000e+01
2.6012410948e-04 -1.3000000000e+01 -5.0000000000e+00 1.2000000000e+01
3.3088969809e-04 -1.0500000000e+01 -5.0000000000e+00 1.2000000000e+01
4.9666244822e-04 -1.2500000000e+01 -5.0000000000e+00 1.2000000000e+01
7.1401809466e-04 -1.1500000000e+01 -5.0000000000e+00 1.2000000000e+01
1.2061412052e-03 -1.2000000000e+01 -5.0000000000e+00 1.1500000000e+01
1.2581659080e-03 -1.1500000000e+01 -5.0000000000e+00 1.1500000000e+01
8.8425400273e-05 -9.5000000000e+00 -5.0000000000e+00 1.1500000000e+01
1.4471336350e-04 -1.3500000000e+01 -5.0000000000e+00 1.1500000000e+01
2.8214158022e-04 -1.0000000000e+01 -5.0000000000e+00 1.1500000000e+01
4.0008706225e-04 -1.3000000000e+01 -5.0000000000e+00 1.1500000000e+01
6.3936335008e-04 -1.0500000000e+01 -5.0000000000e+00 1.1500000000e+01
5.3444984302e-05 -1.1500000000e+01 -5.0000000000e+00 8.0000000000e+00
5.0063495737e-05 -1.1000000000e+01 -5.0000000000e+00 8.0000000000e+00
1.4798643195e-04 -9.5000000000e+00 -5.0000000000e+00 1.1000000000e+01
1.6299038820e-04 -1.3500000000e+01 -5.0000000000e+00 1.1000000000e+01
4.4329137654e-04 -1.0000000000e+01 -5.0000000000e+00 1.1000000000e+01
4.7234589173e-04 -1.3000000000e+01 -5.0000000000e+00 1.1000000000e+01
9.5749753482e-04 -1.0500000000e+01 -5.0000000000e+00 1.1000000000e+01
9.9259372804e-04 -1.2500000000e+01 -5.0000000000e+00 1.1000000000e+01
1.5106343035e-03 -1.1000000000e+01 -5.0000000000e+00 1.1000000000e+01
1.5508219662e-03 -1.2000000000e+01 -5.0000000000e+00 1.1000000000e+01
1.7395797976e-03 -1.1500000000e+01 -5.0000000000e+00 1.1000000000e+01
1.5630986496e-03 -1.2000000000e+01 -5.0000000000e+00 1.0500000000e+01
1.8465209188e-03 -1.1500000000e+01 -5.0000000000e+00 1.0500000000e+01
9.7715543831e-04 -1.2500000000e+01 -5.0000000000e+00 1.0500000000e+01
4.5282729468e-04 -1.3000000000e+01 -5.0000000000e+00 1.0500000000e+01
4.4739812343e-05 -9.0000000000e+00 -5.0000000000e+00 1.0500000000e+01
8.1942564842e-05 -1.0000000000e+01 -5.0000000000e+00 8.5000000000e+00
1.4236770768e-04 -1.0500000000e+01 -5.0000000000e+00 8.5000000000e+00
7.9368453100e-05 -1.2500000000e+01 -5.0000000000e+00 8.5000000000e+00
1.8725286279e-04 -1.1000000000e+01 -5.0000000000e+00 8.5000000000e+00
1.4225457984e-04 -1.2000000000e+01 -5.0000000000e+00 8.5000000000e+00
1.9185632461e-04 -1.1500000000e+01 -5.0000000000e+00 8.5000000000e+00
1.9020846488e-04 -9.5000000000e+00 -5.0000000000e+00 1.0500000000e+01
1.5268517543e-04 -1.3500000000e+01 -5.0000000000e+00 1.0500000000e+01
1.4361946721e-03 -1.1000000000e+01 -5.0000000000e+00 1.0000000000e+01
7.6856993410e-04 -1.2500000000e+01 -5.0000000000e+00 1.0000000000e+01
1.2702725032e-03 -1.2000000000e+01 -5.0000000000e+00 1.0000000000e+01
1.5575988428e-03 -1.1500000000e+01 -5.0000000000e+00 1.0000000000e+01
4.7318135768e-05 -9.0000000000e+00 -5.0000000000e+00 1.0000000000e+01
1.8673673072e-04 -9.5000000000e+00 -5.0000000000e+00 1.0000000000e+01
1.1195803969e-04 -1.3500000000e+01 -5.0000000000e+00 1.0000000000e+01
5.0309306950e-04 -1.0000000000e+01 -5.0000000000e+00 1.0000000000e+01
3.4474399340e-04 -1.3000000000e+01 -5.0000000000e+00 1.0000000000e+01
3.8681373798e-04 -1.2000000000e+01 -5.0000000000e+00 9.0000000000e+00
5.0267749409e-04 -1.1500000000e+01 -5.0000000000e+00 9.0000000000e+00
2.2229735806e-04 -1.2500000000e+01 -5.0000000000e+00 9.0000000000e+00
9.3115570327e-05 -1.3000000000e+01 -5.0000000000e+00 9.0000000000e+00
8.1950969779e-05 -9.5000000000e+00 -5.0000000000e+00 9.0000000000e+00
2.0241607474e-04 -1.0000000000e+01 -5.0000000000e+00 9.0000000000e+00
3.6272217032e-04 -1.0500000000e+01 -5.0000000000e+00 9.0000000000e+00
4.8608618311e-04 -1.1000000000e+01 -5.0000000000e+00 9.0000000000e+00
4.7172475014e-04 -1.2500000000e+01 -5.0000000000e+00 9.5000000000e+00
2.0743537048e-04 -1.3000000000e+01 -5.0000000000e+00 9.5000000000e+00
6.5810983430e-05 -1.3500000000e+01 -5.0000000000e+00 9.5000000000e+00
5.1651355003e-05 -1.2000000000e+01 -4.5000000000e+00 1.3000000000e+01
4.3570723883e-05 -1.1500000000e+01 -4.5000000000e+00 1.3000000000e+01
1.3249067290e-04 -1.1500000000e+01 -4.5000000000e+00 1.2500000000e+01
4.5906391723e-05 -1.2500000000e+01 -4.5000000000e+00 1.3000000000e+01
9.0153653948e-05 -1.1000000000e+01 -4.5000000000e+00 1.2500000000e+01
1.4492552818e-04 -1.2000000000e+01 -4.5000000000e+00 1.2500000000e+01
4.4861070194e-05 -1.0500000000e+01 -4.5000000000e+00 1.2500000000e+01
7.3347311853e-05 -1.3000000000e+01 -4.5000000000e+00 1.2500000000e+01
1.1637073099e-04 -1.2500000000e+01 -4.5000000000e+00 1.2500000000e+01
2.0655646643e-04 -1.1000000000e+01 -4.5000000000e+00 1.2000000000e+01
1.1085600149e-04 -1.0500000000e+01 -4.5000000000e+00 1.2000000000e+01
4.1121580936e-05 -1.0000000000e+01 -4.5000000000e+00 1.2000000000e+01
5.3749530994e-05 -1.3500000000e+01 -4.5000000000e+00 1.2000000000e+01
1.2735722320e-04 -1.3000000000e+01 -4.5000000000e+00 1.2000000000e+01
4.5759951567e-04 -1.1500000000e+01 -4.5000000000e+00 1.1500000000e+01
2.2545542034e-04 -1.2500000000e+01 -4.5000000000e+00 1.2000000000e+01
2.9674284478e-04 -1.2000000000e+01 -4.5000000000e+00 1.2000000000e+01
2.8014866263e-04 -1.1500000000e+01 -4.5000000000e+00 1.2000000000e+01
1.4300179270e-04 -9.5000000000e+00 -5.0000000000e+00 9.5000000000e+00
1.9908181051e-04 -1.0500000000e+01 -4.5000000000e+00 1.1500000000e+01
7.5315487018e-05 -1.3500000000e+01 -4.5000000000e+00 1.1500000000e+01
7.9925619336e-05 -1.0000000000e+01 -4.5000000000e+00 1.1500000000e+01
1.8921769186e-04 -1.3000000000e+01 -4.5000000000e+00 1.1500000000e+01
3.4178036824e-04 -1.2500000000e+01 -4.5000000000e+00 1.1500000000e+01
3.5091952417e-04 -1.1000000000e+01 -4.5000000000e+00 1.1500000000e+01
4.7324296952e-04 -1.2000000000e+01 -4.5000000000e+00 1.1500000000e+01
2.6786480739e-04 -1.0500000000e+01 -4.5000000000e+00 1.1000000000e+01
8.1127574852e-05 -1.3500000000e+01 -4.5000000000e+00 1.1000000000e+01
1.1592548968e-04 -1.0000000000e+01 -4.5000000000e+00 1.1000000000e+01
2.1386168979e-04 -1.3000000000e+01 -4.5000000000e+00 1.1000000000e+01
4.0230734392e-04 -1.2500000000e+01 -4.5000000000e+00 1.1000000000e+01
3.6806984455e-04 -1.2500000000e+01 -4.5000000000e+00 1.0500000000e+01
7.0143728977e-05 -1.3500000000e+01 -4.5000000000e+00 1.0500000000e+01
4.0901458667e-05 -9.5000000000e+00 -4.5000000000e+00 1.0500000000e+01
1.2675125309e-04 -1.0000000000e+01 -4.5000000000e+00 1.0500000000e+01
1.9105122210e-04 -1.3000000000e+01 -4.5000000000e+00 1.0500000000e+01
2.7756055753e-04 -1.0500000000e+01 -4.5000000000e+00 1.0500000000e+01
3.7789796515e-04 -1.2000000000e+01 -4.5000000000e+00 1.0000000000e+01
2.5620503663e-04 -1.2500000000e+01 -4.5000000000e+00 1.0000000000e+01
3.4695580912e-04 -1.1000000000e+01 -4.5000000000e+00 1.0000000000e+01
1.3003535373e-04 -1.3000000000e+01 -4.5000000000e+00 1.0000000000e+01
4.6947586562e-05 -1.3500000000e+01 -4.5000000000e+00 1.0000000000e+01
1.0487673656e-04 -1.0000000000e+01 -4.5000000000e+00 1.0000000000e+01
7.4767641457e-05 -1.2000000000e+01 -4.5000000000e+00 9.0000000000e+00
8.8341605013e-05 -1.1500000000e+01 -4.5000000000e+00 9.0000000000e+00
4.8397885406e-05 -1.2500000000e+01 -4.5000000000e+00 9.0000000000e+00
5.6332989723e-05 -1.0500000000e+01 -4.5000000000e+00 9.0000000000e+00
8.1428308681e-05 -1.1000000000e+01 -4.5000000000e+00 9.0000000000e+00
2.0090944260e-04 -1.2000000000e+01 -4.5000000000e+00 9.5000000000e+00
2.2099546668e-04 -1.1500000000e+01 -4.5000000000e+00 9.5000000000e+00
1.3299385070e-04 -1.2500000000e+01 -4.5000000000e+00 9.5000000000e+00
6.9224326342e-05 -1.3000000000e+01 -4.5000000000e+00 9.5000000000e+00
6.8626740934e-05 -1.2500000000e+01 -4.0000000000e+00 1.2000000000e+01
7.8434963090e-05 -1.2000000000e+01 -4.0000000000e+00 1.2000000000e+01
6.6272517192e-05 -1.1500000000e+01 -4.0000000000e+00 1.2000000000e+01
1.0190660746e-04 -1.2000000000e+01 -4.0000000000e+00 1.1500000000e+01
8.6887515142e-05 -1.1500000000e+01 -4.0000000000e+00 1.1500000000e+01
5.5585692079e-05 -1.3000000000e+01 -4.0000000000e+00 1.1500000000e+01
9.3693313128e-05 -1.2500000000e+01 -4.0000000000e+00 1.1500000000e+01
7.1872094202e-05 -1.1000000000e+01 -4.0000000000e+00 1.1000000000e+01
1.0527298513e-04 -1.2000000000e+01 -4.0000000000e+00 1.1000000000e+01
5.3071203599e-05 -1.3000000000e+01 -4.0000000000e+00 1.1000000000e+01
8.4118815178e-05 -1.1500000000e+01 -4.0000000000e+00 1.0500000000e+01
6.4377856984e-05 -1.1000000000e+01 -4.0000000000e+00 1.0500000000e+01
8.2154016471e-05 -1.2000000000e+01 -4.0000000000e+00 1.0500000000e+01
5.1866616711e-05 -1.2000000000e+01 -4.0000000000e+00 1.0000000000e+01
5.3957888520e-05 -1.1500000000e+01 -4.0000000000e+00 1.0000000000e+01
4.3758906336e-05 -1.1000000000e+01 -4.0000000000e+00 1.0000000000e+01
6.7141509591e-05 -1.2500000000e+01 -4.0000000000e+00 1.0500000000e+01
9.1042392513e-05 -1.2500000000e+01 -4.0000000000e+00 1.1000000000e+01
9.3291989302e-05 -1.1500000000e+01 -4.0000000000e+00 1.1000000000e+01
5.9642573613e-05 -1.1000000000e+01 -4.0000000000e+00 1.1500000000e+01
6.4840675950e-05 -1.0000000000e+01 -4.5000000000e+00 9.5000000000e+00
1.3037629610e-04 -1.0500000000e+01 -4.5000000000e+00 9.5000000000e+00
1.9692553116e-04 -1.1000000000e+01 -4.5000000000e+00 9.5000000000e+00
2.2140474485e-04 -1.0500000000e+01 -4.5000000000e+00 1.0000000000e+01
4.0710646831e-04 -1.1500000000e+01 -4.5000000000e+00 1.0000000000e+01
4.5718446914e-04 -1.1000000000e+01 -4.5000000000e+00 1.0500000000e+01
5.3811990519e-04 -1.2000000000e+01 -4.5000000000e+00 1.0500000000e+01
5.5446449943e-04 -1.1500000000e+01 -4.5000000000e+00 1.0500000000e+01
4.5937985621e-04 -1.1000000000e+01 -4.5000000000e+00 1.1000000000e+01
5.7650547122e-04 -1.2000000000e+01 -4.5000000000e+00 1.1000000000e+01
5.7816976468e-04 -1.1500000000e+01 -4.5000000000e+00 1.1000000000e+01
3.6614939792e-04 -1.0000000000e+01 -5.0000000000e+00 9.5000000000e+00
6.8671736619e-04 -1.0500000000e+01 -5.0000000000e+00 9.5000000000e+00
9.5996883053e-04 -1.1000000000e+01 -5.0000000000e+00 9.5000000000e+00
7.9593014964e-04 -1.2000000000e+01 -5.0000000000e+00 9.5000000000e+00
1.0151727254e-03 -1.1500000000e+01 -5.0000000000e+00 9.5000000000e+00
9.8981301439e-04 -1.0500000000e+01 -5.0000000000e+00 1.0000000000e+01
5.3879870311e-04 -1.0000000000e+01 -5.0000000000e+00 1.0500000000e+01
1.1005080456e-03 -1.0500000000e+01 -5.0000000000e+00 1.0500000000e+01
1.6548136306e-03 -1.1000000000e+01 -5.0000000000e+00 1.0500000000e+01
8.0095347135e-04 -1.2500000000e+01 -5.0000000000e+00 1.1500000000e+01
1.0568498130e-03 -1.1000000000e+01 -5.0000000000e+00 1.1500000000e+01
4.0090792913e-04 -9.5000000000e+00 -5.5000000000e+00 9.5000000000e+00
9.9987307858e-04 -1.0000000000e+01 -5.5000000000e+00 9.5000000000e+00
1.8043414066e-03 -1.0500000000e+01 -5.5000000000e+00 9.5000000000e+00
2.3569947930e-03 -1.1000000000e+01 -5.5000000000e+00 9.5000000000e+00
1.7900810902e-03 -1.2500000000e+01 -5.5000000000e+00 1.1000000000e+01
3.2281264970e-03 -1.1000000000e+01 -5.5000000000e+00 1.1000000000e+01
2.9559554352e-03 -1.2000000000e+01 -5.5000000000e+00 1.1000000000e+01
3.5780343962e-03 -1.1500000000e+01 -5.5000000000e+00 1.1000000000e+01
7.6039643926e-04 -9.5000000000e+00 -6.0000000000e+00 9.5000000000e+00
1.8555909648e-03 -1.0000000000e+01 -6.0000000000e+00 9.5000000000e+00
4.5586353650e-04 -1.3000000000e+01 -6.0000000000e+00 9.5000000000e+00
3.2481606021e-03 -1.0500000000e+01 -6.0000000000e+00 9.5000000000e+00
1.3243959543e-03 -1.2500000000e+01 -6.0000000000e+00 9.5000000000e+00
2.6566089244e-03 -1.2000000000e+01 -6.0000000000e+00 9.5000000000e+00
1.3591460183e-03 -1.2000000000e+01 -6.0000000000e+00 9.0000000000e+00
2.1245365386e-03 -1.1500000000e+01 -6.0000000000e+00 9.0000000000e+00
2.2936048080e-03 -1.0000000000e+01 -6.0000000000e+00 1.0000000000e+01
2.1124690579e-03 -1.2500000000e+01 -6.0000000000e+00 1.0000000000e+01
5.5262134309e-03 -1.1000000000e+01 -6.0000000000e+00 1.0000000000e+01
4.0010090585e-03 -1.2000000000e+01 -6.0000000000e+00 1.0000000000e+01
5.6130450838e-03 -1.1500000000e+01 -6.0000000000e+00 1.0000000000e+01
2.5059093330e-03 -1.2500000000e+01 -6.0000000000e+00 1.0500000000e+01
5.8568228314e-03 -1.1000000000e+01 -6.0000000000e+00 1.0500000000e+01
4.5318716522e-03 -1.2000000000e+01 -6.0000000000e+00 1.0500000000e+01
6.0829037010e-03 -1.1500000000e+01 -6.0000000000e+00 1.0500000000e+01
5.1946742879e-03 -1.1000000000e+01 -6.0000000000e+00 1.1000000000e+01
3.1736004582e-04 -9.0000000000e+00 -6.5000000000e+00 9.5000000000e+00
1.0810593992e-03 -9.5000000000e+00 -6.5000000000e+00 9.5000000000e+00
2.5477159447e-03 -1.0000000000e+01 -6.5000000000e+00 9.5000000000e+00
4.2616533786e-03 -1.0500000000e+01 -6.5000000000e+00 9.5000000000e+00
4.9653739494e-03 -1.1000000000e+01 -6.5000000000e+00 9.5000000000e+00
4.6365334994e-03 -1.1500000000e+01 -6.5000000000e+00 9.5000000000e+00
2.7578162924e-03 -1.1000000000e+01 -6.5000000000e+00 9.0000000000e+00
2.4462351289e-03 -1.1500000000e+01 -6.5000000000e+00 9.0000000000e+00
1.2225628023e-03 -1.1000000000e+01 -6.5000000000e+00 8.5000000000e+00
5.5276717650e-03 -1.0500000000e+01 -6.5000000000e+00 1.0500000000e+01
7.1077505273e-03 -1.1000000000e+01 -6.5000000000e+00 1.0500000000e+01
