inf
7.4361166689e-04 -1.1500000000e+01 -1.0000000000e+01 9.5000000000e+00
3.6977679217e-04 -1.1500000000e+01 -1.0000000000e+01 9.0000000000e+00
7.5040317468e-05 -1.1500000000e+01 -1.0500000000e+01 9.0000000000e+00
1.6625428104e-04 -1.1500000000e+01 -1.0500000000e+01 9.5000000000e+00
2.1000554185e-04 -1.2000000000e+01 -1.0000000000e+01 9.0000000000e+00
1.0170875227e-03 -1.1500000000e+01 -1.0000000000e+01 1.0000000000e+01
2.5910484922e-04 -1.1500000000e+01 -1.0500000000e+01 1.0000000000e+01
4.5380282447e-04 -1.2000000000e+01 -1.0000000000e+01 9.5000000000e+00
2.5906341938e-03 -1.1500000000e+01 -9.5000000000e+00 1.0000000000e+01
2.6397132578e-03 -1.1000000000e+01 -9.5000000000e+00 1.0000000000e+01
1.0815039768e-03 -1.1000000000e+01 -1.0000000000e+01 1.0000000000e+01
3.0117272331e-04 -1.1000000000e+01 -1.0500000000e+01 1.0000000000e+01
1.0841226023e-03 -1.1500000000e+01 -9.5000000000e+00 9.0000000000e+00
1.8456816609e-03 -1.2000000000e+01 -9.5000000000e+00 1.0000000000e+01
1.2337623786e-03 -1.1000000000e+01 -9.5000000000e+00 9.0000000000e+00
4.6184437385e-04 -1.1000000000e+01 -1.0000000000e+01 9.0000000000e+00
1.0702643372e-04 -1.1000000000e+01 -1.0500000000e+01 9.0000000000e+00
2.0108696551e-03 -1.1500000000e+01 -9.5000000000e+00 9.5000000000e+00
2.1846755711e-03 -1.1000000000e+01 -9.5000000000e+00 9.5000000000e+00
8.6556649177e-04 -1.1000000000e+01 -1.0000000000e+01 9.5000000000e+00
2.2315961504e-04 -1.1000000000e+01 -1.0500000000e+01 9.5000000000e+00
1.5268916543e-04 -1.1500000000e+01 -1.0000000000e+01 8.5000000000e+00
1.3281445277e-03 -1.2000000000e+01 -9.5000000000e+00 9.5000000000e+00
6.8324029542e-04 -1.2000000000e+01 -9.5000000000e+00 9.0000000000e+00
6.9101254160e-04 -1.2000000000e+01 -1.0000000000e+01 1.0000000000e+01
1.6013533288e-04 -1.2000000000e+01 -1.0500000000e+01 1.0000000000e+01
9.0091103062e-05 -1.2000000000e+01 -1.0500000000e+01 9.5000000000e+00
4.8447287014e-04 -1.1500000000e+01 -9.5000000000e+00 8.5000000000e+00
5.8322172848e-04 -1.1000000000e+01 -9.5000000000e+00 8.5000000000e+00
2.0813331067e-04 -1.1000000000e+01 -1.0000000000e+01 8.5000000000e+00
4.4144330541e-05 -1.1000000000e+01 -1.0500000000e+01 8.5000000000e+00
2.8621412199e-04 -1.2000000000e+01 -9.5000000000e+00 8.5000000000e+00
7.5867772294e-05 -1.2000000000e+01 -1.0000000000e+01 8.5000000000e+00
1.1930394460e-04 -1.2500000000e+01 -9.5000000000e+00 8.5000000000e+00
4.7740625225e-05 -1.1500000000e+01 -1.1000000000e+01 1.0000000000e+01
5.8928001345e-05 -1.1000000000e+01 -1.1000000000e+01 1.0000000000e+01
9.7799736606e-04 -1.2500000000e+01 -9.5000000000e+00 1.0000000000e+01
3.4154633383e-04 -1.2500000000e+01 -1.0000000000e+01 1.0000000000e+01
7.1732671494e-05 -1.2500000000e+01 -1.0500000000e+01 1.0000000000e+01
3.1428137274e-04 -1.2500000000e+01 -9.5000000000e+00 9.0000000000e+00
8.2076374688e-05 -1.2500000000e+01 -1.0000000000e+01 9.0000000000e+00
6.4761632759e-04 -1.2500000000e+01 -9.5000000000e+00 9.5000000000e+00
9.8319689153e-04 -1.1500000000e+01 -1.0000000000e+01 1.0500000000e+01
2.5149937513e-04 -1.1500000000e+01 -1.0500000000e+01 1.0500000000e+01
2.5052065455e-03 -1.1500000000e+01 -9.5000000000e+00 1.0500000000e+01
2.5260751509e-03 -1.1000000000e+01 -9.5000000000e+00 1.0500000000e+01
1.0318832884e-03 -1.1000000000e+01 -1.0000000000e+01 1.0500000000e+01
2.8596965930e-04 -1.1000000000e+01 -1.0500000000e+01 1.0500000000e+01
4.7702108857e-05 -1.1500000000e+01 -1.1000000000e+01 1.0500000000e+01
1.8122797438e-03 -1.2000000000e+01 -9.5000000000e+00 1.0500000000e+01
6.8054028278e-04 -1.2000000000e+01 -1.0000000000e+01 1.0500000000e+01
1.6070132544e-04 -1.2000000000e+01 -1.0500000000e+01 1.0500000000e+01
5.6636925236e-05 -1.1000000000e+01 -1.1000000000e+01 1.0500000000e+01
1.9730180371e-04 -1.2500000000e+01 -1.0000000000e+01 9.5000000000e+00
9.7691291371e-04 -1.2500000000e+01 -9.5000000000e+00 1.0500000000e+01
4.7912989006e-03 -1.1500000000e+01 -9.0000000000e+00 1.0500000000e+01
4.6891074958e-03 -1.1000000000e+01 -9.0000000000e+00 1.0500000000e+01
3.5853271645e-03 -1.2000000000e+01 -9.0000000000e+00 1.0500000000e+01
3.4972469840e-03 -1.0500000000e+01 -9.0000000000e+00 1.0500000000e+01
1.9410836679e-03 -1.0500000000e+01 -9.5000000000e+00 1.0500000000e+01
8.1841861588e-04 -1.0500000000e+01 -1.0000000000e+01 1.0500000000e+01
2.3915502235e-04 -1.0500000000e+01 -1.0500000000e+01 1.0500000000e+01
4.8658945158e-05 -1.0500000000e+01 -1.1000000000e+01 1.0500000000e+01
1.0198629430e-03 -1.1500000000e+01 -9.0000000000e+00 8.5000000000e+00
1.1477794620e-03 -1.1000000000e+01 -9.0000000000e+00 8.5000000000e+00
6.4583192544e-04 -1.2000000000e+01 -9.0000000000e+00 8.5000000000e+00
2.0089635501e-03 -1.2500000000e+01 -9.0000000000e+00 1.0500000000e+01
9.9578978911e-04 -1.0500000000e+01 -9.0000000000e+00 8.5000000000e+00
5.2664674030e-04 -1.0500000000e+01 -9.5000000000e+00 8.5000000000e+00
2.0121227045e-04 -1.0500000000e+01 -1.0000000000e+01 8.5000000000e+00
4.9075658063e-05 -1.0500000000e+01 -1.0500000000e+01 8.5000000000e+00
4.9398204725e-03 -1.1500000000e+01 -9.0000000000e+00 1.0000000000e+01
4.8869800861e-03 -1.1000000000e+01 -9.0000000000e+00 1.0000000000e+01
3.6449644136e-03 -1.2000000000e+01 -9.0000000000e+00 1.0000000000e+01
3.6919295301e-03 -1.0500000000e+01 -9.0000000000e+00 1.0000000000e+01
2.0481980942e-03 -1.0500000000e+01 -9.5000000000e+00 1.0000000000e+01
8.6353001078e-04 -1.0500000000e+01 -1.0000000000e+01 1.0000000000e+01
2.5365219696e-04 -1.0500000000e+01 -1.0500000000e+01 1.0000000000e+01
5.1834023452e-05 -1.0500000000e+01 -1.1000000000e+01 1.0000000000e+01
2.2121775243e-03 -1.1500000000e+01 -9.0000000000e+00 9.0000000000e+00
2.3823404821e-03 -1.1000000000e+01 -9.0000000000e+00 9.0000000000e+00
1.4722083751e-03 -1.2000000000e+01 -9.0000000000e+00 9.0000000000e+00
2.0138422653e-03 -1.2500000000e+01 -9.0000000000e+00 1.0000000000e+01
1.9880909469e-03 -1.0500000000e+01 -9.0000000000e+00 9.0000000000e+00
1.0676148567e-03 -1.0500000000e+01 -9.5000000000e+00 9.0000000000e+00
4.2046947402e-04 -1.0500000000e+01 -1.0000000000e+01 9.0000000000e+00
1.0865916132e-04 -1.0500000000e+01 -1.0500000000e+01 9.0000000000e+00
3.9189055299e-03 -1.1500000000e+01 -9.0000000000e+00 9.5000000000e+00
4.0665655502e-03 -1.1000000000e+01 -9.0000000000e+00 9.5000000000e+00
2.7181479697e-03 -1.2000000000e+01 -9.0000000000e+00 9.5000000000e+00
3.2686494725e-03 -1.0500000000e+01 -9.0000000000e+00 9.5000000000e+00
1.8177126153e-03 -1.0500000000e+01 -9.5000000000e+00 9.5000000000e+00
7.5228780875e-04 -1.0500000000e+01 -1.0000000000e+01 9.5000000000e+00
2.1248146322e-04 -1.0500000000e+01 -1.0500000000e+01 9.5000000000e+00
4.0641774990e-05 -1.0500000000e+01 -1.1000000000e+01 9.5000000000e+00
1.4052924019e-04 -1.1500000000e+01 -9.5000000000e+00 8.0000000000e+00
1.8987488878e-04 -1.1000000000e+01 -9.5000000000e+00 8.0000000000e+00
5.7668588417e-05 -1.1000000000e+01 -1.0000000000e+01 8.0000000000e+00
7.1327485516e-05 -1.2000000000e+01 -9.5000000000e+00 8.0000000000e+00
1.4083668324e-03 -1.2500000000e+01 -9.0000000000e+00 9.5000000000e+00
7.2912856326e-04 -1.2500000000e+01 -9.0000000000e+00 9.0000000000e+00
3.0123027018e-04 -1.2500000000e+01 -9.0000000000e+00 8.5000000000e+00
3.4406971947e-04 -1.2500000000e+01 -1.0000000000e+01 1.0500000000e+01
7.4714466070e-05 -1.2500000000e+01 -1.0500000000e+01 1.0500000000e+01
3.2813687234e-04 -1.1500000000e+01 -9.0000000000e+00 8.0000000000e+00
3.9988019900e-04 -1.1000000000e+01 -9.0000000000e+00 8.0000000000e+00
1.8958277488e-04 -1.2000000000e+01 -9.0000000000e+00 8.0000000000e+00
3.6771668375e-04 -1.0500000000e+01 -9.0000000000e+00 8.0000000000e+00
1.8549375526e-04 -1.0500000000e+01 -9.5000000000e+00 8.0000000000e+00
6.4245490329e-05 -1.0500000000e+01 -1.0000000000e+01 8.0000000000e+00
7.8084700945e-05 -1.2500000000e+01 -9.0000000000e+00 8.0000000000e+00
8.3029846376e-04 -1.3000000000e+01 -9.0000000000e+00 1.0500000000e+01
3.8533985028e-04 -1.3000000000e+01 -9.5000000000e+00 1.0500000000e+01
1.2493239634e-04 -1.3000000000e+01 -1.0000000000e+01 1.0500000000e+01
9.8641637712e-05 -1.3000000000e+01 -9.0000000000e+00 8.5000000000e+00
8.1988587334e-04 -1.3000000000e+01 -9.0000000000e+00 1.0000000000e+01
3.7854976617e-04 -1.3000000000e+01 -9.5000000000e+00 1.0000000000e+01
1.2006691330e-04 -1.3000000000e+01 -1.0000000000e+01 1.0000000000e+01
2.6050485218e-04 -1.3000000000e+01 -9.0000000000e+00 9.0000000000e+00
1.0079439636e-04 -1.3000000000e+01 -9.5000000000e+00 9.0000000000e+00
5.3331508315e-04 -1.3000000000e+01 -9.0000000000e+00 9.5000000000e+00
2.2689794692e-04 -1.3000000000e+01 -9.5000000000e+00 9.5000000000e+00
8.4947656914e-04 -1.1500000000e+01 -1.0000000000e+01 1.1000000000e+01
2.2083332686e-04 -1.1500000000e+01 -1.0500000000e+01 1.1000000000e+01
2.1193554199e-03 -1.1500000000e+01 -9.5000000000e+00 1.1000000000e+01
2.0654230350e-03 -1.1000000000e+01 -9.5000000000e+00 1.1000000000e+01
8.6242038087e-04 -1.1000000000e+01 -1.0000000000e+01 1.1000000000e+01
2.4386940916e-04 -1.1000000000e+01 -1.0500000000e+01 1.1000000000e+01
4.1641248262e-05 -1.1500000000e+01 -1.1000000000e+01 1.1000000000e+01
1.5896361248e-03 -1.2000000000e+01 -9.5000000000e+00 1.1000000000e+01
6.0741202166e-04 -1.2000000000e+01 -1.0000000000e+01 1.1000000000e+01
1.4473714860e-04 -1.2000000000e+01 -1.0500000000e+01 1.1000000000e+01
4.8047205813e-05 -1.1000000000e+01 -1.1000000000e+01 1.1000000000e+01
8.8600740554e-04 -1.2500000000e+01 -9.5000000000e+00 1.1000000000e+01
3.9869572003e-03 -1.1500000000e+01 -9.0000000000e+00 1.1000000000e+01
3.7718778524e-03 -1.1000000000e+01 -9.0000000000e+00 1.1000000000e+01
3.1042932267e-03 -1.2000000000e+01 -9.0000000000e+00 1.1000000000e+01
2.6774989152e-03 -1.0500000000e+01 -9.0000000000e+00 1.1000000000e+01
1.5095417551e-03 -1.0500000000e+01 -9.5000000000e+00 1.1000000000e+01
6.5339887912e-04 -1.0500000000e+01 -1.0000000000e+01 1.1000000000e+01
1.9728842702e-04 -1.0500000000e+01 -1.0500000000e+01 1.1000000000e+01
4.0239588461e-05 -1.0500000000e+01 -1.1000000000e+01 1.1000000000e+01
1.8001838068e-03 -1.2500000000e+01 -9.0000000000e+00 1.1000000000e+01
3.1766965657e-04 -1.2500000000e+01 -1.0000000000e+01 1.1000000000e+01
6.9676603553e-05 -1.2500000000e+01 -1.0500000000e+01 1.1000000000e+01
5.7672385482e-05 -1.3000000000e+01 -1.0000000000e+01 9.5000000000e+00
7.7042103701e-04 -1.3000000000e+01 -9.0000000000e+00 1.1000000000e+01
3.6212940050e-04 -1.3000000000e+01 -9.5000000000e+00 1.1000000000e+01
5.6829518705e-03 -1.1500000000e+01 -8.5000000000e+00 1.1000000000e+01
5.2172828753e-03 -1.1000000000e+01 -8.5000000000e+00 1.1000000000e+01
4.5938324170e-03 -1.2000000000e+01 -8.5000000000e+00 1.1000000000e+01
3.5783745896e-03 -1.0500000000e+01 -8.5000000000e+00 1.1000000000e+01
2.7776190132e-03 -1.2500000000e+01 -8.5000000000e+00 1.1000000000e+01
1.8144896572e-03 -1.0000000000e+01 -8.5000000000e+00 1.1000000000e+01
1.3976605632e-03 -1.0000000000e+01 -9.0000000000e+00 1.1000000000e+01
8.0911300807e-04 -1.0000000000e+01 -9.5000000000e+00 1.1000000000e+01
3.6203735770e-04 -1.0000000000e+01 -1.0000000000e+01 1.1000000000e+01
1.1536402118e-04 -1.0000000000e+01 -1.0500000000e+01 1.1000000000e+01
5.2347364221e-04 -1.1500000000e+01 -8.5000000000e+00 8.0000000000e+00
5.9700417695e-04 -1.1000000000e+01 -8.5000000000e+00 8.0000000000e+00
3.2473043186e-04 -1.2000000000e+01 -8.5000000000e+00 8.0000000000e+00
5.2684397404e-04 -1.0500000000e+01 -8.5000000000e+00 8.0000000000e+00
1.4843526266e-04 -1.2500000000e+01 -8.5000000000e+00 8.0000000000e+00
1.2444576440e-03 -1.3000000000e+01 -8.5000000000e+00 1.1000000000e+01
3.3416659040e-04 -1.0000000000e+01 -8.5000000000e+00 8.0000000000e+00
2.4377530715e-04 -1.0000000000e+01 -9.0000000000e+00 8.0000000000e+00
1.3089664374e-04 -1.0000000000e+01 -9.5000000000e+00 8.0000000000e+00
5.0221938692e-05 -1.0000000000e+01 -1.0000000000e+01 8.0000000000e+00
6.8677046101e-03 -1.1500000000e+01 -8.5000000000e+00 1.0500000000e+01
6.5353751864e-03 -1.1000000000e+01 -8.5000000000e+00 1.0500000000e+01
5.3220686482e-03 -1.2000000000e+01 -8.5000000000e+00 1.0500000000e+01
4.7154957493e-03 -1.0500000000e+01 -8.5000000000e+00 1.0500000000e+01
3.0994847639e-03 -1.2500000000e+01 -8.5000000000e+00 1.0500000000e+01
2.5037678828e-03 -1.0000000000e+01 -8.5000000000e+00 1.0500000000e+01
1.9133445778e-03 -1.0000000000e+01 -9.0000000000e+00 1.0500000000e+01
1.0941442985e-03 -1.0000000000e+01 -9.5000000000e+00 1.0500000000e+01
4.7818054329e-04 -1.0000000000e+01 -1.0000000000e+01 1.0500000000e+01
1.4732267343e-04 -1.0000000000e+01 -1.0500000000e+01 1.0500000000e+01
1.5325926387e-03 -1.1500000000e+01 -8.5000000000e+00 8.5000000000e+00
1.6423738278e-03 -1.1000000000e+01 -8.5000000000e+00 8.5000000000e+00
1.0179420631e-03 -1.2000000000e+01 -8.5000000000e+00 8.5000000000e+00
1.3808212606e-03 -1.0500000000e+01 -8.5000000000e+00 8.5000000000e+00
5.0630668414e-04 -1.2500000000e+01 -8.5000000000e+00 8.5000000000e+00
1.3460647785e-03 -1.3000000000e+01 -8.5000000000e+00 1.0500000000e+01
8.3651009746e-04 -1.0000000000e+01 -8.5000000000e+00 8.5000000000e+00
6.2438699491e-04 -1.0000000000e+01 -9.0000000000e+00 8.5000000000e+00
3.4605788633e-04 -1.0000000000e+01 -9.5000000000e+00 8.5000000000e+00
1.4090076787e-04 -1.0000000000e+01 -1.0000000000e+01 8.5000000000e+00
7.0211737115e-03 -1.1500000000e+01 -8.5000000000e+00 1.0000000000e+01
6.7629179185e-03 -1.1000000000e+01 -8.5000000000e+00 1.0000000000e+01
5.3593276208e-03 -1.2000000000e+01 -8.5000000000e+00 1.0000000000e+01
4.9697411630e-03 -1.0500000000e+01 -8.5000000000e+00 1.0000000000e+01
3.0791600463e-03 -1.2500000000e+01 -8.5000000000e+00 1.0000000000e+01
2.6892578145e-03 -1.0000000000e+01 -8.5000000000e+00 1.0000000000e+01
2.0500881331e-03 -1.0000000000e+01 -9.0000000000e+00 1.0000000000e+01
1.1695690271e-03 -1.0000000000e+01 -9.5000000000e+00 1.0000000000e+01
5.0913862029e-04 -1.0000000000e+01 -1.0000000000e+01 1.0000000000e+01
1.5672552802e-04 -1.0000000000e+01 -1.0500000000e+01 1.0000000000e+01
3.2611267761e-03 -1.1500000000e+01 -8.5000000000e+00 9.0000000000e+00
3.3682054914e-03 -1.1000000000e+01 -8.5000000000e+00 9.0000000000e+00
2.2674429014e-03 -1.2000000000e+01 -8.5000000000e+00 9.0000000000e+00
2.7247882209e-03 -1.0500000000e+01 -8.5000000000e+00 9.0000000000e+00
1.1823387993e-03 -1.2500000000e+01 -8.5000000000e+00 9.0000000000e+00
1.3113107306e-03 -1.3000000000e+01 -8.5000000000e+00 1.0000000000e+01
1.5934876697e-03 -1.0000000000e+01 -8.5000000000e+00 9.0000000000e+00
1.2004243734e-03 -1.0000000000e+01 -9.0000000000e+00 9.0000000000e+00
6.7236028278e-04 -1.0000000000e+01 -9.5000000000e+00 9.0000000000e+00
2.7961606697e-04 -1.0000000000e+01 -1.0000000000e+01 9.0000000000e+00
7.9020433605e-05 -1.0000000000e+01 -1.0500000000e+01 9.0000000000e+00
5.5944096135e-03 -1.1500000000e+01 -8.5000000000e+00 9.5000000000e+00
5.6062696670e-03 -1.1000000000e+01 -8.5000000000e+00 9.5000000000e+00
4.0488496694e-03 -1.2000000000e+01 -8.5000000000e+00 9.5000000000e+00
4.3569001471e-03 -1.0500000000e+01 -8.5000000000e+00 9.5000000000e+00
2.2051082081e-03 -1.2500000000e+01 -8.5000000000e+00 9.5000000000e+00
2.4578174341e-03 -1.0000000000e+01 -8.5000000000e+00 9.5000000000e+00
1.8975436223e-03 -1.0000000000e+01 -9.0000000000e+00 9.5000000000e+00
1.0931691096e-03 -1.0000000000e+01 -9.5000000000e+00 9.5000000000e+00
4.7422060849e-04 -1.0000000000e+01 -1.0000000000e+01 9.5000000000e+00
1.4425068156e-04 -1.0000000000e+01 -1.0500000000e+01 9.5000000000e+00
4.1734431667e-05 -1.1000000000e+01 -9.5000000000e+00 7.5000000000e+00
7.2926569111e-05 -1.1500000000e+01 -9.0000000000e+00 7.5000000000e+00
9.6341863277e-05 -1.1000000000e+01 -9.0000000000e+00 7.5000000000e+00
9.4411939669e-05 -1.0500000000e+01 -9.0000000000e+00 7.5000000000e+00
4.4106447397e-05 -1.0500000000e+01 -9.5000000000e+00 7.5000000000e+00
8.8307380983e-04 -1.3000000000e+01 -8.5000000000e+00 9.5000000000e+00
4.5340524238e-04 -1.3000000000e+01 -8.5000000000e+00 9.0000000000e+00
1.8265348572e-04 -1.3000000000e+01 -8.5000000000e+00 8.5000000000e+00
4.7541049565e-05 -1.3000000000e+01 -8.5000000000e+00 8.0000000000e+00
1.1898374811e-04 -1.3000000000e+01 -1.0000000000e+01 1.1000000000e+01
1.2553408151e-04 -1.1500000000e+01 -8.5000000000e+00 7.5000000000e+00
1.5379504113e-04 -1.1000000000e+01 -8.5000000000e+00 7.5000000000e+00
7.3189026863e-05 -1.2000000000e+01 -8.5000000000e+00 7.5000000000e+00
1.4404228311e-04 -1.0500000000e+01 -8.5000000000e+00 7.5000000000e+00
9.7428608472e-05 -1.0000000000e+01 -8.5000000000e+00 7.5000000000e+00
6.7426099278e-05 -1.0000000000e+01 -9.0000000000e+00 7.5000000000e+00
4.0199941113e-04 -1.3500000000e+01 -8.5000000000e+00 1.1000000000e+01
2.3572128000e-04 -1.3500000000e+01 -9.0000000000e+00 1.1000000000e+01
1.0415300390e-04 -1.3500000000e+01 -9.5000000000e+00 1.1000000000e+01
4.2481780186e-04 -1.3500000000e+01 -8.5000000000e+00 1.0500000000e+01
2.4744543306e-04 -1.3500000000e+01 -9.0000000000e+00 1.0500000000e+01
1.0851675298e-04 -1.3500000000e+01 -9.5000000000e+00 1.0500000000e+01
4.4993414085e-05 -1.3500000000e+01 -8.5000000000e+00 8.5000000000e+00
4.0120451060e-04 -1.3500000000e+01 -8.5000000000e+00 1.0000000000e+01
2.3712114316e-04 -1.3500000000e+01 -9.0000000000e+00 1.0000000000e+01
1.0209355555e-04 -1.3500000000e+01 -9.5000000000e+00 1.0000000000e+01
1.2200634570e-04 -1.3500000000e+01 -8.5000000000e+00 9.0000000000e+00
6.4072373793e-05 -1.3500000000e+01 -9.0000000000e+00 9.0000000000e+00
2.5189610660e-04 -1.3500000000e+01 -8.5000000000e+00 9.5000000000e+00
1.4041894841e-04 -1.3500000000e+01 -9.0000000000e+00 9.5000000000e+00
5.3275329318e-05 -1.3500000000e+01 -9.5000000000e+00 9.5000000000e+00
5.6544349792e-04 -1.1500000000e+01 -1.0000000000e+01 1.1500000000e+01
1.5934406504e-04 -1.1500000000e+01 -1.0500000000e+01 1.1500000000e+01
1.3514732730e-03 -1.1500000000e+01 -9.5000000000e+00 1.1500000000e+01
1.2564078241e-03 -1.1000000000e+01 -9.5000000000e+00 1.1500000000e+01
5.4196739432e-04 -1.1000000000e+01 -1.0000000000e+01 1.1500000000e+01
1.6268551665e-04 -1.1000000000e+01 -1.0500000000e+01 1.1500000000e+01
1.0697153571e-03 -1.2000000000e+01 -9.5000000000e+00 1.1500000000e+01
4.2950681484e-04 -1.2000000000e+01 -1.0000000000e+01 1.1500000000e+01
1.1177937672e-04 -1.2000000000e+01 -1.0500000000e+01 1.1500000000e+01
6.2728135793e-04 -1.2500000000e+01 -9.5000000000e+00 1.1500000000e+01
2.4860241777e-03 -1.1500000000e+01 -9.0000000000e+00 1.1500000000e+01
2.2580119486e-03 -1.1000000000e+01 -9.0000000000e+00 1.1500000000e+01
2.0303163926e-03 -1.2000000000e+01 -9.0000000000e+00 1.1500000000e+01
1.5273262508e-03 -1.0500000000e+01 -9.0000000000e+00 1.1500000000e+01
8.6795381549e-04 -1.0500000000e+01 -9.5000000000e+00 1.1500000000e+01
3.8449565585e-04 -1.0500000000e+01 -1.0000000000e+01 1.1500000000e+01
1.2137055928e-04 -1.0500000000e+01 -1.0500000000e+01 1.1500000000e+01
1.2324850733e-03 -1.2500000000e+01 -9.0000000000e+00 1.1500000000e+01
2.3878361675e-04 -1.2500000000e+01 -1.0000000000e+01 1.1500000000e+01
5.6111399476e-05 -1.2500000000e+01 -1.0500000000e+01 1.1500000000e+01
5.5313115167e-04 -1.3000000000e+01 -9.0000000000e+00 1.1500000000e+01
2.7030797889e-04 -1.3000000000e+01 -9.5000000000e+00 1.1500000000e+01
3.5295059644e-03 -1.1500000000e+01 -8.5000000000e+00 1.1500000000e+01
3.1244037786e-03 -1.1000000000e+01 -8.5000000000e+00 1.1500000000e+01
2.9790306043e-03 -1.2000000000e+01 -8.5000000000e+00 1.1500000000e+01
2.0538548787e-03 -1.0500000000e+01 -8.5000000000e+00 1.1500000000e+01
1.8776117110e-03 -1.2500000000e+01 -8.5000000000e+00 1.1500000000e+01
9.9948316935e-04 -1.0000000000e+01 -8.5000000000e+00 1.1500000000e+01
7.6415581406e-04 -1.0000000000e+01 -9.0000000000e+00 1.1500000000e+01
4.4344578923e-04 -1.0000000000e+01 -9.5000000000e+00 1.1500000000e+01
2.0126610832e-04 -1.0000000000e+01 -1.0000000000e+01 1.1500000000e+01
6.5925516532e-05 -1.0000000000e+01 -1.0500000000e+01 1.1500000000e+01
8.7991180455e-04 -1.3000000000e+01 -8.5000000000e+00 1.1500000000e+01
9.5921389849e-05 -1.3000000000e+01 -1.0000000000e+01 1.1500000000e+01
3.0090371867e-04 -1.3500000000e+01 -8.5000000000e+00 1.1500000000e+01
1.8062483850e-04 -1.3500000000e+01 -9.0000000000e+00 1.1500000000e+01
8.3893853219e-05 -1.3500000000e+01 -9.5000000000e+00 1.1500000000e+01
3.7296318006e-03 -1.1500000000e+01 -8.0000000000e+00 1.1500000000e+01
3.2570774137e-03 -1.1000000000e+01 -8.0000000000e+00 1.1500000000e+01
3.2251506530e-03 -1.2000000000e+01 -8.0000000000e+00 1.1500000000e+01
2.1179454285e-03 -1.0500000000e+01 -8.0000000000e+00 1.1500000000e+01
2.0954987425e-03 -1.2500000000e+01 -8.0000000000e+00 1.1500000000e+01
1.0209405219e-03 -1.0000000000e+01 -8.0000000000e+00 1.1500000000e+01
1.0195134526e-03 -1.3000000000e+01 -8.0000000000e+00 1.1500000000e+01
3.6232403622e-04 -9.5000000000e+00 -8.0000000000e+00 1.1500000000e+01
3.5888086752e-04 -9.5000000000e+00 -8.5000000000e+00 1.1500000000e+01
2.8406375855e-04 -9.5000000000e+00 -9.0000000000e+00 1.1500000000e+01
1.6915007853e-04 -9.5000000000e+00 -9.5000000000e+00 1.1500000000e+01
7.8115038597e-05 -9.5000000000e+00 -1.0000000000e+01 1.1500000000e+01
1.5497714193e-04 -1.1500000000e+01 -8.0000000000e+00 7.5000000000e+00
1.7950152546e-04 -1.1000000000e+01 -8.0000000000e+00 7.5000000000e+00
9.5435691342e-05 -1.2000000000e+01 -8.0000000000e+00 7.5000000000e+00
1.6245571972e-04 -1.0500000000e+01 -8.0000000000e+00 7.5000000000e+00
4.3983639075e-05 -1.2500000000e+01 -8.0000000000e+00 7.5000000000e+00
1.0685111723e-04 -1.0000000000e+01 -8.0000000000e+00 7.5000000000e+00
3.6773791865e-04 -1.3500000000e+01 -8.0000000000e+00 1.1500000000e+01
5.1699030889e-05 -9.5000000000e+00 -8.0000000000e+00 7.5000000000e+00
4.8463258212e-05 -9.5000000000e+00 -8.5000000000e+00 7.5000000000e+00
6.0127674789e-03 -1.1500000000e+01 -8.0000000000e+00 1.1000000000e+01
5.4367802840e-03 -1.1000000000e+01 -8.0000000000e+00 1.1000000000e+01
4.9772415853e-03 -1.2000000000e+01 -8.0000000000e+00 1.1000000000e+01
3.6879052680e-03 -1.0500000000e+01 -8.0000000000e+00 1.1000000000e+01
3.0987243822e-03 -1.2500000000e+01 -8.0000000000e+00 1.1000000000e+01
1.8530108114e-03 -1.0000000000e+01 -8.0000000000e+00 1.1000000000e+01
1.4392823428e-03 -1.3000000000e+01 -8.0000000000e+00 1.1000000000e+01
6.8665310951e-04 -9.5000000000e+00 -8.0000000000e+00 1.1000000000e+01
6.7988277325e-04 -9.5000000000e+00 -8.5000000000e+00 1.1000000000e+01
5.4248230125e-04 -9.5000000000e+00 -9.0000000000e+00 1.1000000000e+01
3.2360236460e-04 -9.5000000000e+00 -9.5000000000e+00 1.1000000000e+01
1.4805102209e-04 -9.5000000000e+00 -1.0000000000e+01 1.1000000000e+01
4.8798368642e-05 -9.5000000000e+00 -1.0500000000e+01 1.1000000000e+01
6.0278127466e-04 -1.1500000000e+01 -8.0000000000e+00 8.0000000000e+00
6.5991780547e-04 -1.1000000000e+01 -8.0000000000e+00 8.0000000000e+00
3.9127119320e-04 -1.2000000000e+01 -8.0000000000e+00 8.0000000000e+00
5.7095203927e-04 -1.0500000000e+01 -8.0000000000e+00 8.0000000000e+00
1.9079225173e-04 -1.2500000000e+01 -8.0000000000e+00 8.0000000000e+00
3.5518451020e-04 -1.0000000000e+01 -8.0000000000e+00 8.0000000000e+00
6.7371409215e-05 -1.3000000000e+01 -8.0000000000e+00 8.0000000000e+00
4.9136877014e-04 -1.3500000000e+01 -8.0000000000e+00 1.1000000000e+01
1.6350856993e-04 -9.5000000000e+00 -8.0000000000e+00 8.0000000000e+00
1.5689349147e-04 -9.5000000000e+00 -8.5000000000e+00 8.0000000000e+00
1.1945336286e-04 -9.5000000000e+00 -9.0000000000e+00 8.0000000000e+00
6.7875921303e-05 -9.5000000000e+00 -9.5000000000e+00 8.0000000000e+00
7.3123687015e-03 -1.1500000000e+01 -8.0000000000e+00 1.0500000000e+01
6.8565108412e-03 -1.1000000000e+01 -8.0000000000e+00 1.0500000000e+01
5.7904859814e-03 -1.2000000000e+01 -8.0000000000e+00 1.0500000000e+01
4.8848912491e-03 -1.0500000000e+01 -8.0000000000e+00 1.0500000000e+01
3.4631412964e-03 -1.2500000000e+01 -8.0000000000e+00 1.0500000000e+01
2.5714639994e-03 -1.0000000000e+01 -8.0000000000e+00 1.0500000000e+01
1.5571615185e-03 -1.3000000000e+01 -8.0000000000e+00 1.0500000000e+01
9.9791667689e-04 -9.5000000000e+00 -8.0000000000e+00 1.0500000000e+01
9.8261735516e-04 -9.5000000000e+00 -8.5000000000e+00 1.0500000000e+01
7.7957592843e-04 -9.5000000000e+00 -9.0000000000e+00 1.0500000000e+01
4.6163330233e-04 -9.5000000000e+00 -9.5000000000e+00 1.0500000000e+01
2.0736389609e-04 -9.5000000000e+00 -1.0000000000e+01 1.0500000000e+01
6.6473384800e-05 -9.5000000000e+00 -1.0500000000e+01 1.0500000000e+01
1.6915395349e-03 -1.1500000000e+01 -8.0000000000e+00 8.5000000000e+00
1.7709448830e-03 -1.1000000000e+01 -8.0000000000e+00 8.5000000000e+00
1.1578212601e-03 -1.2000000000e+01 -8.0000000000e+00 8.5000000000e+00
1.4669126446e-03 -1.0500000000e+01 -8.0000000000e+00 8.5000000000e+00
5.9988505404e-04 -1.2500000000e+01 -8.0000000000e+00 8.5000000000e+00
8.7684784359e-04 -1.0000000000e+01 -8.0000000000e+00 8.5000000000e+00
2.2898288530e-04 -1.3000000000e+01 -8.0000000000e+00 8.5000000000e+00
5.1724762592e-04 -1.3500000000e+01 -8.0000000000e+00 1.0500000000e+01
3.8919862850e-04 -9.5000000000e+00 -8.0000000000e+00 8.5000000000e+00
3.7677130900e-04 -9.5000000000e+00 -8.5000000000e+00 8.5000000000e+00
2.9208490884e-04 -9.5000000000e+00 -9.0000000000e+00 8.5000000000e+00
1.6940722098e-04 -9.5000000000e+00 -9.5000000000e+00 8.5000000000e+00
7.2034887241e-05 -9.5000000000e+00 -1.0000000000e+01 8.5000000000e+00
7.4340174577e-03 -1.1500000000e+01 -8.0000000000e+00 1.0000000000e+01
7.0709187788e-03 -1.1000000000e+01 -8.0000000000e+00 1.0000000000e+01
5.7822682264e-03 -1.2000000000e+01 -8.0000000000e+00 1.0000000000e+01
5.1458169009e-03 -1.0500000000e+01 -8.0000000000e+00 1.0000000000e+01
3.3974348356e-03 -1.2500000000e+01 -8.0000000000e+00 1.0000000000e+01
2.7680501699e-03 -1.0000000000e+01 -8.0000000000e+00 1.0000000000e+01
1.4892537880e-03 -1.3000000000e+01 -8.0000000000e+00 1.0000000000e+01
1.1062383758e-03 -9.5000000000e+00 -8.0000000000e+00 1.0000000000e+01
1.0842291089e-03 -9.5000000000e+00 -8.5000000000e+00 1.0000000000e+01
8.5501960382e-04 -9.5000000000e+00 -9.0000000000e+00 1.0000000000e+01
5.0428577635e-04 -9.5000000000e+00 -9.5000000000e+00 1.0000000000e+01
2.2479889256e-04 -9.5000000000e+00 -1.0000000000e+01 1.0000000000e+01
7.1573656367e-05 -9.5000000000e+00 -1.0500000000e+01 1.0000000000e+01
3.5462653601e-03 -1.1500000000e+01 -8.0000000000e+00 9.0000000000e+00
3.5944632257e-03 -1.1000000000e+01 -8.0000000000e+00 9.0000000000e+00
2.5214462114e-03 -1.2000000000e+01 -8.0000000000e+00 9.0000000000e+00
2.8674851875e-03 -1.0500000000e+01 -8.0000000000e+00 9.0000000000e+00
1.3629816323e-03 -1.2500000000e+01 -8.0000000000e+00 9.0000000000e+00
1.6574762020e-03 -1.0000000000e+01 -8.0000000000e+00 9.0000000000e+00
5.4578831210e-04 -1.3000000000e+01 -8.0000000000e+00 9.0000000000e+00
4.7671015124e-04 -1.3500000000e+01 -8.0000000000e+00 1.0000000000e+01
7.1242740203e-04 -9.5000000000e+00 -8.0000000000e+00 9.0000000000e+00
6.9300805521e-04 -9.5000000000e+00 -8.5000000000e+00 9.0000000000e+00
5.4191359866e-04 -9.5000000000e+00 -9.0000000000e+00 9.0000000000e+00
3.1661650960e-04 -9.5000000000e+00 -9.5000000000e+00 9.0000000000e+00
1.3676938540e-04 -9.5000000000e+00 -1.0000000000e+01 9.0000000000e+00
4.1094234665e-05 -9.5000000000e+00 -1.0500000000e+01 9.0000000000e+00
5.9685620539e-03 -1.1500000000e+01 -8.0000000000e+00 9.5000000000e+00
5.8907985951e-03 -1.1000000000e+01 -8.0000000000e+00 9.5000000000e+00
4.4132114762e-03 -1.2000000000e+01 -8.0000000000e+00 9.5000000000e+00
4.5142337471e-03 -1.0500000000e+01 -8.0000000000e+00 9.5000000000e+00
2.4687771062e-03 -1.2500000000e+01 -8.0000000000e+00 9.5000000000e+00
2.5270135981e-03 -1.0000000000e+01 -8.0000000000e+00 9.5000000000e+00
1.0293520955e-03 -1.3000000000e+01 -8.0000000000e+00 9.5000000000e+00
1.0465440156e-03 -9.5000000000e+00 -8.0000000000e+00 9.5000000000e+00
1.0278364800e-03 -9.5000000000e+00 -8.5000000000e+00 9.5000000000e+00
8.2091692297e-04 -9.5000000000e+00 -9.0000000000e+00 9.5000000000e+00
4.9022713026e-04 -9.5000000000e+00 -9.5000000000e+00 9.5000000000e+00
2.1914839348e-04 -9.5000000000e+00 -1.0000000000e+01 9.5000000000e+00
6.9757855150e-05 -9.5000000000e+00 -1.0500000000e+01 9.5000000000e+00
3.1014493383e-04 -1.3500000000e+01 -8.0000000000e+00 9.5000000000e+00
1.5669755496e-04 -1.3500000000e+01 -8.0000000000e+00 9.0000000000e+00
6.1879334340e-05 -1.3500000000e+01 -8.0000000000e+00 8.5000000000e+00
9.2452761596e-05 -1.4000000000e+01 -8.0000000000e+00 1.1500000000e+01
7.1048219170e-05 -1.4000000000e+01 -8.5000000000e+00 1.1500000000e+01
4.0760902506e-05 -1.4000000000e+01 -9.0000000000e+00 1.1500000000e+01
1.1703340238e-04 -1.4000000000e+01 -8.0000000000e+00 1.1000000000e+01
8.9725342669e-05 -1.4000000000e+01 -8.5000000000e+00 1.1000000000e+01
4.9940752359e-05 -1.4000000000e+01 -9.0000000000e+00 1.1000000000e+01
1.2135016082e-04 -1.4000000000e+01 -8.0000000000e+00 1.0500000000e+01
9.3934540725e-05 -1.4000000000e+01 -8.5000000000e+00 1.0500000000e+01
5.1914073131e-05 -1.4000000000e+01 -9.0000000000e+00 1.0500000000e+01
1.0668269961e-04 -1.4000000000e+01 -8.0000000000e+00 1.0000000000e+01
8.5085904776e-05 -1.4000000000e+01 -8.5000000000e+00 1.0000000000e+01
4.7522089413e-05 -1.4000000000e+01 -9.0000000000e+00 1.0000000000e+01
6.6012369562e-05 -1.4000000000e+01 -8.0000000000e+00 9.5000000000e+00
5.0006651680e-05 -1.4000000000e+01 -8.5000000000e+00 9.5000000000e+00
2.6143171653e-04 -1.1500000000e+01 -1.0000000000e+01 1.2000000000e+01
7.8202299178e-05 -1.1500000000e+01 -1.0500000000e+01 1.2000000000e+01
6.1398615743e-04 -1.1500000000e+01 -9.5000000000e+00 1.2000000000e+01
5.4615766036e-04 -1.1000000000e+01 -9.5000000000e+00 1.2000000000e+01
2.3729772733e-04 -1.1000000000e+01 -1.0000000000e+01 1.2000000000e+01
7.3271951841e-05 -1.1000000000e+01 -1.0500000000e+01 1.2000000000e+01
5.1154659582e-04 -1.2000000000e+01 -9.5000000000e+00 1.2000000000e+01
2.1160769498e-04 -1.2000000000e+01 -1.0000000000e+01 1.2000000000e+01
6.0456142120e-05 -1.2000000000e+01 -1.0500000000e+01 1.2000000000e+01
3.1572811831e-04 -1.2500000000e+01 -9.5000000000e+00 1.2000000000e+01
1.1286915956e-03 -1.1500000000e+01 -9.0000000000e+00 1.2000000000e+01
9.8828523259e-04 -1.1000000000e+01 -9.0000000000e+00 1.2000000000e+01
9.6019519559e-04 -1.2000000000e+01 -9.0000000000e+00 1.2000000000e+01
6.3998533306e-04 -1.0500000000e+01 -9.0000000000e+00 1.2000000000e+01
3.5937949352e-04 -1.0500000000e+01 -9.5000000000e+00 1.2000000000e+01
1.5878995939e-04 -1.0500000000e+01 -1.0000000000e+01 1.2000000000e+01
5.0461130384e-05 -1.0500000000e+01 -1.0500000000e+01 1.2000000000e+01
6.0794057517e-04 -1.2500000000e+01 -9.0000000000e+00 1.2000000000e+01
1.2558490623e-04 -1.2500000000e+01 -1.0000000000e+01 1.2000000000e+01
2.8560540752e-04 -1.3000000000e+01 -9.0000000000e+00 1.2000000000e+01
1.4346400162e-04 -1.3000000000e+01 -9.5000000000e+00 1.2000000000e+01
1.6310784402e-03 -1.1500000000e+01 -8.5000000000e+00 1.2000000000e+01
1.3988199314e-03 -1.1000000000e+01 -8.5000000000e+00 1.2000000000e+01
1.4303194688e-03 -1.2000000000e+01 -8.5000000000e+00 1.2000000000e+01
8.8468094881e-04 -1.0500000000e+01 -8.5000000000e+00 1.2000000000e+01
9.3507415270e-04 -1.2500000000e+01 -8.5000000000e+00 1.2000000000e+01
4.1348316587e-04 -1.0000000000e+01 -8.5000000000e+00 1.2000000000e+01
3.0656101744e-04 -1.0000000000e+01 -9.0000000000e+00 1.2000000000e+01
1.7509082755e-04 -1.0000000000e+01 -9.5000000000e+00 1.2000000000e+01
7.8797879410e-05 -1.0000000000e+01 -1.0000000000e+01 1.2000000000e+01
4.5491588101e-04 -1.3000000000e+01 -8.5000000000e+00 1.2000000000e+01
5.4161890117e-05 -1.3000000000e+01 -1.0000000000e+01 1.2000000000e+01
1.6120578180e-04 -1.3500000000e+01 -8.5000000000e+00 1.2000000000e+01
9.7240204424e-05 -1.3500000000e+01 -9.0000000000e+00 1.2000000000e+01
4.6574855347e-05 -1.3500000000e+01 -9.5000000000e+00 1.2000000000e+01
1.7497870243e-03 -1.1500000000e+01 -8.0000000000e+00 1.2000000000e+01
1.4752419901e-03 -1.1000000000e+01 -8.0000000000e+00 1.2000000000e+01
1.5806662612e-03 -1.2000000000e+01 -8.0000000000e+00 1.2000000000e+01
9.2092024257e-04 -1.0500000000e+01 -8.0000000000e+00 1.2000000000e+01
1.0661199133e-03 -1.2500000000e+01 -8.0000000000e+00 1.2000000000e+01
4.2618469656e-04 -1.0000000000e+01 -8.0000000000e+00 1.2000000000e+01
5.3984492994e-04 -1.3000000000e+01 -8.0000000000e+00 1.2000000000e+01
1.4478502679e-04 -9.5000000000e+00 -8.0000000000e+00 1.2000000000e+01
1.4227296943e-04 -9.5000000000e+00 -8.5000000000e+00 1.2000000000e+01
1.0915861757e-04 -9.5000000000e+00 -9.0000000000e+00 1.2000000000e+01
6.3653712262e-05 -9.5000000000e+00 -9.5000000000e+00 1.2000000000e+01
2.0279900197e-04 -1.3500000000e+01 -8.0000000000e+00 1.2000000000e+01
5.2759377204e-05 -1.4000000000e+01 -8.0000000000e+00 1.2000000000e+01
1.6507004334e-03 -1.1500000000e+01 -7.5000000000e+00 1.2000000000e+01
1.3821456627e-03 -1.1000000000e+01 -7.5000000000e+00 1.2000000000e+01
1.5147710541e-03 -1.2000000000e+01 -7.5000000000e+00 1.2000000000e+01
8.5131766841e-04 -1.0500000000e+01 -7.5000000000e+00 1.2000000000e+01
1.0323958643e-03 -1.2500000000e+01 -7.5000000000e+00 1.2000000000e+01
3.8868540549e-04 -1.0000000000e+01 -7.5000000000e+00 1.2000000000e+01
5.2903461828e-04 -1.3000000000e+01 -7.5000000000e+00 1.2000000000e+01
1.2984242331e-04 -9.5000000000e+00 -7.5000000000e+00 1.2000000000e+01
2.0156441944e-04 -1.3500000000e+01 -7.5000000000e+00 1.2000000000e+01
5.3638010552e-05 -1.4000000000e+01 -7.5000000000e+00 1.2000000000e+01
3.5111589152e-03 -1.1500000000e+01 -7.5000000000e+00 1.1500000000e+01
3.0291061996e-03 -1.1000000000e+01 -7.5000000000e+00 1.1500000000e+01
3.0817292612e-03 -1.2000000000e+01 -7.5000000000e+00 1.1500000000e+01
1.9403334492e-03 -1.0500000000e+01 -7.5000000000e+00 1.1500000000e+01
2.0291242282e-03 -1.2500000000e+01 -7.5000000000e+00 1.1500000000e+01
9.2311616215e-04 -1.0000000000e+01 -7.5000000000e+00 1.1500000000e+01
9.9950960861e-04 -1.3000000000e+01 -7.5000000000e+00 1.1500000000e+01
3.2232310373e-04 -9.5000000000e+00 -7.5000000000e+00 1.1500000000e+01
3.6529388897e-04 -1.3500000000e+01 -7.5000000000e+00 1.1500000000e+01
8.1179570496e-05 -9.0000000000e+00 -7.5000000000e+00 1.1500000000e+01
9.4721791064e-05 -9.0000000000e+00 -8.0000000000e+00 1.1500000000e+01
9.5381686899e-05 -9.0000000000e+00 -8.5000000000e+00 1.1500000000e+01
7.9058543821e-05 -9.0000000000e+00 -9.0000000000e+00 1.1500000000e+01
4.7621643348e-05 -9.0000000000e+00 -9.5000000000e+00 1.1500000000e+01
1.5677764548e-04 -1.1500000000e+01 -7.5000000000e+00 7.5000000000e+00
1.7712311054e-04 -1.1000000000e+01 -7.5000000000e+00 7.5000000000e+00
9.8323901724e-05 -1.2000000000e+01 -7.5000000000e+00 7.5000000000e+00
1.5760882775e-04 -1.0500000000e+01 -7.5000000000e+00 7.5000000000e+00
4.6420115837e-05 -1.2500000000e+01 -7.5000000000e+00 7.5000000000e+00
1.0015432919e-04 -1.0000000000e+01 -7.5000000000e+00 7.5000000000e+00
4.6481607668e-05 -9.5000000000e+00 -7.5000000000e+00 7.5000000000e+00
9.3220715435e-05 -1.4000000000e+01 -7.5000000000e+00 1.1500000000e+01
5.6952038613e-03 -1.1500000000e+01 -7.5000000000e+00 1.1000000000e+01
5.0820074328e-03 -1.1000000000e+01 -7.5000000000e+00 1.1000000000e+01
4.7924890839e-03 -1.2000000000e+01 -7.5000000000e+00 1.1000000000e+01
3.3881357231e-03 -1.0500000000e+01 -7.5000000000e+00 1.1000000000e+01
3.0223874560e-03 -1.2500000000e+01 -7.5000000000e+00 1.1000000000e+01
1.6773660994e-03 -1.0000000000e+01 -7.5000000000e+00 1.1000000000e+01
1.4213309862e-03 -1.3000000000e+01 -7.5000000000e+00 1.1000000000e+01
6.1051070554e-04 -9.5000000000e+00 -7.5000000000e+00 1.1000000000e+01
4.9178411599e-04 -1.3500000000e+01 -7.5000000000e+00 1.1000000000e+01
1.6082274860e-04 -9.0000000000e+00 -7.5000000000e+00 1.1000000000e+01
1.8775029029e-04 -9.0000000000e+00 -8.0000000000e+00 1.1000000000e+01
1.8867878266e-04 -9.0000000000e+00 -8.5000000000e+00 1.1000000000e+01
1.5773493578e-04 -9.0000000000e+00 -9.0000000000e+00 1.1000000000e+01
9.5442908477e-05 -9.0000000000e+00 -9.5000000000e+00 1.1000000000e+01
4.3731854694e-05 -9.0000000000e+00 -1.0000000000e+01 1.1000000000e+01
5.9929567011e-04 -1.1500000000e+01 -7.5000000000e+00 8.0000000000e+00
6.4139130769e-04 -1.1000000000e+01 -7.5000000000e+00 8.0000000000e+00
3.9613213501e-04 -1.2000000000e+01 -7.5000000000e+00 8.0000000000e+00
5.4239687996e-04 -1.0500000000e+01 -7.5000000000e+00 8.0000000000e+00
1.9642396511e-04 -1.2500000000e+01 -7.5000000000e+00 8.0000000000e+00
3.2912516922e-04 -1.0000000000e+01 -7.5000000000e+00 8.0000000000e+00
7.0955802419e-05 -1.3000000000e+01 -7.5000000000e+00 8.0000000000e+00
1.4750901334e-04 -9.5000000000e+00 -7.5000000000e+00 8.0000000000e+00
1.1816357376e-04 -1.4000000000e+01 -7.5000000000e+00 1.1000000000e+01
4.8030930375e-05 -9.0000000000e+00 -7.5000000000e+00 8.0000000000e+00
5.5993551997e-05 -9.0000000000e+00 -8.0000000000e+00 8.0000000000e+00
5.4763568984e-05 -9.0000000000e+00 -8.5000000000e+00 8.0000000000e+00
4.3765883092e-05 -9.0000000000e+00 -9.0000000000e+00 8.0000000000e+00
6.9912219846e-03 -1.1500000000e+01 -7.5000000000e+00 1.0500000000e+01
6.4824737519e-03 -1.1000000000e+01 -7.5000000000e+00 1.0500000000e+01
5.6150719941e-03 -1.2000000000e+01 -7.5000000000e+00 1.0500000000e+01
4.5379385866e-03 -1.0500000000e+01 -7.5000000000e+00 1.0500000000e+01
3.3969785812e-03 -1.2500000000e+01 -7.5000000000e+00 1.0500000000e+01
2.3494124646e-03 -1.0000000000e+01 -7.5000000000e+00 1.0500000000e+01
1.5434046633e-03 -1.3000000000e+01 -7.5000000000e+00 1.0500000000e+01
8.9319000460e-04 -9.5000000000e+00 -7.5000000000e+00 1.0500000000e+01
5.1757635297e-04 -1.3500000000e+01 -7.5000000000e+00 1.0500000000e+01
2.4652673393e-04 -9.0000000000e+00 -7.5000000000e+00 1.0500000000e+01
2.8591207566e-04 -9.0000000000e+00 -8.0000000000e+00 1.0500000000e+01
2.8580860594e-04 -9.0000000000e+00 -8.5000000000e+00 1.0500000000e+01
2.3770590693e-04 -9.0000000000e+00 -9.0000000000e+00 1.0500000000e+01
1.4311072196e-04 -9.0000000000e+00 -9.5000000000e+00 1.0500000000e+01
6.4660147169e-05 -9.0000000000e+00 -1.0000000000e+01 1.0500000000e+01
1.6558634153e-03 -1.1500000000e+01 -7.5000000000e+00 8.5000000000e+00
1.7023860140e-03 -1.1000000000e+01 -7.5000000000e+00 8.5000000000e+00
1.1517023002e-03 -1.2000000000e+01 -7.5000000000e+00 8.5000000000e+00
1.3805417297e-03 -1.0500000000e+01 -7.5000000000e+00 8.5000000000e+00
6.0584857119e-04 -1.2500000000e+01 -7.5000000000e+00 8.5000000000e+00
8.0870009973e-04 -1.0000000000e+01 -7.5000000000e+00 8.5000000000e+00
2.3428474536e-04 -1.3000000000e+01 -7.5000000000e+00 8.5000000000e+00
3.5033278933e-04 -9.5000000000e+00 -7.5000000000e+00 8.5000000000e+00
6.4027143902e-05 -1.3500000000e+01 -7.5000000000e+00 8.5000000000e+00
1.2211657434e-04 -1.4000000000e+01 -7.5000000000e+00 1.0500000000e+01
1.1083234583e-04 -9.0000000000e+00 -7.5000000000e+00 8.5000000000e+00
1.2851393240e-04 -9.0000000000e+00 -8.0000000000e+00 8.5000000000e+00
1.2648274018e-04 -9.0000000000e+00 -8.5000000000e+00 8.5000000000e+00
1.0253392437e-04 -9.0000000000e+00 -9.0000000000e+00 8.5000000000e+00
6.1087768566e-05 -9.0000000000e+00 -9.5000000000e+00 8.5000000000e+00
7.0978648128e-03 -1.1500000000e+01 -7.5000000000e+00 1.0000000000e+01
6.6798719808e-03 -1.1000000000e+01 -7.5000000000e+00 1.0000000000e+01
5.5992889978e-03 -1.2000000000e+01 -7.5000000000e+00 1.0000000000e+01
4.7889437284e-03 -1.0500000000e+01 -7.5000000000e+00 1.0000000000e+01
3.3261055998e-03 -1.2500000000e+01 -7.5000000000e+00 1.0000000000e+01
2.5417408594e-03 -1.0000000000e+01 -7.5000000000e+00 1.0000000000e+01
1.4748487888e-03 -1.3000000000e+01 -7.5000000000e+00 1.0000000000e+01
9.9700799008e-04 -9.5000000000e+00 -7.5000000000e+00 1.0000000000e+01
4.7726181715e-04 -1.3500000000e+01 -7.5000000000e+00 1.0000000000e+01
2.8637372292e-04 -9.0000000000e+00 -7.5000000000e+00 1.0000000000e+01
3.2884129063e-04 -9.0000000000e+00 -8.0000000000e+00 1.0000000000e+01
3.2690875885e-04 -9.0000000000e+00 -8.5000000000e+00 1.0000000000e+01
2.6936871548e-04 -9.0000000000e+00 -9.0000000000e+00 1.0000000000e+01
1.6189036148e-04 -9.0000000000e+00 -9.5000000000e+00 1.0000000000e+01
7.2695170229e-05 -9.0000000000e+00 -1.0000000000e+01 1.0000000000e+01
3.4453881425e-03 -1.1500000000e+01 -7.5000000000e+00 9.0000000000e+00
3.4442484615e-03 -1.1000000000e+01 -7.5000000000e+00 9.0000000000e+00
2.4900929765e-03 -1.2000000000e+01 -7.5000000000e+00 9.0000000000e+00
2.6878674381e-03 -1.0500000000e+01 -7.5000000000e+00 9.0000000000e+00
1.3636122697e-03 -1.2500000000e+01 -7.5000000000e+00 9.0000000000e+00
1.5273743871e-03 -1.0000000000e+01 -7.5000000000e+00 9.0000000000e+00
5.5270756790e-04 -1.3000000000e+01 -7.5000000000e+00 9.0000000000e+00
6.4112462597e-04 -9.5000000000e+00 -7.5000000000e+00 9.0000000000e+00
1.6023770025e-04 -1.3500000000e+01 -7.5000000000e+00 9.0000000000e+00
1.0758089126e-04 -1.4000000000e+01 -7.5000000000e+00 1.0000000000e+01
1.9679991904e-04 -9.0000000000e+00 -7.5000000000e+00 9.0000000000e+00
2.2740625074e-04 -9.0000000000e+00 -8.0000000000e+00 9.0000000000e+00
2.2478307037e-04 -9.0000000000e+00 -8.5000000000e+00 9.0000000000e+00
1.8361116980e-04 -9.0000000000e+00 -9.0000000000e+00 9.0000000000e+00
1.0992818152e-04 -9.0000000000e+00 -9.5000000000e+00 9.0000000000e+00
4.8267523094e-05 -9.0000000000e+00 -1.0000000000e+01 9.0000000000e+00
5.7308666204e-03 -1.1500000000e+01 -7.5000000000e+00 9.5000000000e+00
5.5756273624e-03 -1.1000000000e+01 -7.5000000000e+00 9.5000000000e+00
4.3103084699e-03 -1.2000000000e+01 -7.5000000000e+00 9.5000000000e+00
4.1819576217e-03 -1.0500000000e+01 -7.5000000000e+00 9.5000000000e+00
2.4448544349e-03 -1.2500000000e+01 -7.5000000000e+00 9.5000000000e+00
2.2984836059e-03 -1.0000000000e+01 -7.5000000000e+00 9.5000000000e+00
1.0320646771e-03 -1.3000000000e+01 -7.5000000000e+00 9.5000000000e+00
9.3169371713e-04 -9.5000000000e+00 -7.5000000000e+00 9.5000000000e+00
3.1448754208e-04 -1.3500000000e+01 -7.5000000000e+00 9.5000000000e+00
2.7560034368e-04 -9.0000000000e+00 -7.5000000000e+00 9.5000000000e+00
3.2066414840e-04 -9.0000000000e+00 -8.0000000000e+00 9.5000000000e+00
3.1921364773e-04 -9.0000000000e+00 -8.5000000000e+00 9.5000000000e+00
2.6633460398e-04 -9.0000000000e+00 -9.0000000000e+00 9.5000000000e+00
1.6156492550e-04 -9.0000000000e+00 -9.5000000000e+00 9.5000000000e+00
7.2748598562e-05 -9.0000000000e+00 -1.0000000000e+01 9.5000000000e+00
6.7369076671e-05 -1.4000000000e+01 -7.5000000000e+00 9.5000000000e+00
7.6232496506e-05 -1.1500000000e+01 -1.0000000000e+01 1.2500000000e+01
1.8412446252e-04 -1.1500000000e+01 -9.5000000000e+00 1.2500000000e+01
1.5658982202e-04 -1.1000000000e+01 -9.5000000000e+00 1.2500000000e+01
6.5420081846e-05 -1.1000000000e+01 -1.0000000000e+01 1.2500000000e+01
1.6065572635e-04 -1.2000000000e+01 -9.5000000000e+00 1.2500000000e+01
6.5493154594e-05 -1.2000000000e+01 -1.0000000000e+01 1.2500000000e+01
1.0474527635e-04 -1.2500000000e+01 -9.5000000000e+00 1.2500000000e+01
3.4898675328e-04 -1.1500000000e+01 -9.0000000000e+00 1.2500000000e+01
2.9474857606e-04 -1.1000000000e+01 -9.0000000000e+00 1.2500000000e+01
3.0887002454e-04 -1.2000000000e+01 -9.0000000000e+00 1.2500000000e+01
1.8319247474e-04 -1.0500000000e+01 -9.0000000000e+00 1.2500000000e+01
9.8260312048e-05 -1.0500000000e+01 -9.5000000000e+00 1.2500000000e+01
4.1407567861e-05 -1.0500000000e+01 -1.0000000000e+01 1.2500000000e+01
2.0409957649e-04 -1.2500000000e+01 -9.0000000000e+00 1.2500000000e+01
4.2566726161e-05 -1.2500000000e+01 -1.0000000000e+01 1.2500000000e+01
1.0208961929e-04 -1.3000000000e+01 -9.0000000000e+00 1.2500000000e+01
5.2459815261e-05 -1.3000000000e+01 -9.5000000000e+00 1.2500000000e+01
5.3213414881e-04 -1.1500000000e+01 -8.5000000000e+00 1.2500000000e+01
4.4228151305e-04 -1.1000000000e+01 -8.5000000000e+00 1.2500000000e+01
4.8548897318e-04 -1.2000000000e+01 -8.5000000000e+00 1.2500000000e+01
2.6930337858e-04 -1.0500000000e+01 -8.5000000000e+00 1.2500000000e+01
3.2685292078e-04 -1.2500000000e+01 -8.5000000000e+00 1.2500000000e+01
1.2136588152e-04 -1.0000000000e+01 -8.5000000000e+00 1.2500000000e+01
8.4392332999e-05 -1.0000000000e+01 -9.0000000000e+00 1.2500000000e+01
4.5763453673e-05 -1.0000000000e+01 -9.5000000000e+00 1.2500000000e+01
1.6570521209e-04 -1.3000000000e+01 -8.5000000000e+00 1.2500000000e+01
6.6384356042e-05 -1.3500000000e+01 -8.5000000000e+00 1.2500000000e+01
4.4022406144e-05 -1.3500000000e+01 -9.0000000000e+00 1.2500000000e+01
5.9866506781e-04 -1.1500000000e+01 -8.0000000000e+00 1.2500000000e+01
4.8843053429e-04 -1.1000000000e+01 -8.0000000000e+00 1.2500000000e+01
5.6666042582e-04 -1.2000000000e+01 -8.0000000000e+00 1.2500000000e+01
2.9133018255e-04 -1.0500000000e+01 -8.0000000000e+00 1.2500000000e+01
3.9677925130e-04 -1.2500000000e+01 -8.0000000000e+00 1.2500000000e+01
1.2876856354e-04 -1.0000000000e+01 -8.0000000000e+00 1.2500000000e+01
2.1017392480e-04 -1.3000000000e+01 -8.0000000000e+00 1.2500000000e+01
4.2082664557e-05 -9.5000000000e+00 -8.0000000000e+00 1.2500000000e+01
4.0413103034e-05 -9.5000000000e+00 -8.5000000000e+00 1.2500000000e+01
8.4955627923e-05 -1.3500000000e+01 -8.0000000000e+00 1.2500000000e+01
5.7312550720e-04 -1.1500000000e+01 -7.5000000000e+00 1.2500000000e+01
4.6515725582e-04 -1.1000000000e+01 -7.5000000000e+00 1.2500000000e+01
5.5057980220e-04 -1.2000000000e+01 -7.5000000000e+00 1.2500000000e+01
2.7504526398e-04 -1.0500000000e+01 -7.5000000000e+00 1.2500000000e+01
3.8881101923e-04 -1.2500000000e+01 -7.5000000000e+00 1.2500000000e+01
1.2050892244e-04 -1.0000000000e+01 -7.5000000000e+00 1.2500000000e+01
2.0923761758e-04 -1.3000000000e+01 -7.5000000000e+00 1.2500000000e+01
8.6044839816e-05 -1.3500000000e+01 -7.5000000000e+00 1.2500000000e+01
4.5539831401e-04 -1.1500000000e+01 -7.0000000000e+00 1.2500000000e+01
3.6290333957e-04 -1.1000000000e+01 -7.0000000000e+00 1.2500000000e+01
4.5483203531e-04 -1.2000000000e+01 -7.0000000000e+00 1.2500000000e+01
2.0992383888e-04 -1.0500000000e+01 -7.0000000000e+00 1.2500000000e+01
3.2845774391e-04 -1.2500000000e+01 -7.0000000000e+00 1.2500000000e+01
9.0420598600e-05 -1.0000000000e+01 -7.0000000000e+00 1.2500000000e+01
1.8023044176e-04 -1.3000000000e+01 -7.0000000000e+00 1.2500000000e+01
7.9368948919e-05 -1.3500000000e+01 -7.0000000000e+00 1.2500000000e+01
1.2615268718e-03 -1.1500000000e+01 -7.0000000000e+00 1.2000000000e+01
1.0371069796e-03 -1.1000000000e+01 -7.0000000000e+00 1.2000000000e+01
1.2008966274e-03 -1.2000000000e+01 -7.0000000000e+00 1.2000000000e+01
6.2401907236e-04 -1.0500000000e+01 -7.0000000000e+00 1.2000000000e+01
8.3926955984e-04 -1.2500000000e+01 -7.0000000000e+00 1.2000000000e+01
2.7883549903e-04 -1.0000000000e+01 -7.0000000000e+00 1.2000000000e+01
4.4561855480e-04 -1.3000000000e+01 -7.0000000000e+00 1.2000000000e+01
9.1490739364e-05 -9.5000000000e+00 -7.0000000000e+00 1.2000000000e+01
1.7426269062e-04 -1.3500000000e+01 -7.0000000000e+00 1.2000000000e+01
4.7634944253e-05 -1.4000000000e+01 -7.0000000000e+00 1.2000000000e+01
4.1228446007e-05 -1.1000000000e+01 -7.0000000000e+00 7.0000000000e+00
2.6361297266e-03 -1.1500000000e+01 -7.0000000000e+00 1.1500000000e+01
2.2290988020e-03 -1.1000000000e+01 -7.0000000000e+00 1.1500000000e+01
2.3988685531e-03 -1.2000000000e+01 -7.0000000000e+00 1.1500000000e+01
1.3960232026e-03 -1.0500000000e+01 -7.0000000000e+00 1.1500000000e+01
1.6252254642e-03 -1.2500000000e+01 -7.0000000000e+00 1.1500000000e+01
6.5083646914e-04 -1.0000000000e+01 -7.0000000000e+00 1.1500000000e+01
8.3235400031e-04 -1.3000000000e+01 -7.0000000000e+00 1.1500000000e+01
2.2228506742e-04 -9.5000000000e+00 -7.0000000000e+00 1.1500000000e+01
3.1440032662e-04 -1.3500000000e+01 -7.0000000000e+00 1.1500000000e+01
5.4207239851e-05 -9.0000000000e+00 -7.0000000000e+00 1.1500000000e+01
8.7168452738e-05 -1.4000000000e+01 -7.0000000000e+00 1.1500000000e+01
1.3085645477e-04 -1.1500000000e+01 -7.0000000000e+00 7.5000000000e+00
1.3693606893e-04 -1.1000000000e+01 -7.0000000000e+00 7.5000000000e+00
8.8702567474e-05 -1.2000000000e+01 -7.0000000000e+00 7.5000000000e+00
1.1490353376e-04 -1.0500000000e+01 -7.0000000000e+00 7.5000000000e+00
4.7708462573e-05 -1.2500000000e+01 -7.0000000000e+00 7.5000000000e+00
7.0914359264e-05 -1.0000000000e+01 -7.0000000000e+00 7.5000000000e+00
4.0318918646e-05 -1.3000000000e+01 -7.0000000000e+00 7.5000000000e+00
4.2626540587e-03 -1.1500000000e+01 -7.0000000000e+00 1.1000000000e+01
3.7127437979e-03 -1.1000000000e+01 -7.0000000000e+00 1.1000000000e+01
3.7153584292e-03 -1.2000000000e+01 -7.0000000000e+00 1.1000000000e+01
2.4154314266e-03 -1.0500000000e+01 -7.0000000000e+00 1.1000000000e+01
2.4335689476e-03 -1.2500000000e+01 -7.0000000000e+00 1.1000000000e+01
1.1710425739e-03 -1.0000000000e+01 -7.0000000000e+00 1.1000000000e+01
1.1968557031e-03 -1.3000000000e+01 -7.0000000000e+00 1.1000000000e+01
4.1696951889e-04 -9.5000000000e+00 -7.0000000000e+00 1.1000000000e+01
4.3083415406e-04 -1.3500000000e+01 -7.0000000000e+00 1.1000000000e+01
1.0630598488e-04 -9.0000000000e+00 -7.0000000000e+00 1.1000000000e+01
1.1352795199e-04 -1.4000000000e+01 -7.0000000000e+00 1.1000000000e+01
4.5695102506e-04 -1.1500000000e+01 -7.0000000000e+00 8.0000000000e+00
4.6406900785e-04 -1.1000000000e+01 -7.0000000000e+00 8.0000000000e+00
3.2222904391e-04 -1.2000000000e+01 -7.0000000000e+00 8.0000000000e+00
3.7641697593e-04 -1.0500000000e+01 -7.0000000000e+00 8.0000000000e+00
1.7326867145e-04 -1.2500000000e+01 -7.0000000000e+00 8.0000000000e+00
2.2227929538e-04 -1.0000000000e+01 -7.0000000000e+00 8.0000000000e+00
7.1573322977e-05 -1.3000000000e+01 -7.0000000000e+00 8.0000000000e+00
9.7389959602e-05 -9.5000000000e+00 -7.0000000000e+00 8.0000000000e+00
5.2593959158e-03 -1.1500000000e+01 -7.0000000000e+00 1.0500000000e+01
4.7520937049e-03 -1.1000000000e+01 -7.0000000000e+00 1.0500000000e+01
4.3838799892e-03 -1.2000000000e+01 -7.0000000000e+00 1.0500000000e+01
3.2310461558e-03 -1.0500000000e+01 -7.0000000000e+00 1.0500000000e+01
2.7709481825e-03 -1.2500000000e+01 -7.0000000000e+00 1.0500000000e+01
1.6354020734e-03 -1.0000000000e+01 -7.0000000000e+00 1.0500000000e+01
1.3163332061e-03 -1.3000000000e+01 -7.0000000000e+00 1.0500000000e+01
6.0763148120e-04 -9.5000000000e+00 -7.0000000000e+00 1.0500000000e+01
4.5820127969e-04 -1.3500000000e+01 -7.0000000000e+00 1.0500000000e+01
1.6193081011e-04 -9.0000000000e+00 -7.0000000000e+00 1.0500000000e+01
1.1786945891e-04 -1.4000000000e+01 -7.0000000000e+00 1.0500000000e+01
4.9705693128e-05 -8.5000000000e+00 -7.5000000000e+00 1.0500000000e+01
5.9737385843e-05 -8.5000000000e+00 -8.0000000000e+00 1.0500000000e+01
6.0248505550e-05 -8.5000000000e+00 -8.5000000000e+00 1.0500000000e+01
4.8904316542e-05 -8.5000000000e+00 -9.0000000000e+00 1.0500000000e+01
1.2409283563e-03 -1.1500000000e+01 -7.0000000000e+00 8.5000000000e+00
1.2287971595e-03 -1.1000000000e+01 -7.0000000000e+00 8.5000000000e+00
9.1276014144e-04 -1.2000000000e+01 -7.0000000000e+00 8.5000000000e+00
9.5837982835e-04 -1.0500000000e+01 -7.0000000000e+00 8.5000000000e+00
5.0859936888e-04 -1.2500000000e+01 -7.0000000000e+00 8.5000000000e+00
5.4660085349e-04 -1.0000000000e+01 -7.0000000000e+00 8.5000000000e+00
2.0821952615e-04 -1.3000000000e+01 -7.0000000000e+00 8.5000000000e+00
2.3104341057e-04 -9.5000000000e+00 -7.0000000000e+00 8.5000000000e+00
6.6072342602e-05 -1.3500000000e+01 -7.0000000000e+00 8.5000000000e+00
7.1562279121e-05 -9.0000000000e+00 -7.0000000000e+00 8.5000000000e+00
5.2907952391e-03 -1.1500000000e+01 -7.0000000000e+00 1.0000000000e+01
4.8656211507e-03 -1.1000000000e+01 -7.0000000000e+00 1.0000000000e+01
4.3170127237e-03 -1.2000000000e+01 -7.0000000000e+00 1.0000000000e+01
3.3916979333e-03 -1.0500000000e+01 -7.0000000000e+00 1.0000000000e+01
2.6713605966e-03 -1.2500000000e+01 -7.0000000000e+00 1.0000000000e+01
1.7654750959e-03 -1.0000000000e+01 -7.0000000000e+00 1.0000000000e+01
1.2374484057e-03 -1.3000000000e+01 -7.0000000000e+00 1.0000000000e+01
6.7795210761e-04 -9.5000000000e+00 -7.0000000000e+00 1.0000000000e+01
4.1682172748e-04 -1.3500000000e+01 -7.0000000000e+00 1.0000000000e+01
1.8844364196e-04 -9.0000000000e+00 -7.0000000000e+00 1.0000000000e+01
1.0312889495e-04 -1.4000000000e+01 -7.0000000000e+00 1.0000000000e+01
6.0288759862e-05 -8.5000000000e+00 -7.5000000000e+00 1.0000000000e+01
7.1768274606e-05 -8.5000000000e+00 -8.0000000000e+00 1.0000000000e+01
7.1921303124e-05 -8.5000000000e+00 -8.5000000000e+00 1.0000000000e+01
5.7694997717e-05 -8.5000000000e+00 -9.0000000000e+00 1.0000000000e+01
2.5741925713e-03 -1.1500000000e+01 -7.0000000000e+00 9.0000000000e+00
2.4960149075e-03 -1.1000000000e+01 -7.0000000000e+00 9.0000000000e+00
1.9624885418e-03 -1.2000000000e+01 -7.0000000000e+00 9.0000000000e+00
1.8771083647e-03 -1.0500000000e+01 -7.0000000000e+00 9.0000000000e+00
1.1303267458e-03 -1.2500000000e+01 -7.0000000000e+00 9.0000000000e+00
1.0402060286e-03 -1.0000000000e+01 -7.0000000000e+00 9.0000000000e+00
4.8519847548e-04 -1.3000000000e+01 -7.0000000000e+00 9.0000000000e+00
4.2657510526e-04 -9.5000000000e+00 -7.0000000000e+00 9.0000000000e+00
1.5070709609e-04 -1.3500000000e+01 -7.0000000000e+00 9.0000000000e+00
1.2723158882e-04 -9.0000000000e+00 -7.0000000000e+00 9.0000000000e+00
4.0489627706e-05 -1.4500000000e+01 -7.0000000000e+00 1.0000000000e+01
4.3911241569e-05 -8.5000000000e+00 -7.5000000000e+00 9.0000000000e+00
5.3031607899e-05 -8.5000000000e+00 -8.0000000000e+00 9.0000000000e+00
5.2806405783e-05 -8.5000000000e+00 -8.5000000000e+00 9.0000000000e+00
4.1946191083e-05 -8.5000000000e+00 -9.0000000000e+00 9.0000000000e+00
4.2338224351e-03 -1.1500000000e+01 -7.0000000000e+00 9.5000000000e+00
4.0095964358e-03 -1.1000000000e+01 -7.0000000000e+00 9.5000000000e+00
3.3286704769e-03 -1.2000000000e+01 -7.0000000000e+00 9.5000000000e+00
2.9056956480e-03 -1.0500000000e+01 -7.0000000000e+00 9.5000000000e+00
1.9856612036e-03 -1.2500000000e+01 -7.0000000000e+00 9.5000000000e+00
1.5635404079e-03 -1.0000000000e+01 -7.0000000000e+00 9.5000000000e+00
8.8285016991e-04 -1.3000000000e+01 -7.0000000000e+00 9.5000000000e+00
6.2045285448e-04 -9.5000000000e+00 -7.0000000000e+00 9.5000000000e+00
2.8438537686e-04 -1.3500000000e+01 -7.0000000000e+00 9.5000000000e+00
1.7807446344e-04 -9.0000000000e+00 -7.0000000000e+00 9.5000000000e+00
6.5610361254e-05 -1.4000000000e+01 -7.0000000000e+00 9.5000000000e+00
5.9364179790e-05 -8.5000000000e+00 -7.5000000000e+00 9.5000000000e+00
7.1671275761e-05 -8.5000000000e+00 -8.0000000000e+00 9.5000000000e+00
7.1964926998e-05 -8.5000000000e+00 -8.5000000000e+00 9.5000000000e+00
5.8133783343e-05 -8.5000000000e+00 -9.0000000000e+00 9.5000000000e+00
4.9356405087e-05 -1.2000000000e+01 -8.5000000000e+00 1.3000000000e+01
9.5655453111e-05 -1.2000000000e+01 -8.0000000000e+00 1.3000000000e+01
7.1421889509e-05 -1.2500000000e+01 -8.0000000000e+00 1.3000000000e+01
4.0740836425e-05 -1.3000000000e+01 -8.0000000000e+00 1.3000000000e+01
1.0631557137e-04 -1.2000000000e+01 -7.5000000000e+00 1.3000000000e+01
1.0054760714e-04 -1.2000000000e+01 -7.0000000000e+00 1.3000000000e+01
7.7603463903e-05 -1.2500000000e+01 -7.0000000000e+00 1.3000000000e+01
4.4927683001e-05 -1.3000000000e+01 -7.0000000000e+00 1.3000000000e+01
5.8417410710e-05 -1.2500000000e+01 -6.5000000000e+00 1.3000000000e+01
4.7139281542e-05 -1.1000000000e+01 -6.5000000000e+00 1.3000000000e+01
7.4253165095e-05 -1.2000000000e+01 -6.5000000000e+00 1.3000000000e+01
6.7347588962e-05 -1.1500000000e+01 -6.5000000000e+00 1.3000000000e+01
2.9439068791e-04 -1.2000000000e+01 -6.5000000000e+00 1.2500000000e+01
5.6863177664e-05 -1.3500000000e+01 -6.5000000000e+00 1.2500000000e+01
5.4297389887e-05 -1.0000000000e+01 -6.5000000000e+00 1.2500000000e+01
1.2797389188e-04 -1.3000000000e+01 -6.5000000000e+00 1.2500000000e+01
1.2549074225e-04 -1.0500000000e+01 -6.5000000000e+00 1.2500000000e+01
2.2080930072e-04 -1.2500000000e+01 -6.5000000000e+00 1.2500000000e+01
2.2081014544e-04 -1.1000000000e+01 -6.5000000000e+00 1.2500000000e+01
2.8587462681e-04 -1.1500000000e+01 -6.5000000000e+00 1.2500000000e+01
6.7624179685e-05 -1.1000000000e+01 -7.0000000000e+00 1.3000000000e+01
9.3600817879e-05 -1.1500000000e+01 -7.0000000000e+00 1.3000000000e+01
4.7253726932e-05 -1.3000000000e+01 -7.5000000000e+00 1.3000000000e+01
8.1587632916e-05 -1.2500000000e+01 -7.5000000000e+00 1.3000000000e+01
7.3156637119e-05 -1.1000000000e+01 -7.5000000000e+00 1.3000000000e+01
7.4749825329e-04 -1.2000000000e+01 -6.5000000000e+00 1.2000000000e+01
5.3879588723e-04 -1.2500000000e+01 -6.5000000000e+00 1.2000000000e+01
2.9600680081e-04 -1.3000000000e+01 -6.5000000000e+00 1.2000000000e+01
5.1635986071e-05 -9.5000000000e+00 -6.5000000000e+00 1.2000000000e+01
1.2322120239e-04 -1.3500000000e+01 -6.5000000000e+00 1.2000000000e+01
1.5603585705e-04 -1.0000000000e+01 -6.5000000000e+00 1.2000000000e+01
3.5502578263e-04 -1.0500000000e+01 -6.5000000000e+00 1.2000000000e+01
6.0570891268e-04 -1.1000000000e+01 -6.5000000000e+00 1.2000000000e+01
7.5405415432e-04 -1.1500000000e+01 -6.5000000000e+00 1.2000000000e+01
1.0005849704e-04 -1.1500000000e+01 -7.5000000000e+00 1.3000000000e+01
1.4534912246e-03 -1.2000000000e+01 -6.5000000000e+00 1.1500000000e+01
1.0160474588e-03 -1.2500000000e+01 -6.5000000000e+00 1.1500000000e+01
2.1434224559e-04 -1.3500000000e+01 -6.5000000000e+00 1.1500000000e+01
6.0905609205e-05 -1.4000000000e+01 -6.5000000000e+00 1.1500000000e+01
5.0866030198e-05 -1.2000000000e+01 -6.5000000000e+00 7.5000000000e+00
7.2302259963e-05 -1.1500000000e+01 -6.5000000000e+00 7.5000000000e+00
5.9985507354e-05 -1.0500000000e+01 -6.5000000000e+00 7.5000000000e+00
7.3588917307e-05 -1.1000000000e+01 -6.5000000000e+00 7.5000000000e+00
1.1979126049e-04 -9.5000000000e+00 -6.5000000000e+00 1.1500000000e+01
3.5441752268e-04 -1.0000000000e+01 -6.5000000000e+00 1.1500000000e+01
5.3918006617e-04 -1.3000000000e+01 -6.5000000000e+00 1.1500000000e+01
7.7651271473e-04 -1.0500000000e+01 -6.5000000000e+00 1.1500000000e+01
1.2712129081e-03 -1.1000000000e+01 -6.5000000000e+00 1.1500000000e+01
1.5354230887e-03 -1.1500000000e+01 -6.5000000000e+00 1.1500000000e+01
6.7825834903e-05 -1.1000000000e+01 -8.0000000000e+00 1.3000000000e+01
9.1701874148e-05 -1.1500000000e+01 -8.0000000000e+00 1.3000000000e+01
2.2078075790e-03 -1.2000000000e+01 -6.5000000000e+00 1.1000000000e+01
1.4935905927e-03 -1.2500000000e+01 -6.5000000000e+00 1.1000000000e+01
7.6278387266e-04 -1.3000000000e+01 -6.5000000000e+00 1.1000000000e+01
2.9071531568e-04 -1.3500000000e+01 -6.5000000000e+00 1.1000000000e+01
7.9155267381e-05 -1.4000000000e+01 -6.5000000000e+00 1.1000000000e+01
5.5981858056e-05 -9.0000000000e+00 -6.5000000000e+00 1.1000000000e+01
2.2035709349e-04 -9.5000000000e+00 -6.5000000000e+00 1.1000000000e+01
6.2809224157e-04 -1.0000000000e+01 -6.5000000000e+00 1.1000000000e+01
1.8005700480e-04 -1.2000000000e+01 -6.5000000000e+00 8.0000000000e+00
2.4429692347e-04 -1.1500000000e+01 -6.5000000000e+00 8.0000000000e+00
1.0507806126e-04 -1.2500000000e+01 -6.5000000000e+00 8.0000000000e+00
5.0717012272e-05 -1.3000000000e+01 -6.5000000000e+00 8.0000000000e+00
4.8823637455e-05 -9.5000000000e+00 -6.5000000000e+00 8.0000000000e+00
1.1181200145e-04 -1.0000000000e+01 -6.5000000000e+00 8.0000000000e+00
1.9150230869e-04 -1.0500000000e+01 -6.5000000000e+00 8.0000000000e+00
2.4321205258e-04 -1.1000000000e+01 -6.5000000000e+00 8.0000000000e+00
1.3223440186e-03 -1.0500000000e+01 -6.5000000000e+00 1.1000000000e+01
2.0825551636e-03 -1.1000000000e+01 -6.5000000000e+00 1.1000000000e+01
2.4456012714e-03 -1.1500000000e+01 -6.5000000000e+00 1.1000000000e+01
2.5811621383e-03 -1.2000000000e+01 -6.5000000000e+00 1.0500000000e+01
2.9910133426e-03 -1.1500000000e+01 -6.5000000000e+00 1.0500000000e+01
1.6882468964e-03 -1.2500000000e+01 -6.5000000000e+00 1.0500000000e+01
8.3483307325e-04 -1.3000000000e+01 -6.5000000000e+00 1.0500000000e+01
3.0935020069e-04 -1.3500000000e+01 -6.5000000000e+00 1.0500000000e+01
8.2182267185e-05 -1.4000000000e+01 -6.5000000000e+00 1.0500000000e+01
8.3946760001e-05 -9.0000000000e+00 -6.5000000000e+00 1.0500000000e+01
3.1729787128e-04 -9.5000000000e+00 -6.5000000000e+00 1.0500000000e+01
8.6811886408e-04 -1.0000000000e+01 -6.5000000000e+00 1.0500000000e+01
5.0349326163e-04 -1.2000000000e+01 -6.5000000000e+00 8.5000000000e+00
6.6218083881e-04 -1.1500000000e+01 -6.5000000000e+00 8.5000000000e+00
2.9306506554e-04 -1.2500000000e+01 -6.5000000000e+00 8.5000000000e+00
1.3219400070e-04 -1.3000000000e+01 -6.5000000000e+00 8.5000000000e+00
4.5236601565e-05 -1.3500000000e+01 -6.5000000000e+00 8.5000000000e+00
1.1540561908e-04 -9.5000000000e+00 -6.5000000000e+00 8.5000000000e+00
2.7481431953e-04 -1.0000000000e+01 -6.5000000000e+00 8.5000000000e+00
2.4891813434e-03 -1.2000000000e+01 -6.5000000000e+00 1.0000000000e+01
2.9604387221e-03 -1.1500000000e+01 -6.5000000000e+00 1.0000000000e+01
1.5875023955e-03 -1.2500000000e+01 -6.5000000000e+00 1.0000000000e+01
7.6282643736e-04 -1.3000000000e+01 -6.5000000000e+00 1.0000000000e+01
2.7393872437e-04 -1.3500000000e+01 -6.5000000000e+00 1.0000000000e+01
6.8749360443e-05 -1.4000000000e+01 -6.5000000000e+00 1.0000000000e+01
9.6649775931e-05 -9.0000000000e+00 -6.5000000000e+00 1.0000000000e+01
3.5205526948e-04 -9.5000000000e+00 -6.5000000000e+00 1.0000000000e+01
9.2918333551e-04 -1.0000000000e+01 -6.5000000000e+00 1.0000000000e+01
1.8170365020e-03 -1.0500000000e+01 -6.5000000000e+00 1.0000000000e+01
2.6648466914e-03 -1.1000000000e+01 -6.5000000000e+00 1.0000000000e+01
4.8848112299e-04 -1.0500000000e+01 -6.5000000000e+00 8.5000000000e+00
1.0953000375e-03 -1.2000000000e+01 -6.5000000000e+00 9.0000000000e+00
6.5524027375e-04 -1.2500000000e+01 -6.5000000000e+00 9.0000000000e+00
2.9638364100e-04 -1.3000000000e+01 -6.5000000000e+00 9.0000000000e+00
1.0422910392e-04 -1.3500000000e+01 -6.5000000000e+00 9.0000000000e+00
6.4061311516e-05 -9.0000000000e+00 -6.5000000000e+00 9.0000000000e+00
2.1506346781e-04 -9.5000000000e+00 -6.5000000000e+00 9.0000000000e+00
5.3029476870e-04 -1.0000000000e+01 -6.5000000000e+00 9.0000000000e+00
9.7107265725e-04 -1.0500000000e+01 -6.5000000000e+00 9.0000000000e+00
1.8793613770e-03 -1.2000000000e+01 -6.5000000000e+00 9.5000000000e+00
1.1573140242e-03 -1.2500000000e+01 -6.5000000000e+00 9.5000000000e+00
5.3756316352e-04 -1.3000000000e+01 -6.5000000000e+00 9.5000000000e+00
1.8883785997e-04 -1.3500000000e+01 -6.5000000000e+00 9.5000000000e+00
5.0372294207e-05 -1.4000000000e+01 -6.5000000000e+00 9.5000000000e+00
1.3949864206e-04 -1.1500000000e+01 -6.0000000000e+00 1.2500000000e+01
1.0333841299e-04 -1.1000000000e+01 -6.0000000000e+00 1.2500000000e+01
5.7670777143e-05 -1.0500000000e+01 -6.0000000000e+00 1.2500000000e+01
7.3952530307e-05 -1.3000000000e+01 -6.0000000000e+00 1.2500000000e+01
1.1734827075e-04 -1.2500000000e+01 -6.0000000000e+00 1.2500000000e+01
1.4854826164e-04 -1.2000000000e+01 -6.0000000000e+00 1.2500000000e+01
3.4697575007e-04 -1.1500000000e+01 -6.0000000000e+00 1.2000000000e+01
2.6945260625e-04 -1.1000000000e+01 -6.0000000000e+00 1.2000000000e+01
1.5474031759e-04 -1.0500000000e+01 -6.0000000000e+00 1.2000000000e+01
6.9534940532e-05 -1.3500000000e+01 -6.0000000000e+00 1.2000000000e+01
6.7084764168e-05 -1.0000000000e+01 -6.0000000000e+00 1.2000000000e+01
1.5515887823e-04 -1.3000000000e+01 -6.0000000000e+00 1.2000000000e+01
2.6785819383e-04 -1.2500000000e+01 -6.0000000000e+00 1.2000000000e+01
3.5649475364e-04 -1.2000000000e+01 -6.0000000000e+00 1.2000000000e+01
4.8762543846e-05 -9.5000000000e+00 -6.0000000000e+00 1.1500000000e+01
1.1560681501e-04 -1.3500000000e+01 -6.0000000000e+00 1.1500000000e+01
1.4693937016e-04 -1.0000000000e+01 -6.0000000000e+00 1.1500000000e+01
2.7009493043e-04 -1.3000000000e+01 -6.0000000000e+00 1.1500000000e+01
3.2789430527e-04 -1.0500000000e+01 -6.0000000000e+00 1.1500000000e+01
4.8636155805e-04 -1.2500000000e+01 -6.0000000000e+00 1.1500000000e+01
5.5069755548e-04 -1.1000000000e+01 -6.0000000000e+00 1.1500000000e+01
6.7253164889e-04 -1.2000000000e+01 -6.0000000000e+00 1.1500000000e+01
6.8115493998e-04 -1.1500000000e+01 -6.0000000000e+00 1.1500000000e+01
9.9467492946e-04 -1.2000000000e+01 -6.0000000000e+00 1.1000000000e+01
1.0574015673e-03 -1.1500000000e+01 -6.0000000000e+00 1.1000000000e+01
3.7214968003e-04 -1.3000000000e+01 -6.0000000000e+00 1.1000000000e+01
5.4465857079e-04 -1.0500000000e+01 -6.0000000000e+00 1.1000000000e+01
4.6366775390e-05 -1.4000000000e+01 -6.0000000000e+00 1.1000000000e+01
6.4963000348e-05 -1.0500000000e+01 -6.0000000000e+00 8.0000000000e+00
8.6017603424e-05 -1.1000000000e+01 -6.0000000000e+00 8.0000000000e+00
6.8517304811e-05 -1.2000000000e+01 -6.0000000000e+00 8.0000000000e+00
8.8915174630e-05 -1.1500000000e+01 -6.0000000000e+00 8.0000000000e+00
8.7520067048e-05 -9.5000000000e+00 -6.0000000000e+00 1.1000000000e+01
1.5329032669e-04 -1.3500000000e+01 -6.0000000000e+00 1.1000000000e+01
2.5345078447e-04 -1.0000000000e+01 -6.0000000000e+00 1.1000000000e+01
6.9569534263e-04 -1.2500000000e+01 -6.0000000000e+00 1.1000000000e+01
1.6048542994e-04 -1.3500000000e+01 -6.0000000000e+00 1.0500000000e+01
4.7164883266e-05 -1.4000000000e+01 -6.0000000000e+00 1.0500000000e+01
1.2403033586e-04 -9.5000000000e+00 -6.0000000000e+00 1.0500000000e+01
3.4342141746e-04 -1.0000000000e+01 -6.0000000000e+00 1.0500000000e+01
1.2062404404e-04 -1.2500000000e+01 -6.0000000000e+00 8.5000000000e+00
5.4603286751e-05 -1.3000000000e+01 -6.0000000000e+00 8.5000000000e+00
9.6242326240e-05 -1.0000000000e+01 -6.0000000000e+00 8.5000000000e+00
1.7274715556e-04 -1.0500000000e+01 -6.0000000000e+00 8.5000000000e+00
2.3541453233e-04 -1.1000000000e+01 -6.0000000000e+00 8.5000000000e+00
1.9606304588e-04 -1.2000000000e+01 -6.0000000000e+00 8.5000000000e+00
2.4780776549e-04 -1.1500000000e+01 -6.0000000000e+00 8.5000000000e+00
4.0074566248e-04 -1.3000000000e+01 -6.0000000000e+00 1.0500000000e+01
7.0590425163e-04 -1.0500000000e+01 -6.0000000000e+00 1.0500000000e+01
3.5335830947e-04 -1.3000000000e+01 -6.0000000000e+00 1.0000000000e+01
7.1588884711e-04 -1.0500000000e+01 -6.0000000000e+00 1.0000000000e+01
1.3703488306e-04 -1.3500000000e+01 -6.0000000000e+00 1.0000000000e+01
5.0271365216e-05 -1.4000000000e+01 -6.0000000000e+00 1.0000000000e+01
1.3542372086e-04 -9.5000000000e+00 -6.0000000000e+00 1.0000000000e+01
2.7445958454e-04 -1.2500000000e+01 -6.0000000000e+00 9.0000000000e+00
5.0201636084e-04 -1.1000000000e+01 -6.0000000000e+00 9.0000000000e+00
1.3380882087e-04 -1.3000000000e+01 -6.0000000000e+00 9.0000000000e+00
5.5800695593e-05 -1.3500000000e+01 -6.0000000000e+00 9.0000000000e+00
7.7422992086e-05 -9.5000000000e+00 -6.0000000000e+00 9.0000000000e+00
1.9107556714e-04 -1.0000000000e+01 -6.0000000000e+00 9.0000000000e+00
3.5692642321e-04 -1.0500000000e+01 -6.0000000000e+00 9.0000000000e+00
9.2215419479e-04 -1.1500000000e+01 -6.0000000000e+00 9.5000000000e+00
8.3572814431e-04 -1.1000000000e+01 -6.0000000000e+00 9.5000000000e+00
9.2221558295e-05 -1.3500000000e+01 -6.0000000000e+00 9.5000000000e+00
5.5650599470e-05 -1.2000000000e+01 -5.5000000000e+00 1.2500000000e+01
4.6437651284e-05 -1.2500000000e+01 -5.5000000000e+00 1.2500000000e+01
4.9202253013e-05 -1.1500000000e+01 -5.5000000000e+00 1.2500000000e+01
1.1630410253e-04 -1.1500000000e+01 -5.5000000000e+00 1.2000000000e+01
1.2521133691e-04 -1.2000000000e+01 -5.5000000000e+00 1.2000000000e+01
8.6486391119e-05 -1.1000000000e+01 -5.5000000000e+00 1.2000000000e+01
6.1160481069e-05 -1.3000000000e+01 -5.5000000000e+00 1.2000000000e+01
4.5828897200e-05 -1.0500000000e+01 -5.5000000000e+00 1.2000000000e+01
9.8923154952e-05 -1.2500000000e+01 -5.5000000000e+00 1.2000000000e+01
2.1635997356e-04 -1.1500000000e+01 -5.5000000000e+00 1.1500000000e+01
1.6339844138e-04 -1.1000000000e+01 -5.5000000000e+00 1.1500000000e+01
4.9856822249e-05 -1.3500000000e+01 -5.5000000000e+00 1.1500000000e+01
1.0490906139e-04 -1.3000000000e+01 -5.5000000000e+00 1.1500000000e+01
9.4301764185e-05 -1.0500000000e+01 -5.5000000000e+00 1.1500000000e+01
1.7249525470e-04 -1.2500000000e+01 -5.5000000000e+00 1.1500000000e+01
2.2525799495e-04 -1.2000000000e+01 -5.5000000000e+00 1.1500000000e+01
6.2837768331e-05 -1.3500000000e+01 -5.5000000000e+00 1.1000000000e+01
6.3962858448e-05 -1.0000000000e+01 -5.5000000000e+00 1.1000000000e+01
1.3646361663e-04 -1.3000000000e+01 -5.5000000000e+00 1.1000000000e+01
1.4382807985e-04 -1.0500000000e+01 -5.5000000000e+00 1.1000000000e+01
3.4970235530e-04 -1.1500000000e+01 -5.5000000000e+00 1.0500000000e+01
3.4102250520e-04 -1.2000000000e+01 -5.5000000000e+00 1.0500000000e+01
2.8623919137e-04 -1.1000000000e+01 -5.5000000000e+00 1.0500000000e+01
6.0565112406e-05 -1.3500000000e+01 -5.5000000000e+00 1.0500000000e+01
7.9048867834e-05 -1.0000000000e+01 -5.5000000000e+00 1.0500000000e+01
1.3960318111e-04 -1.3000000000e+01 -5.5000000000e+00 1.0500000000e+01
1.7501777540e-04 -1.0500000000e+01 -5.5000000000e+00 1.0500000000e+01
2.4615706840e-04 -1.2500000000e+01 -5.5000000000e+00 1.0500000000e+01
2.8765557857e-04 -1.2000000000e+01 -5.5000000000e+00 1.0000000000e+01
4.4175242706e-05 -1.3500000000e+01 -5.5000000000e+00 1.0000000000e+01
1.0721648374e-04 -1.1500000000e+01 -5.5000000000e+00 9.0000000000e+00
9.4568421833e-05 -1.1000000000e+01 -5.5000000000e+00 9.0000000000e+00
6.4008475994e-05 -1.0500000000e+01 -5.5000000000e+00 9.0000000000e+00
6.4711811618e-05 -1.2500000000e+01 -5.5000000000e+00 9.0000000000e+00
9.3481762038e-05 -1.2000000000e+01 -5.5000000000e+00 9.0000000000e+00
7.9488033865e-05 -1.0000000000e+01 -5.5000000000e+00 1.0000000000e+01
1.1213290417e-04 -1.3000000000e+01 -5.5000000000e+00 1.0000000000e+01
1.6372491185e-04 -1.0500000000e+01 -5.5000000000e+00 1.0000000000e+01
2.0203280190e-04 -1.2500000000e+01 -5.5000000000e+00 1.0000000000e+01
2.5886777348e-04 -1.1000000000e+01 -5.5000000000e+00 1.0000000000e+01
3.0793423760e-04 -1.1500000000e+01 -5.5000000000e+00 1.0000000000e+01
1.8588876110e-04 -1.2000000000e+01 -5.5000000000e+00 9.5000000000e+00
2.0648868528e-04 -1.1500000000e+01 -5.5000000000e+00 9.5000000000e+00
1.3079860856e-04 -1.2500000000e+01 -5.5000000000e+00 9.5000000000e+00
7.2504808226e-05 -1.3000000000e+01 -5.5000000000e+00 9.5000000000e+00
4.6568997392e-05 -1.2000000000e+01 -5.0000000000e+00 1.1000000000e+01
4.3489505296e-05 -1.1500000000e+01 -5.0000000000e+00 1.1000000000e+01
4.4854157950e-05 -1.2000000000e+01 -5.0000000000e+00 1.0500000000e+01
4.3562937284e-05 -1.1500000000e+01 -5.0000000000e+00 1.0500000000e+01
5.8050594168e-05 -1.0000000000e+01 -5.5000000000e+00 9.5000000000e+00
1.1691829001e-04 -1.0500000000e+01 -5.5000000000e+00 9.5000000000e+00
1.7794132946e-04 -1.1000000000e+01 -5.5000000000e+00 9.5000000000e+00
2.3342435720e-04 -1.2500000000e+01 -5.5000000000e+00 1.1000000000e+01
2.4682465245e-04 -1.1000000000e+01 -5.5000000000e+00 1.1000000000e+01
3.1618390852e-04 -1.2000000000e+01 -5.5000000000e+00 1.1000000000e+01
3.1293889232e-04 -1.1500000000e+01 -5.5000000000e+00 1.1000000000e+01
1.1666717965e-04 -9.5000000000e+00 -6.0000000000e+00 9.5000000000e+00
3.0004893315e-04 -1.0000000000e+01 -6.0000000000e+00 9.5000000000e+00
2.4435603394e-04 -1.3000000000e+01 -6.0000000000e+00 9.5000000000e+00
5.7534752392e-04 -1.0500000000e+01 -6.0000000000e+00 9.5000000000e+00
4.9768999667e-04 -1.2500000000e+01 -6.0000000000e+00 9.5000000000e+00
7.7458055870e-04 -1.2000000000e+01 -6.0000000000e+00 9.5000000000e+00
4.3903271022e-04 -1.2000000000e+01 -6.0000000000e+00 9.0000000000e+00
5.4010293547e-04 -1.1500000000e+01 -6.0000000000e+00 9.0000000000e+00
3.6038962463e-04 -1.0000000000e+01 -6.0000000000e+00 1.0000000000e+01
7.0135147146e-04 -1.2500000000e+01 -6.0000000000e+00 1.0000000000e+01
1.0755572969e-03 -1.1000000000e+01 -6.0000000000e+00 1.0000000000e+01
1.0617174911e-03 -1.2000000000e+01 -6.0000000000e+00 1.0000000000e+01
1.2211307700e-03 -1.1500000000e+01 -6.0000000000e+00 1.0000000000e+01
7.7324016101e-04 -1.2500000000e+01 -6.0000000000e+00 1.0500000000e+01
1.0935692281e-03 -1.1000000000e+01 -6.0000000000e+00 1.0500000000e+01
1.1396171613e-03 -1.2000000000e+01 -6.0000000000e+00 1.0500000000e+01
1.2709772925e-03 -1.1500000000e+01 -6.0000000000e+00 1.0500000000e+01
8.8137135233e-04 -1.1000000000e+01 -6.0000000000e+00 1.1000000000e+01
8.9593781574e-05 -9.0000000000e+00 -6.5000000000e+00 9.5000000000e+00
3.1537952550e-04 -9.5000000000e+00 -6.5000000000e+00 9.5000000000e+00
8.0478516085e-04 -1.0000000000e+01 -6.5000000000e+00 9.5000000000e+00
1.5201396020e-03 -1.0500000000e+01 -6.5000000000e+00 9.5000000000e+00
2.1498541519e-03 -1.1000000000e+01 -6.5000000000e+00 9.5000000000e+00
2.3190807734e-03 -1.1500000000e+01 -6.5000000000e+00 9.5000000000e+00
1.3257570802e-03 -1.1000000000e+01 -6.5000000000e+00 9.0000000000e+00
1.3955162562e-03 -1.1500000000e+01 -6.5000000000e+00 9.0000000000e+00
6.4369178180e-04 -1.1000000000e+01 -6.5000000000e+00 8.5000000000e+00
1.7505585945e-03 -1.0500000000e+01 -6.5000000000e+00 1.0500000000e+01
2.6389643121e-03 -1.1000000000e+01 -6.5000000000e+00 1.0500000000e+01
4.8142619462e-05 -1.1500000000e+01 -8.5000000000e+00 1.3000000000e+01
