0.200000
4.1345749982e-05 -5.0000000000e+00 5.0000000000e-01 1.0000000000e+00
4.5827494797e-05 -5.0000000000e+00 5.0000000000e-01 1.5000000000e+00
4.1641683475e-05 -5.5000000000e+00 5.0000000000e-01 2.0000000000e+00
4.3359304986e-05 -5.0000000000e+00 5.0000000000e-01 2.0000000000e+00
9.5776149505e-05 -5.0000000000e+00 1.0000000000e+00 5.0000000000e-01
4.1867496516e-05 -4.0000000000e+00 1.0000000000e+00 5.0000000000e-01
8.7897442703e-05 -4.5000000000e+00 1.0000000000e+00 5.0000000000e-01
4.7969259042e-05 -6.0000000000e+00 1.0000000000e+00 1.0000000000e+00
1.5528210617e-04 -5.5000000000e+00 1.0000000000e+00 1.0000000000e+00
1.8560247423e-04 -5.0000000000e+00 1.0000000000e+00 1.0000000000e+00
1.2848561104e-04 -4.5000000000e+00 1.0000000000e+00 1.0000000000e+00
5.5394020830e-05 -6.0000000000e+00 1.0000000000e+00 1.5000000000e+00
1.9079246629e-04 -5.5000000000e+00 1.0000000000e+00 1.5000000000e+00
1.3360629853e-04 -4.5000000000e+00 1.0000000000e+00 1.5000000000e+00
2.0526904662e-04 -5.0000000000e+00 1.0000000000e+00 1.5000000000e+00
5.3556684323e-05 -6.0000000000e+00 1.0000000000e+00 2.0000000000e+00
1.8418230502e-04 -5.5000000000e+00 1.0000000000e+00 2.0000000000e+00
1.0321069425e-04 -4.5000000000e+00 1.0000000000e+00 2.0000000000e+00
1.9149751435e-04 -5.0000000000e+00 1.0000000000e+00 2.0000000000e+00
1.1174342938e-04 -5.5000000000e+00 1.0000000000e+00 2.5000000000e+00
5.7407901047e-05 -4.5000000000e+00 1.0000000000e+00 2.5000000000e+00
1.2254186520e-04 -5.0000000000e+00 1.0000000000e+00 2.5000000000e+00
5.9187430290e-05 -5.5000000000e+00 1.0000000000e+00 5.0000000000e-01
4.2895653248e-05 -5.5000000000e+00 1.5000000000e+00 0.0000000000e+00
1.1825889562e-04 -5.0000000000e+00 1.5000000000e+00 0.0000000000e+00
1.4648026302e-04 -4.5000000000e+00 1.5000000000e+00 0.0000000000e+00
1.2459254840e-04 -6.0000000000e+00 1.5000000000e+00 5.0000000000e-01
9.1103024108e-05 -4.0000000000e+00 1.5000000000e+00 0.0000000000e+00
3.0131087581e-04 -5.5000000000e+00 1.5000000000e+00 5.0000000000e-01
4.0203859451e-04 -5.0000000000e+00 1.5000000000e+00 5.0000000000e-01
1.2484842916e-04 -4.0000000000e+00 1.5000000000e+00 5.0000000000e-01
3.2362906736e-04 -4.5000000000e+00 1.5000000000e+00 5.0000000000e-01
2.7744656022e-04 -6.0000000000e+00 1.5000000000e+00 1.0000000000e+00
6.0702713931e-04 -5.5000000000e+00 1.5000000000e+00 1.0000000000e+00
6.4212613386e-04 -5.0000000000e+00 1.5000000000e+00 1.0000000000e+00
1.2422258062e-04 -4.0000000000e+00 1.5000000000e+00 1.0000000000e+00
4.3243851543e-04 -4.5000000000e+00 1.5000000000e+00 1.0000000000e+00
3.0279743823e-04 -6.0000000000e+00 1.5000000000e+00 1.5000000000e+00
6.8088572952e-04 -5.5000000000e+00 1.5000000000e+00 1.5000000000e+00
7.3807257503e-05 -4.0000000000e+00 1.5000000000e+00 1.5000000000e+00
4.4330633502e-04 -4.5000000000e+00 1.5000000000e+00 1.5000000000e+00
6.9889301348e-04 -5.0000000000e+00 1.5000000000e+00 1.5000000000e+00
2.6936269081e-04 -6.0000000000e+00 1.5000000000e+00 2.0000000000e+00
6.4144589039e-04 -5.5000000000e+00 1.5000000000e+00 2.0000000000e+00
3.5675053978e-04 -4.5000000000e+00 1.5000000000e+00 2.0000000000e+00
6.4783289348e-04 -5.0000000000e+00 1.5000000000e+00 2.0000000000e+00
1.3209846094e-04 -6.0000000000e+00 1.5000000000e+00 2.5000000000e+00
2.1575675455e-04 -4.5000000000e+00 1.5000000000e+00 2.5000000000e+00
4.3539939608e-04 -5.0000000000e+00 1.5000000000e+00 2.5000000000e+00
4.2716039869e-04 -5.5000000000e+00 1.5000000000e+00 2.5000000000e+00
9.8696041688e-05 -4.5000000000e+00 1.5000000000e+00 3.0000000000e+00
1.8385956578e-04 -5.0000000000e+00 1.5000000000e+00 3.0000000000e+00
1.4494356849e-04 -5.5000000000e+00 1.5000000000e+00 3.0000000000e+00
7.6410515626e-05 -5.0000000000e+00 2.0000000000e+00 -5.0000000000e-01
1.1639038060e-04 -6.0000000000e+00 2.0000000000e+00 0.0000000000e+00
4.9519053534e-05 -3.5000000000e+00 2.0000000000e+00 -5.0000000000e-01
1.2503705598e-04 -4.0000000000e+00 2.0000000000e+00 -5.0000000000e-01
3.1943585899e-04 -5.5000000000e+00 2.0000000000e+00 0.0000000000e+00
1.4178649433e-04 -4.5000000000e+00 2.0000000000e+00 -5.0000000000e-01
5.5100331704e-05 -3.5000000000e+00 2.0000000000e+00 0.0000000000e+00
1.3518392508e-04 -6.5000000000e+00 2.0000000000e+00 5.0000000000e-01
2.6950013642e-04 -4.0000000000e+00 2.0000000000e+00 0.0000000000e+00
5.3022947808e-04 -6.0000000000e+00 2.0000000000e+00 5.0000000000e-01
4.8564780681e-04 -4.5000000000e+00 2.0000000000e+00 0.0000000000e+00
5.1926578562e-04 -5.0000000000e+00 2.0000000000e+00 0.0000000000e+00
1.0746093472e-03 -5.5000000000e+00 2.0000000000e+00 5.0000000000e-01
1.2253585276e-03 -5.0000000000e+00 2.0000000000e+00 5.0000000000e-01
1.5422577881e-04 -6.5000000000e+00 2.0000000000e+00 1.0000000000e+00
3.3009429242e-04 -4.0000000000e+00 2.0000000000e+00 5.0000000000e-01
9.1141827051e-04 -4.5000000000e+00 2.0000000000e+00 5.0000000000e-01
8.5401387053e-04 -6.0000000000e+00 2.0000000000e+00 1.0000000000e+00
1.6733778283e-03 -5.5000000000e+00 2.0000000000e+00 1.0000000000e+00
1.7045035328e-03 -5.0000000000e+00 2.0000000000e+00 1.0000000000e+00
3.2136877582e-04 -4.0000000000e+00 2.0000000000e+00 1.0000000000e+00
1.3755405980e-04 -6.5000000000e+00 2.0000000000e+00 1.5000000000e+00
1.1300429481e-03 -4.5000000000e+00 2.0000000000e+00 1.0000000000e+00
8.7903494152e-04 -6.0000000000e+00 2.0000000000e+00 1.5000000000e+00
1.7514220222e-03 -5.5000000000e+00 2.0000000000e+00 1.5000000000e+00
1.7776024953e-03 -5.0000000000e+00 2.0000000000e+00 1.5000000000e+00
2.1134286877e-04 -4.0000000000e+00 2.0000000000e+00 1.5000000000e+00
1.1448704595e-03 -4.5000000000e+00 2.0000000000e+00 1.5000000000e+00
7.0014254188e-05 -6.5000000000e+00 2.0000000000e+00 2.0000000000e+00
7.8872458435e-04 -6.0000000000e+00 2.0000000000e+00 2.0000000000e+00
1.1207395014e-04 -4.0000000000e+00 2.0000000000e+00 2.0000000000e+00
9.4147433706e-04 -4.5000000000e+00 2.0000000000e+00 2.0000000000e+00
1.6345766896e-03 -5.0000000000e+00 2.0000000000e+00 2.0000000000e+00
1.6281666115e-03 -5.5000000000e+00 2.0000000000e+00 2.0000000000e+00
4.0098193107e-04 -6.0000000000e+00 2.0000000000e+00 2.5000000000e+00
6.0203841426e-04 -4.5000000000e+00 2.0000000000e+00 2.5000000000e+00
1.1277309837e-03 -5.0000000000e+00 2.0000000000e+00 2.5000000000e+00
1.1080899370e-03 -5.5000000000e+00 2.0000000000e+00 2.5000000000e+00
2.9571844372e-04 -4.5000000000e+00 2.0000000000e+00 3.0000000000e+00
5.2502690542e-04 -5.0000000000e+00 2.0000000000e+00 3.0000000000e+00
4.5401264042e-04 -5.5000000000e+00 2.0000000000e+00 3.0000000000e+00
9.0987023388e-05 -4.5000000000e+00 2.0000000000e+00 3.5000000000e+00
1.1500994758e-04 -5.0000000000e+00 2.0000000000e+00 3.5000000000e+00
4.7467700019e-05 -5.0000000000e+00 2.5000000000e+00 -1.0000000000e+00
7.6650924518e-05 -4.5000000000e+00 2.5000000000e+00 -1.0000000000e+00
6.0676585796e-05 -3.5000000000e+00 2.5000000000e+00 -1.0000000000e+00
9.9097353995e-05 -4.0000000000e+00 2.5000000000e+00 -1.0000000000e+00
8.6148844834e-05 -6.0000000000e+00 2.5000000000e+00 -5.0000000000e-01
2.3559671227e-04 -5.5000000000e+00 2.5000000000e+00 -5.0000000000e-01
4.2892060772e-04 -5.0000000000e+00 2.5000000000e+00 -5.0000000000e-01
4.8236371061e-04 -4.5000000000e+00 2.5000000000e+00 -5.0000000000e-01
2.2172911262e-04 -6.5000000000e+00 2.5000000000e+00 0.0000000000e+00
1.0489177540e-04 -3.5000000000e+00 2.5000000000e+00 -5.0000000000e-01
3.3109522973e-04 -4.0000000000e+00 2.5000000000e+00 -5.0000000000e-01
6.4042460863e-04 -6.0000000000e+00 2.5000000000e+00 0.0000000000e+00
1.4990549464e-03 -5.0000000000e+00 2.5000000000e+00 0.0000000000e+00
1.0824581589e-04 -3.5000000000e+00 2.5000000000e+00 0.0000000000e+00
5.9442663428e-04 -4.0000000000e+00 2.5000000000e+00 0.0000000000e+00
3.7339804786e-04 -6.5000000000e+00 2.5000000000e+00 5.0000000000e-01
1.2265281079e-03 -4.5000000000e+00 2.5000000000e+00 0.0000000000e+00
1.2587496269e-03 -5.5000000000e+00 2.5000000000e+00 0.0000000000e+00
1.5236717145e-03 -6.0000000000e+00 2.5000000000e+00 5.0000000000e-01
2.6904297766e-03 -5.5000000000e+00 2.5000000000e+00 5.0000000000e-01
2.7440112883e-03 -5.0000000000e+00 2.5000000000e+00 5.0000000000e-01
4.4467249501e-05 -3.5000000000e+00 2.5000000000e+00 5.0000000000e-01
7.1591662096e-04 -4.0000000000e+00 2.5000000000e+00 5.0000000000e-01
3.6370770559e-04 -6.5000000000e+00 2.5000000000e+00 1.0000000000e+00
1.9982417998e-03 -4.5000000000e+00 2.5000000000e+00 5.0000000000e-01
1.8479475336e-03 -6.0000000000e+00 2.5000000000e+00 1.0000000000e+00
3.4239114766e-03 -5.5000000000e+00 2.5000000000e+00 1.0000000000e+00
3.4735834973e-03 -5.0000000000e+00 2.5000000000e+00 1.0000000000e+00
7.0423121145e-04 -4.0000000000e+00 2.5000000000e+00 1.0000000000e+00
2.3596931295e-03 -4.5000000000e+00 2.5000000000e+00 1.0000000000e+00
3.1405967503e-04 -6.5000000000e+00 2.5000000000e+00 1.5000000000e+00
1.8208804185e-03 -6.0000000000e+00 2.5000000000e+00 1.5000000000e+00
5.3015389096e-04 -4.0000000000e+00 2.5000000000e+00 1.5000000000e+00
2.3809929872e-03 -4.5000000000e+00 2.5000000000e+00 1.5000000000e+00
3.5303482931e-03 -5.0000000000e+00 2.5000000000e+00 1.5000000000e+00
3.4691545564e-03 -5.5000000000e+00 2.5000000000e+00 1.5000000000e+00
1.6707744094e-04 -6.5000000000e+00 2.5000000000e+00 2.0000000000e+00
1.5562743252e-03 -6.0000000000e+00 2.5000000000e+00 2.0000000000e+00
3.2499100040e-04 -4.0000000000e+00 2.5000000000e+00 2.0000000000e+00
2.0173825627e-03 -4.5000000000e+00 2.5000000000e+00 2.0000000000e+00
3.2330160403e-03 -5.0000000000e+00 2.5000000000e+00 2.0000000000e+00
3.1842913812e-03 -5.5000000000e+00 2.5000000000e+00 2.0000000000e+00
8.2079445123e-04 -6.0000000000e+00 2.5000000000e+00 2.5000000000e+00
1.2549055925e-04 -4.0000000000e+00 2.5000000000e+00 2.5000000000e+00
1.3456657858e-03 -4.5000000000e+00 2.5000000000e+00 2.5000000000e+00
2.2590382581e-03 -5.0000000000e+00 2.5000000000e+00 2.5000000000e+00
2.1740162360e-03 -5.5000000000e+00 2.5000000000e+00 2.5000000000e+00
4.1217564671e-05 -4.0000000000e+00 2.5000000000e+00 3.0000000000e+00
6.9423272284e-04 -4.5000000000e+00 2.5000000000e+00 3.0000000000e+00
1.1137693698e-03 -5.0000000000e+00 2.5000000000e+00 3.0000000000e+00
9.6767889188e-04 -5.5000000000e+00 2.5000000000e+00 3.0000000000e+00
1.1714493571e-04 -6.0000000000e+00 2.5000000000e+00 3.0000000000e+00
2.5164432286e-04 -4.5000000000e+00 2.5000000000e+00 3.5000000000e+00
3.1333523217e-04 -5.0000000000e+00 2.5000000000e+00 3.5000000000e+00
1.3685147419e-04 -5.5000000000e+00 2.5000000000e+00 3.5000000000e+00
1.6711005807e-04 -5.5000000000e+00 3.0000000000e+00 -1.0000000000e+00
2.6687227063e-04 -5.0000000000e+00 3.0000000000e+00 -1.0000000000e+00
3.0559896561e-04 -4.5000000000e+00 3.0000000000e+00 -1.0000000000e+00
1.1962966948e-04 -3.5000000000e+00 3.0000000000e+00 -1.0000000000e+00
2.5170793849e-04 -4.0000000000e+00 3.0000000000e+00 -1.0000000000e+00
8.5510376769e-05 -6.0000000000e+00 3.0000000000e+00 -1.0000000000e+00
6.7306489877e-05 -7.0000000000e+00 3.0000000000e+00 -5.0000000000e-01
2.3218467758e-04 -6.5000000000e+00 3.0000000000e+00 -5.0000000000e-01
1.1165980944e-03 -5.5000000000e+00 3.0000000000e+00 -5.0000000000e-01
1.3349468709e-03 -5.0000000000e+00 3.0000000000e+00 -5.0000000000e-01
6.5394359089e-04 -4.0000000000e+00 3.0000000000e+00 -5.0000000000e-01
1.7902124388e-04 -3.5000000000e+00 3.0000000000e+00 -5.0000000000e-01
1.1404229153e-03 -4.5000000000e+00 3.0000000000e+00 -5.0000000000e-01
5.9121495438e-04 -6.0000000000e+00 3.0000000000e+00 -5.0000000000e-01
7.2399141653e-05 -7.0000000000e+00 3.0000000000e+00 0.0000000000e+00
1.7974642113e-03 -6.0000000000e+00 3.0000000000e+00 0.0000000000e+00
6.2036771763e-04 -6.5000000000e+00 3.0000000000e+00 0.0000000000e+00
1.8148004650e-04 -3.5000000000e+00 3.0000000000e+00 0.0000000000e+00
5.6911392663e-05 -7.0000000000e+00 3.0000000000e+00 5.0000000000e-01
1.0721004337e-03 -4.0000000000e+00 3.0000000000e+00 0.0000000000e+00
2.3673222769e-03 -4.5000000000e+00 3.0000000000e+00 0.0000000000e+00
3.0538126164e-03 -5.0000000000e+00 3.0000000000e+00 0.0000000000e+00
2.9709990139e-03 -5.5000000000e+00 3.0000000000e+00 0.0000000000e+00
6.9520209251e-04 -6.5000000000e+00 3.0000000000e+00 5.0000000000e-01
2.8798163411e-03 -6.0000000000e+00 3.0000000000e+00 5.0000000000e-01
4.7960648010e-03 -5.5000000000e+00 3.0000000000e+00 5.0000000000e-01
1.0233399532e-04 -3.5000000000e+00 3.0000000000e+00 5.0000000000e-01
1.3097543167e-03 -4.0000000000e+00 3.0000000000e+00 5.0000000000e-01
3.5071392218e-03 -4.5000000000e+00 3.0000000000e+00 5.0000000000e-01
4.8470444373e-03 -5.0000000000e+00 3.0000000000e+00 5.0000000000e-01
4.9290307895e-05 -7.0000000000e+00 3.0000000000e+00 1.0000000000e+00
6.3439821967e-04 -6.5000000000e+00 3.0000000000e+00 1.0000000000e+00
3.0667149030e-03 -6.0000000000e+00 3.0000000000e+00 1.0000000000e+00
5.5527982310e-03 -5.5000000000e+00 3.0000000000e+00 1.0000000000e+00
1.3472091883e-03 -4.0000000000e+00 3.0000000000e+00 1.0000000000e+00
4.0441982641e-03 -4.5000000000e+00 3.0000000000e+00 1.0000000000e+00
5.6693017475e-03 -5.0000000000e+00 3.0000000000e+00 1.0000000000e+00
5.3810612107e-04 -6.5000000000e+00 3.0000000000e+00 1.5000000000e+00
5.5618207604e-03 -5.5000000000e+00 3.0000000000e+00 1.5000000000e+00
1.1220965277e-03 -4.0000000000e+00 3.0000000000e+00 1.5000000000e+00
4.0761254382e-03 -4.5000000000e+00 3.0000000000e+00 1.5000000000e+00
5.7016757982e-03 -5.0000000000e+00 3.0000000000e+00 1.5000000000e+00
2.9904060053e-03 -6.0000000000e+00 3.0000000000e+00 1.5000000000e+00
3.1052292580e-04 -6.5000000000e+00 3.0000000000e+00 2.0000000000e+00
7.5381288559e-04 -4.0000000000e+00 3.0000000000e+00 2.0000000000e+00
3.5356420179e-03 -4.5000000000e+00 3.0000000000e+00 2.0000000000e+00
5.2342022185e-03 -5.0000000000e+00 3.0000000000e+00 2.0000000000e+00
5.1080060361e-03 -5.5000000000e+00 3.0000000000e+00 2.0000000000e+00
2.5372235626e-03 -6.0000000000e+00 3.0000000000e+00 2.0000000000e+00
3.5516417421e-04 -4.0000000000e+00 3.0000000000e+00 2.5000000000e+00
2.4320959870e-03 -4.5000000000e+00 3.0000000000e+00 2.5000000000e+00
3.7393217402e-03 -5.0000000000e+00 3.0000000000e+00 2.5000000000e+00
3.5834881847e-03 -5.5000000000e+00 3.0000000000e+00 2.5000000000e+00
1.4616272002e-03 -6.0000000000e+00 3.0000000000e+00 2.5000000000e+00
4.2441621892e-05 -6.5000000000e+00 3.0000000000e+00 2.5000000000e+00
1.2380740089e-04 -4.0000000000e+00 3.0000000000e+00 3.0000000000e+00
1.2970343084e-03 -4.5000000000e+00 3.0000000000e+00 3.0000000000e+00
1.9475423097e-03 -5.0000000000e+00 3.0000000000e+00 3.0000000000e+00
1.7440058130e-03 -5.5000000000e+00 3.0000000000e+00 3.0000000000e+00
3.6175121649e-04 -6.0000000000e+00 3.0000000000e+00 3.0000000000e+00
4.5290598962e-05 -4.0000000000e+00 3.0000000000e+00 3.5000000000e+00
4.9007730077e-04 -4.5000000000e+00 3.0000000000e+00 3.5000000000e+00
6.2330146280e-04 -5.0000000000e+00 3.0000000000e+00 3.5000000000e+00
3.8386119144e-04 -5.5000000000e+00 3.0000000000e+00 3.5000000000e+00
8.9202279018e-05 -4.5000000000e+00 3.0000000000e+00 4.0000000000e+00
7.5157660233e-05 -5.0000000000e+00 3.0000000000e+00 4.0000000000e+00
4.6240373640e-05 -6.5000000000e+00 3.5000000000e+00 -1.5000000000e+00
1.4373913959e-04 -5.0000000000e+00 3.5000000000e+00 -1.5000000000e+00
6.7985415501e-05 -3.5000000000e+00 3.5000000000e+00 -1.5000000000e+00
1.1530857698e-04 -4.0000000000e+00 3.5000000000e+00 -1.5000000000e+00
1.4010757346e-04 -4.5000000000e+00 3.5000000000e+00 -1.5000000000e+00
1.2546997815e-04 -5.5000000000e+00 3.5000000000e+00 -1.5000000000e+00
8.5241838967e-05 -6.0000000000e+00 3.5000000000e+00 -1.5000000000e+00
9.2881655940e-05 -7.0000000000e+00 3.5000000000e+00 -1.0000000000e+00
2.3763244858e-04 -6.5000000000e+00 3.5000000000e+00 -1.0000000000e+00
4.9943263152e-04 -6.0000000000e+00 3.5000000000e+00 -1.0000000000e+00
7.9782125873e-04 -5.5000000000e+00 3.5000000000e+00 -1.0000000000e+00
4.6413530489e-04 -4.0000000000e+00 3.5000000000e+00 -1.0000000000e+00
1.7483105720e-04 -3.5000000000e+00 3.5000000000e+00 -1.0000000000e+00
7.5232885867e-04 -4.5000000000e+00 3.5000000000e+00 -1.0000000000e+00
8.8922856524e-04 -5.0000000000e+00 3.5000000000e+00 -1.0000000000e+00
1.1083723228e-04 -7.0000000000e+00 3.5000000000e+00 -5.0000000000e-01
1.6536948315e-03 -6.0000000000e+00 3.5000000000e+00 -5.0000000000e-01
2.6361514272e-04 -3.5000000000e+00 3.5000000000e+00 -5.0000000000e-01
1.0121201685e-03 -4.0000000000e+00 3.5000000000e+00 -5.0000000000e-01
1.9765694072e-03 -4.5000000000e+00 3.5000000000e+00 -5.0000000000e-01
2.5451612399e-03 -5.0000000000e+00 3.5000000000e+00 -5.0000000000e-01
2.5221158568e-03 -5.5000000000e+00 3.5000000000e+00 -5.0000000000e-01
6.9950495747e-04 -6.5000000000e+00 3.5000000000e+00 -5.0000000000e-01
1.0726870941e-04 -7.0000000000e+00 3.5000000000e+00 0.0000000000e+00
9.5414945060e-04 -6.5000000000e+00 3.5000000000e+00 0.0000000000e+00
3.0486816420e-03 -6.0000000000e+00 3.5000000000e+00 0.0000000000e+00
2.8813732928e-04 -3.5000000000e+00 3.5000000000e+00 0.0000000000e+00
1.6104821573e-03 -4.0000000000e+00 3.5000000000e+00 0.0000000000e+00
3.5537635611e-03 -4.5000000000e+00 3.5000000000e+00 0.0000000000e+00
4.7330698403e-03 -5.0000000000e+00 3.5000000000e+00 0.0000000000e+00
4.6925198867e-03 -5.5000000000e+00 3.5000000000e+00 0.0000000000e+00
1.0127440237e-04 -7.0000000000e+00 3.5000000000e+00 5.0000000000e-01
9.2455622547e-04 -6.5000000000e+00 3.5000000000e+00 5.0000000000e-01
3.8864347647e-03 -6.0000000000e+00 3.5000000000e+00 5.0000000000e-01
6.5560968393e-03 -5.5000000000e+00 3.5000000000e+00 5.0000000000e-01
2.2366398458e-04 -3.5000000000e+00 3.5000000000e+00 5.0000000000e-01
2.0459844800e-03 -4.0000000000e+00 3.5000000000e+00 5.0000000000e-01
5.0195292362e-03 -4.5000000000e+00 3.5000000000e+00 5.0000000000e-01
6.6868827247e-03 -5.0000000000e+00 3.5000000000e+00 5.0000000000e-01
8.0411165150e-05 -7.0000000000e+00 3.5000000000e+00 1.0000000000e+00
8.4847250386e-04 -6.5000000000e+00 3.5000000000e+00 1.0000000000e+00
7.2277390304e-03 -5.5000000000e+00 3.5000000000e+00 1.0000000000e+00
1.3470237119e-04 -3.5000000000e+00 3.5000000000e+00 1.0000000000e+00
2.1662492755e-03 -4.0000000000e+00 3.5000000000e+00 1.0000000000e+00
5.6952213003e-03 -4.5000000000e+00 3.5000000000e+00 1.0000000000e+00
7.4830489621e-03 -5.0000000000e+00 3.5000000000e+00 1.0000000000e+00
3.9443138737e-03 -6.0000000000e+00 3.5000000000e+00 1.0000000000e+00
7.0606103082e-04 -6.5000000000e+00 3.5000000000e+00 1.5000000000e+00
5.1979081427e-05 -3.5000000000e+00 3.5000000000e+00 1.5000000000e+00
1.9586492725e-03 -4.0000000000e+00 3.5000000000e+00 1.5000000000e+00
5.7298932313e-03 -4.5000000000e+00 3.5000000000e+00 1.5000000000e+00
7.5062104066e-03 -5.0000000000e+00 3.5000000000e+00 1.5000000000e+00
7.2294187376e-03 -5.5000000000e+00 3.5000000000e+00 1.5000000000e+00
3.8343731951e-03 -6.0000000000e+00 3.5000000000e+00 1.5000000000e+00
3.7449617726e-04 -6.5000000000e+00 3.5000000000e+00 2.0000000000e+00
1.4483517763e-03 -4.0000000000e+00 3.5000000000e+00 2.0000000000e+00
5.0640625034e-03 -4.5000000000e+00 3.5000000000e+00 2.0000000000e+00
6.9053167320e-03 -5.0000000000e+00 3.5000000000e+00 2.0000000000e+00
6.6406487493e-03 -5.5000000000e+00 3.5000000000e+00 2.0000000000e+00
3.2278644032e-03 -6.0000000000e+00 3.5000000000e+00 2.0000000000e+00
7.8934639972e-04 -4.0000000000e+00 3.5000000000e+00 2.5000000000e+00
3.5630584124e-03 -4.5000000000e+00 3.5000000000e+00 2.5000000000e+00
4.9349734665e-03 -5.0000000000e+00 3.5000000000e+00 2.5000000000e+00
4.6032564351e-03 -5.5000000000e+00 3.5000000000e+00 2.5000000000e+00
1.7374591318e-03 -6.0000000000e+00 3.5000000000e+00 2.5000000000e+00
3.3822667540e-04 -4.0000000000e+00 3.5000000000e+00 3.0000000000e+00
1.9486119822e-03 -4.5000000000e+00 3.5000000000e+00 3.0000000000e+00
2.6113799463e-03 -5.0000000000e+00 3.5000000000e+00 3.0000000000e+00
2.1841804991e-03 -5.5000000000e+00 3.5000000000e+00 3.0000000000e+00
3.1994556014e-04 -6.0000000000e+00 3.5000000000e+00 3.0000000000e+00
1.2992826930e-04 -4.0000000000e+00 3.5000000000e+00 3.5000000000e+00
7.6043718461e-04 -4.5000000000e+00 3.5000000000e+00 3.5000000000e+00
8.8712638522e-04 -5.0000000000e+00 3.5000000000e+00 3.5000000000e+00
4.5625520806e-04 -5.5000000000e+00 3.5000000000e+00 3.5000000000e+00
5.4643334103e-05 -4.0000000000e+00 3.5000000000e+00 4.0000000000e+00
1.4126851273e-04 -4.5000000000e+00 3.5000000000e+00 4.0000000000e+00
1.2117202430e-04 -5.0000000000e+00 3.5000000000e+00 4.0000000000e+00
5.1119342326e-05 -4.5000000000e+00 4.0000000000e+00 -2.0000000000e+00
6.7591929377e-05 -5.0000000000e+00 4.0000000000e+00 -2.0000000000e+00
7.1978921300e-05 -5.5000000000e+00 4.0000000000e+00 -2.0000000000e+00
1.9887352595e-04 -6.5000000000e+00 4.0000000000e+00 -1.5000000000e+00
4.3496555069e-04 -5.5000000000e+00 4.0000000000e+00 -1.5000000000e+00
3.4523044821e-04 -4.5000000000e+00 4.0000000000e+00 -1.5000000000e+00
9.2597635069e-05 -3.5000000000e+00 4.0000000000e+00 -1.5000000000e+00
2.1619271491e-04 -4.0000000000e+00 4.0000000000e+00 -1.5000000000e+00
4.3088681741e-04 -5.0000000000e+00 4.0000000000e+00 -1.5000000000e+00
3.3097090154e-04 -6.0000000000e+00 4.0000000000e+00 -1.5000000000e+00
9.1114270704e-05 -7.0000000000e+00 4.0000000000e+00 -1.5000000000e+00
5.4698144060e-04 -6.5000000000e+00 4.0000000000e+00 -1.0000000000e+00
1.1632420441e-03 -6.0000000000e+00 4.0000000000e+00 -1.0000000000e+00
1.6038860839e-03 -5.5000000000e+00 4.0000000000e+00 -1.0000000000e+00
2.1137403111e-04 -3.5000000000e+00 4.0000000000e+00 -1.0000000000e+00
6.3430372210e-04 -4.0000000000e+00 4.0000000000e+00 -1.0000000000e+00
1.1847657365e-03 -4.5000000000e+00 4.0000000000e+00 -1.0000000000e+00
1.5761120828e-03 -5.0000000000e+00 4.0000000000e+00 -1.0000000000e+00
1.1774630261e-04 -7.0000000000e+00 4.0000000000e+00 -1.0000000000e+00
8.4538009141e-04 -6.5000000000e+00 4.0000000000e+00 -5.0000000000e-01
3.3797384798e-04 -3.5000000000e+00 4.0000000000e+00 -5.0000000000e-01
1.2784499746e-03 -4.0000000000e+00 4.0000000000e+00 -5.0000000000e-01
2.5694976136e-03 -4.5000000000e+00 4.0000000000e+00 -5.0000000000e-01
3.4045858866e-03 -5.0000000000e+00 4.0000000000e+00 -5.0000000000e-01
3.3928019037e-03 -5.5000000000e+00 4.0000000000e+00 -5.0000000000e-01
2.3027097831e-03 -6.0000000000e+00 4.0000000000e+00 -5.0000000000e-01
9.6319378065e-05 -7.0000000000e+00 4.0000000000e+00 -5.0000000000e-01
9.2069820083e-05 -7.0000000000e+00 4.0000000000e+00 0.0000000000e+00
8.6499990941e-04 -6.5000000000e+00 4.0000000000e+00 0.0000000000e+00
5.4068238787e-03 -5.5000000000e+00 4.0000000000e+00 0.0000000000e+00
4.0503608058e-04 -3.5000000000e+00 4.0000000000e+00 0.0000000000e+00
2.0353862391e-03 -4.0000000000e+00 4.0000000000e+00 0.0000000000e+00
4.3115996827e-03 -4.5000000000e+00 4.0000000000e+00 0.0000000000e+00
5.5588323532e-03 -5.0000000000e+00 4.0000000000e+00 0.0000000000e+00
3.3480236396e-03 -6.0000000000e+00 4.0000000000e+00 0.0000000000e+00
8.6621526475e-05 -7.0000000000e+00 4.0000000000e+00 5.0000000000e-01
6.9293305044e-03 -5.5000000000e+00 4.0000000000e+00 5.0000000000e-01
3.9431101842e-04 -3.5000000000e+00 4.0000000000e+00 5.0000000000e-01
2.6585015346e-03 -4.0000000000e+00 4.0000000000e+00 5.0000000000e-01
5.8922659891e-03 -4.5000000000e+00 4.0000000000e+00 5.0000000000e-01
7.3227961862e-03 -5.0000000000e+00 4.0000000000e+00 5.0000000000e-01
3.6789069739e-03 -6.0000000000e+00 4.0000000000e+00 5.0000000000e-01
7.8126658938e-04 -6.5000000000e+00 4.0000000000e+00 5.0000000000e-01
6.4591206290e-05 -7.0000000000e+00 4.0000000000e+00 1.0000000000e+00
7.3016726994e-04 -6.5000000000e+00 4.0000000000e+00 1.0000000000e+00
3.2473978982e-04 -3.5000000000e+00 4.0000000000e+00 1.0000000000e+00
2.8809200563e-03 -4.0000000000e+00 4.0000000000e+00 1.0000000000e+00
6.5613891685e-03 -4.5000000000e+00 4.0000000000e+00 1.0000000000e+00
7.9230998739e-03 -5.0000000000e+00 4.0000000000e+00 1.0000000000e+00
7.2849855445e-03 -5.5000000000e+00 4.0000000000e+00 1.0000000000e+00
3.6402683692e-03 -6.0000000000e+00 4.0000000000e+00 1.0000000000e+00
5.9074180920e-04 -6.5000000000e+00 4.0000000000e+00 1.5000000000e+00
2.1345029967e-04 -3.5000000000e+00 4.0000000000e+00 1.5000000000e+00
2.8191939800e-03 -4.0000000000e+00 4.0000000000e+00 1.5000000000e+00
6.5767765031e-03 -4.5000000000e+00 4.0000000000e+00 1.5000000000e+00
7.9175230706e-03 -5.0000000000e+00 4.0000000000e+00 1.5000000000e+00
7.2445572643e-03 -5.5000000000e+00 4.0000000000e+00 1.5000000000e+00
3.5318286009e-03 -6.0000000000e+00 4.0000000000e+00 1.5000000000e+00
5.7358078306e-05 -3.5000000000e+00 4.0000000000e+00 2.0000000000e+00
2.2092611381e-03 -4.0000000000e+00 4.0000000000e+00 2.0000000000e+00
5.8375268533e-03 -4.5000000000e+00 4.0000000000e+00 2.0000000000e+00
7.0862355202e-03 -5.0000000000e+00 4.0000000000e+00 2.0000000000e+00
6.4051401617e-03 -5.5000000000e+00 4.0000000000e+00 2.0000000000e+00
2.8212262570e-03 -6.0000000000e+00 4.0000000000e+00 2.0000000000e+00
2.7283148797e-04 -6.5000000000e+00 4.0000000000e+00 2.0000000000e+00
1.3717291716e-03 -4.0000000000e+00 4.0000000000e+00 2.5000000000e+00
4.0693859367e-03 -4.5000000000e+00 4.0000000000e+00 2.5000000000e+00
4.8477162129e-03 -5.0000000000e+00 4.0000000000e+00 2.5000000000e+00
4.2131489390e-03 -5.5000000000e+00 4.0000000000e+00 2.5000000000e+00
1.3663118281e-03 -6.0000000000e+00 4.0000000000e+00 2.5000000000e+00
6.7275717894e-04 -4.0000000000e+00 4.0000000000e+00 3.0000000000e+00
2.1869572716e-03 -4.5000000000e+00 4.0000000000e+00 3.0000000000e+00
2.4681812187e-03 -5.0000000000e+00 4.0000000000e+00 3.0000000000e+00
1.8898714773e-03 -5.5000000000e+00 4.0000000000e+00 3.0000000000e+00
1.7554232314e-04 -6.0000000000e+00 4.0000000000e+00 3.0000000000e+00
2.8912472790e-04 -4.0000000000e+00 4.0000000000e+00 3.5000000000e+00
8.2460483499e-04 -4.5000000000e+00 4.0000000000e+00 3.5000000000e+00
8.3039932162e-04 -5.0000000000e+00 4.0000000000e+00 3.5000000000e+00
3.1834834701e-04 -5.5000000000e+00 4.0000000000e+00 3.5000000000e+00
1.0626880014e-04 -4.0000000000e+00 4.0000000000e+00 4.0000000000e+00
1.7344229451e-04 -4.5000000000e+00 4.0000000000e+00 4.0000000000e+00
9.5658270650e-05 -5.0000000000e+00 4.0000000000e+00 4.0000000000e+00
1.0223513660e-04 -6.5000000000e+00 4.5000000000e+00 -2.0000000000e+00
1.4991235253e-04 -6.0000000000e+00 4.5000000000e+00 -2.0000000000e+00
5.9111609549e-05 -4.0000000000e+00 4.5000000000e+00 -2.0000000000e+00
1.0618081157e-04 -4.5000000000e+00 4.5000000000e+00 -2.0000000000e+00
1.5230588745e-04 -5.0000000000e+00 4.5000000000e+00 -2.0000000000e+00
1.6646228004e-04 -5.5000000000e+00 4.5000000000e+00 -2.0000000000e+00
7.8441639964e-05 -7.0000000000e+00 4.5000000000e+00 -1.5000000000e+00
3.1503378691e-04 -6.5000000000e+00 4.5000000000e+00 -1.5000000000e+00
5.9797401943e-04 -6.0000000000e+00 4.5000000000e+00 -1.5000000000e+00
6.9628124777e-04 -5.0000000000e+00 4.5000000000e+00 -1.5000000000e+00
9.6635510413e-05 -3.5000000000e+00 4.5000000000e+00 -1.5000000000e+00
2.6518213073e-04 -4.0000000000e+00 4.5000000000e+00 -1.5000000000e+00
4.9612070189e-04 -4.5000000000e+00 4.5000000000e+00 -1.5000000000e+00
7.4004609987e-04 -5.5000000000e+00 4.5000000000e+00 -1.5000000000e+00
8.8225817294e-05 -7.0000000000e+00 4.5000000000e+00 -1.0000000000e+00
1.3506183587e-03 -6.0000000000e+00 4.5000000000e+00 -1.0000000000e+00
1.8319689486e-03 -5.0000000000e+00 4.5000000000e+00 -1.0000000000e+00
2.1428501336e-04 -3.5000000000e+00 4.5000000000e+00 -1.0000000000e+00
6.8811808989e-04 -4.0000000000e+00 4.5000000000e+00 -1.0000000000e+00
1.3493555236e-03 -4.5000000000e+00 4.5000000000e+00 -1.0000000000e+00
1.8604121155e-03 -5.5000000000e+00 4.5000000000e+00 -1.0000000000e+00
5.9815337076e-04 -6.5000000000e+00 4.5000000000e+00 -1.0000000000e+00
4.9654865274e-05 -7.0000000000e+00 4.5000000000e+00 -5.0000000000e-01
3.6209377790e-04 -3.5000000000e+00 4.5000000000e+00 -5.0000000000e-01
1.3574649263e-03 -4.0000000000e+00 4.5000000000e+00 -5.0000000000e-01
2.7210277722e-03 -4.5000000000e+00 4.5000000000e+00 -5.0000000000e-01
3.5394402491e-03 -5.0000000000e+00 4.5000000000e+00 -5.0000000000e-01
3.4684260194e-03 -5.5000000000e+00 4.5000000000e+00 -5.0000000000e-01
2.2460572100e-03 -6.0000000000e+00 4.5000000000e+00 -5.0000000000e-01
6.6688716662e-04 -6.5000000000e+00 4.5000000000e+00 -5.0000000000e-01
2.9434740739e-03 -6.0000000000e+00 4.5000000000e+00 0.0000000000e+00
4.9324909917e-04 -3.5000000000e+00 4.5000000000e+00 0.0000000000e+00
2.1851680966e-03 -4.0000000000e+00 4.5000000000e+00 0.0000000000e+00
4.4314397610e-03 -4.5000000000e+00 4.5000000000e+00 0.0000000000e+00
5.4781647295e-03 -5.0000000000e+00 4.5000000000e+00 0.0000000000e+00
5.1918632495e-03 -5.5000000000e+00 4.5000000000e+00 0.0000000000e+00
6.1015156485e-04 -6.5000000000e+00 4.5000000000e+00 0.0000000000e+00
5.3080518403e-05 -7.0000000000e+00 4.5000000000e+00 0.0000000000e+00
3.0423261357e-03 -6.0000000000e+00 4.5000000000e+00 5.0000000000e-01
5.5223025941e-04 -3.5000000000e+00 4.5000000000e+00 5.0000000000e-01
2.9206479164e-03 -4.0000000000e+00 4.5000000000e+00 5.0000000000e-01
5.9333193274e-03 -4.5000000000e+00 4.5000000000e+00 5.0000000000e-01
7.0268496190e-03 -5.0000000000e+00 4.5000000000e+00 5.0000000000e-01
6.3718433173e-03 -5.5000000000e+00 4.5000000000e+00 5.0000000000e-01
5.7598499690e-04 -6.5000000000e+00 4.5000000000e+00 5.0000000000e-01
7.2543282641e-05 -7.0000000000e+00 4.5000000000e+00 5.0000000000e-01
5.2356841049e-04 -3.5000000000e+00 4.5000000000e+00 1.0000000000e+00
3.2436484867e-03 -4.0000000000e+00 4.5000000000e+00 1.0000000000e+00
6.5312573749e-03 -4.5000000000e+00 4.5000000000e+00 1.0000000000e+00
7.4984232482e-03 -5.0000000000e+00 4.5000000000e+00 1.0000000000e+00
6.6043428315e-03 -5.5000000000e+00 4.5000000000e+00 1.0000000000e+00
2.9873012579e-03 -6.0000000000e+00 4.5000000000e+00 1.0000000000e+00
5.0935817115e-04 -6.5000000000e+00 4.5000000000e+00 1.0000000000e+00
4.1019330830e-04 -3.5000000000e+00 4.5000000000e+00 1.5000000000e+00
3.2105790849e-03 -4.0000000000e+00 4.5000000000e+00 1.5000000000e+00
6.5203472154e-03 -4.5000000000e+00 4.5000000000e+00 1.5000000000e+00
7.4641303556e-03 -5.0000000000e+00 4.5000000000e+00 1.5000000000e+00
6.5315017012e-03 -5.5000000000e+00 4.5000000000e+00 1.5000000000e+00
2.7792642723e-03 -6.0000000000e+00 4.5000000000e+00 1.5000000000e+00
3.4464271425e-04 -6.5000000000e+00 4.5000000000e+00 1.5000000000e+00
2.2051622220e-04 -3.5000000000e+00 4.5000000000e+00 2.0000000000e+00
2.6242033086e-03 -4.0000000000e+00 4.5000000000e+00 2.0000000000e+00
5.6876459734e-03 -4.5000000000e+00 4.5000000000e+00 2.0000000000e+00
6.4458732583e-03 -5.0000000000e+00 4.5000000000e+00 2.0000000000e+00
5.4271686115e-03 -5.5000000000e+00 4.5000000000e+00 2.0000000000e+00
1.8782178969e-03 -6.0000000000e+00 4.5000000000e+00 2.0000000000e+00
9.0779561727e-05 -6.5000000000e+00 4.5000000000e+00 2.0000000000e+00
7.5715256179e-05 -3.5000000000e+00 4.5000000000e+00 2.5000000000e+00
1.7359860177e-03 -4.0000000000e+00 4.5000000000e+00 2.5000000000e+00
3.8461452454e-03 -4.5000000000e+00 4.5000000000e+00 2.5000000000e+00
4.2166656797e-03 -5.0000000000e+00 4.5000000000e+00 2.5000000000e+00
3.1730990078e-03 -5.5000000000e+00 4.5000000000e+00 2.5000000000e+00
6.2070467458e-04 -6.0000000000e+00 4.5000000000e+00 2.5000000000e+00
9.4063198687e-04 -4.0000000000e+00 4.5000000000e+00 3.0000000000e+00
1.9630966830e-03 -4.5000000000e+00 4.5000000000e+00 3.0000000000e+00
2.0399172076e-03 -5.0000000000e+00 4.5000000000e+00 3.0000000000e+00
1.1028870775e-03 -5.5000000000e+00 4.5000000000e+00 3.0000000000e+00
4.0367530430e-04 -4.0000000000e+00 4.5000000000e+00 3.5000000000e+00
6.8620062446e-04 -4.5000000000e+00 4.5000000000e+00 3.5000000000e+00
6.1231534634e-04 -5.0000000000e+00 4.5000000000e+00 3.5000000000e+00
1.0871195563e-04 -5.5000000000e+00 4.5000000000e+00 3.5000000000e+00
1.2670077105e-04 -4.0000000000e+00 4.5000000000e+00 4.0000000000e+00
1.4516603294e-04 -4.5000000000e+00 4.5000000000e+00 4.0000000000e+00
5.5921285369e-05 -5.0000000000e+00 4.5000000000e+00 4.0000000000e+00
1.3512126970e-04 -6.5000000000e+00 5.0000000000e+00 -2.0000000000e+00
2.4191847676e-04 -5.5000000000e+00 5.0000000000e+00 -2.0000000000e+00
6.8352270861e-05 -4.0000000000e+00 5.0000000000e+00 -2.0000000000e+00
1.4253461550e-04 -4.5000000000e+00 5.0000000000e+00 -2.0000000000e+00
2.0918166436e-04 -5.0000000000e+00 5.0000000000e+00 -2.0000000000e+00
2.1664465624e-04 -6.0000000000e+00 5.0000000000e+00 -2.0000000000e+00
2.9102153327e-04 -6.5000000000e+00 5.0000000000e+00 -1.5000000000e+00
7.6384400478e-04 -5.5000000000e+00 5.0000000000e+00 -1.5000000000e+00
7.3572612397e-05 -3.5000000000e+00 5.0000000000e+00 -1.5000000000e+00
2.3538874738e-04 -4.0000000000e+00 5.0000000000e+00 -1.5000000000e+00
4.9010942529e-04 -4.5000000000e+00 5.0000000000e+00 -1.5000000000e+00
7.1876837390e-04 -5.0000000000e+00 5.0000000000e+00 -1.5000000000e+00
6.0736521868e-04 -6.0000000000e+00 5.0000000000e+00 -1.5000000000e+00
4.5482576932e-05 -7.0000000000e+00 5.0000000000e+00 -1.5000000000e+00
1.6263607521e-03 -5.5000000000e+00 5.0000000000e+00 -1.0000000000e+00
1.6869800190e-04 -3.5000000000e+00 5.0000000000e+00 -1.0000000000e+00
5.7077174472e-04 -4.0000000000e+00 5.0000000000e+00 -1.0000000000e+00
1.1662570248e-03 -4.5000000000e+00 5.0000000000e+00 -1.0000000000e+00
1.6083101266e-03 -5.0000000000e+00 5.0000000000e+00 -1.0000000000e+00
1.1506825238e-03 -6.0000000000e+00 5.0000000000e+00 -1.0000000000e+00
4.2358093106e-04 -6.5000000000e+00 5.0000000000e+00 -1.0000000000e+00
4.3267074835e-04 -6.5000000000e+00 5.0000000000e+00 -5.0000000000e-01
3.1037858170e-04 -3.5000000000e+00 5.0000000000e+00 -5.0000000000e-01
1.1238146429e-03 -4.0000000000e+00 5.0000000000e+00 -5.0000000000e-01
2.2459580738e-03 -4.5000000000e+00 5.0000000000e+00 -5.0000000000e-01
2.8891577585e-03 -5.0000000000e+00 5.0000000000e+00 -5.0000000000e-01
2.7954230080e-03 -5.5000000000e+00 5.0000000000e+00 -5.0000000000e-01
1.7277668848e-03 -6.0000000000e+00 5.0000000000e+00 -5.0000000000e-01
3.7797846785e-04 -6.5000000000e+00 5.0000000000e+00 0.0000000000e+00
4.7114367513e-04 -3.5000000000e+00 5.0000000000e+00 0.0000000000e+00
1.8530891476e-03 -4.0000000000e+00 5.0000000000e+00 0.0000000000e+00
3.6134599107e-03 -4.5000000000e+00 5.0000000000e+00 0.0000000000e+00
4.3611233920e-03 -5.0000000000e+00 5.0000000000e+00 0.0000000000e+00
4.0299968630e-03 -5.5000000000e+00 5.0000000000e+00 0.0000000000e+00
2.1310368495e-03 -6.0000000000e+00 5.0000000000e+00 0.0000000000e+00
5.9473081263e-04 -3.5000000000e+00 5.0000000000e+00 5.0000000000e-01
2.5705632645e-03 -4.0000000000e+00 5.0000000000e+00 5.0000000000e-01
4.8623240984e-03 -4.5000000000e+00 5.0000000000e+00 5.0000000000e-01
5.5466572719e-03 -5.0000000000e+00 5.0000000000e+00 5.0000000000e-01
4.8561183971e-03 -5.5000000000e+00 5.0000000000e+00 5.0000000000e-01
2.1359034869e-03 -6.0000000000e+00 5.0000000000e+00 5.0000000000e-01
3.4038522695e-04 -6.5000000000e+00 5.0000000000e+00 5.0000000000e-01
6.3504663216e-04 -3.5000000000e+00 5.0000000000e+00 1.0000000000e+00
2.9621588004e-03 -4.0000000000e+00 5.0000000000e+00 1.0000000000e+00
5.3946955403e-03 -4.5000000000e+00 5.0000000000e+00 1.0000000000e+00
5.9507985612e-03 -5.0000000000e+00 5.0000000000e+00 1.0000000000e+00
4.9680734010e-03 -5.5000000000e+00 5.0000000000e+00 1.0000000000e+00
2.0511036488e-03 -6.0000000000e+00 5.0000000000e+00 1.0000000000e+00
2.6691307491e-04 -6.5000000000e+00 5.0000000000e+00 1.0000000000e+00
5.7491303669e-04 -3.5000000000e+00 5.0000000000e+00 1.5000000000e+00
2.9857931535e-03 -4.0000000000e+00 5.0000000000e+00 1.5000000000e+00
5.3986631965e-03 -4.5000000000e+00 5.0000000000e+00 1.5000000000e+00
5.9205886656e-03 -5.0000000000e+00 5.0000000000e+00 1.5000000000e+00
4.8088716873e-03 -5.5000000000e+00 5.0000000000e+00 1.5000000000e+00
1.7127756853e-03 -6.0000000000e+00 5.0000000000e+00 1.5000000000e+00
1.1481527631e-04 -6.5000000000e+00 5.0000000000e+00 1.5000000000e+00
4.0466456374e-04 -3.5000000000e+00 5.0000000000e+00 2.0000000000e+00
2.5841539691e-03 -4.0000000000e+00 5.0000000000e+00 2.0000000000e+00
4.6638798171e-03 -4.5000000000e+00 5.0000000000e+00 2.0000000000e+00
4.9066666274e-03 -5.0000000000e+00 5.0000000000e+00 2.0000000000e+00
3.5953510603e-03 -5.5000000000e+00 5.0000000000e+00 2.0000000000e+00
8.2033649746e-04 -6.0000000000e+00 5.0000000000e+00 2.0000000000e+00
2.2615181781e-04 -3.5000000000e+00 5.0000000000e+00 2.5000000000e+00
1.8046717169e-03 -4.0000000000e+00 5.0000000000e+00 2.5000000000e+00
2.9964630356e-03 -4.5000000000e+00 5.0000000000e+00 2.5000000000e+00
2.9918779162e-03 -5.0000000000e+00 5.0000000000e+00 2.5000000000e+00
1.7038455297e-03 -5.5000000000e+00 5.0000000000e+00 2.5000000000e+00
5.6815433733e-05 -6.0000000000e+00 5.0000000000e+00 2.5000000000e+00
1.2448164247e-04 -3.5000000000e+00 5.0000000000e+00 3.0000000000e+00
9.9442011874e-04 -4.0000000000e+00 5.0000000000e+00 3.0000000000e+00
1.4133409253e-03 -4.5000000000e+00 5.0000000000e+00 3.0000000000e+00
1.2911170792e-03 -5.0000000000e+00 5.0000000000e+00 3.0000000000e+00
3.1355573691e-04 -5.5000000000e+00 5.0000000000e+00 3.0000000000e+00
6.7181961980e-05 -3.5000000000e+00 5.0000000000e+00 3.5000000000e+00
3.9904900637e-04 -4.0000000000e+00 5.0000000000e+00 3.5000000000e+00
4.5454248216e-04 -4.5000000000e+00 5.0000000000e+00 3.5000000000e+00
2.8149595096e-04 -5.0000000000e+00 5.0000000000e+00 3.5000000000e+00
8.2740410693e-05 -4.0000000000e+00 5.0000000000e+00 4.0000000000e+00
7.2496688906e-05 -4.5000000000e+00 5.0000000000e+00 4.0000000000e+00
1.0269374315e-04 -6.5000000000e+00 5.5000000000e+00 -2.0000000000e+00
1.7739759727e-04 -6.0000000000e+00 5.5000000000e+00 -2.0000000000e+00
1.7137042370e-04 -5.0000000000e+00 5.5000000000e+00 -2.0000000000e+00
4.0482887314e-05 -4.0000000000e+00 5.5000000000e+00 -2.0000000000e+00
1.0476131596e-04 -4.5000000000e+00 5.5000000000e+00 -2.0000000000e+00
2.0056271955e-04 -5.5000000000e+00 5.5000000000e+00 -2.0000000000e+00
3.9768309902e-04 -6.0000000000e+00 5.5000000000e+00 -1.5000000000e+00
4.0700529433e-05 -3.5000000000e+00 5.5000000000e+00 -1.5000000000e+00
1.4531322970e-04 -4.0000000000e+00 5.5000000000e+00 -1.5000000000e+00
3.1688937280e-04 -4.5000000000e+00 5.5000000000e+00 -1.5000000000e+00
4.7586524474e-04 -5.0000000000e+00 5.5000000000e+00 -1.5000000000e+00
5.0415611026e-04 -5.5000000000e+00 5.5000000000e+00 -1.5000000000e+00
1.7913569966e-04 -6.5000000000e+00 5.5000000000e+00 -1.5000000000e+00
1.0180305099e-03 -5.5000000000e+00 5.5000000000e+00 -1.0000000000e+00
1.0093874406e-04 -3.5000000000e+00 5.5000000000e+00 -1.0000000000e+00
3.5412534794e-04 -4.0000000000e+00 5.5000000000e+00 -1.0000000000e+00
7.3644008140e-04 -4.5000000000e+00 5.5000000000e+00 -1.0000000000e+00
1.0144248923e-03 -5.0000000000e+00 5.5000000000e+00 -1.0000000000e+00
7.0181966061e-04 -6.0000000000e+00 5.5000000000e+00 -1.0000000000e+00
2.3637243104e-04 -6.5000000000e+00 5.5000000000e+00 -1.0000000000e+00
2.0402768444e-04 -3.5000000000e+00 5.5000000000e+00 -5.0000000000e-01
7.1173727621e-04 -4.0000000000e+00 5.5000000000e+00 -5.0000000000e-01
1.4146223737e-03 -4.5000000000e+00 5.5000000000e+00 -5.0000000000e-01
1.8001595145e-03 -5.0000000000e+00 5.5000000000e+00 -5.0000000000e-01
1.7246042703e-03 -5.5000000000e+00 5.5000000000e+00 -5.0000000000e-01
1.0362396221e-03 -6.0000000000e+00 5.5000000000e+00 -5.0000000000e-01
2.3377899632e-04 -6.5000000000e+00 5.5000000000e+00 -5.0000000000e-01
1.9732308687e-04 -6.5000000000e+00 5.5000000000e+00 0.0000000000e+00
3.3899079842e-04 -3.5000000000e+00 5.5000000000e+00 0.0000000000e+00
1.2069233346e-03 -4.0000000000e+00 5.5000000000e+00 0.0000000000e+00
2.2828093152e-03 -4.5000000000e+00 5.5000000000e+00 0.0000000000e+00
2.7066238564e-03 -5.0000000000e+00 5.5000000000e+00 0.0000000000e+00
2.4557616382e-03 -5.5000000000e+00 5.5000000000e+00 0.0000000000e+00
1.2272416555e-03 -6.0000000000e+00 5.5000000000e+00 0.0000000000e+00
4.7730906437e-04 -3.5000000000e+00 5.5000000000e+00 5.0000000000e-01
1.7320770913e-03 -4.0000000000e+00 5.5000000000e+00 5.0000000000e-01
3.0991346388e-03 -4.5000000000e+00 5.5000000000e+00 5.0000000000e-01
3.4450598718e-03 -5.0000000000e+00 5.5000000000e+00 5.0000000000e-01
2.9197710019e-03 -5.5000000000e+00 5.5000000000e+00 5.0000000000e-01
1.2031777588e-03 -6.0000000000e+00 5.5000000000e+00 5.0000000000e-01
1.6117822979e-04 -6.5000000000e+00 5.5000000000e+00 5.0000000000e-01
5.6641098674e-04 -3.5000000000e+00 5.5000000000e+00 1.0000000000e+00
2.0905643982e-03 -4.0000000000e+00 5.5000000000e+00 1.0000000000e+00
3.4601503769e-03 -4.5000000000e+00 5.5000000000e+00 1.0000000000e+00
3.7058199216e-03 -5.0000000000e+00 5.5000000000e+00 1.0000000000e+00
2.9458490507e-03 -5.5000000000e+00 5.5000000000e+00 1.0000000000e+00
1.1034127350e-03 -6.0000000000e+00 5.5000000000e+00 1.0000000000e+00
8.6810192246e-05 -6.5000000000e+00 5.5000000000e+00 1.0000000000e+00
5.8199709023e-04 -3.5000000000e+00 5.5000000000e+00 1.5000000000e+00
2.1424835909e-03 -4.0000000000e+00 5.5000000000e+00 1.5000000000e+00
3.4576151019e-03 -4.5000000000e+00 5.5000000000e+00 1.5000000000e+00
3.6602229842e-03 -5.0000000000e+00 5.5000000000e+00 1.5000000000e+00
2.7044884410e-03 -5.5000000000e+00 5.5000000000e+00 1.5000000000e+00
7.0525248749e-04 -6.0000000000e+00 5.5000000000e+00 1.5000000000e+00
4.9681269700e-04 -3.5000000000e+00 5.5000000000e+00 2.0000000000e+00
1.9731476945e-03 -4.0000000000e+00 5.5000000000e+00 2.0000000000e+00
2.9408906662e-03 -4.5000000000e+00 5.5000000000e+00 2.0000000000e+00
2.8967562690e-03 -5.0000000000e+00 5.5000000000e+00 2.0000000000e+00
1.7013414458e-03 -5.5000000000e+00 5.5000000000e+00 2.0000000000e+00
8.2414079932e-05 -6.0000000000e+00 5.5000000000e+00 2.0000000000e+00
3.5898644832e-04 -3.5000000000e+00 5.5000000000e+00 2.5000000000e+00
1.4152594639e-03 -4.0000000000e+00 5.5000000000e+00 2.5000000000e+00
1.8060029142e-03 -4.5000000000e+00 5.5000000000e+00 2.5000000000e+00
1.6117947618e-03 -5.0000000000e+00 5.5000000000e+00 2.5000000000e+00
4.5794068792e-04 -5.5000000000e+00 5.5000000000e+00 2.5000000000e+00
2.2518677641e-04 -3.5000000000e+00 5.5000000000e+00 3.0000000000e+00
7.4921553262e-04 -4.0000000000e+00 5.5000000000e+00 3.0000000000e+00
8.1128638678e-04 -4.5000000000e+00 5.5000000000e+00 3.0000000000e+00
5.2881278281e-04 -5.0000000000e+00 5.5000000000e+00 3.0000000000e+00
1.2577948273e-04 -3.5000000000e+00 5.5000000000e+00 3.5000000000e+00
2.6527602560e-04 -4.0000000000e+00 5.5000000000e+00 3.5000000000e+00
2.3495877913e-04 -4.5000000000e+00 5.5000000000e+00 3.5000000000e+00
4.4849695425e-05 -3.5000000000e+00 5.5000000000e+00 4.0000000000e+00
5.0054243387e-05 -4.0000000000e+00 5.5000000000e+00 4.0000000000e+00
7.2864996081e-05 -6.0000000000e+00 6.0000000000e+00 -2.0000000000e+00
7.1492155901e-05 -5.0000000000e+00 6.0000000000e+00 -2.0000000000e+00
8.4880384151e-05 -5.5000000000e+00 6.0000000000e+00 -2.0000000000e+00
5.5403369735e-05 -4.0000000000e+00 6.0000000000e+00 -1.5000000000e+00
1.2862584506e-04 -4.5000000000e+00 6.0000000000e+00 -1.5000000000e+00
2.0139611709e-04 -5.0000000000e+00 6.0000000000e+00 -1.5000000000e+00
2.1602662851e-04 -5.5000000000e+00 6.0000000000e+00 -1.5000000000e+00
1.6964409503e-04 -6.0000000000e+00 6.0000000000e+00 -1.5000000000e+00
7.4787550064e-05 -6.5000000000e+00 6.0000000000e+00 -1.5000000000e+00
9.2207572280e-05 -6.5000000000e+00 6.0000000000e+00 -1.0000000000e+00
1.4079240077e-04 -4.0000000000e+00 6.0000000000e+00 -1.0000000000e+00
3.0550055394e-04 -4.5000000000e+00 6.0000000000e+00 -1.0000000000e+00
4.2851503838e-04 -5.0000000000e+00 6.0000000000e+00 -1.0000000000e+00
4.3013182282e-04 -5.5000000000e+00 6.0000000000e+00 -1.0000000000e+00
2.9658177365e-04 -6.0000000000e+00 6.0000000000e+00 -1.0000000000e+00
8.4947724259e-05 -3.5000000000e+00 6.0000000000e+00 -5.0000000000e-01
3.0030164886e-04 -4.0000000000e+00 6.0000000000e+00 -5.0000000000e-01
6.0024640473e-04 -4.5000000000e+00 6.0000000000e+00 -5.0000000000e-01
7.6401387729e-04 -5.0000000000e+00 6.0000000000e+00 -5.0000000000e-01
7.2817141585e-04 -5.5000000000e+00 6.0000000000e+00 -5.0000000000e-01
4.3757830892e-04 -6.0000000000e+00 6.0000000000e+00 -5.0000000000e-01
8.6096367973e-05 -6.5000000000e+00 6.0000000000e+00 -5.0000000000e-01
6.8625704263e-05 -6.5000000000e+00 6.0000000000e+00 0.0000000000e+00
1.6234340728e-04 -3.5000000000e+00 6.0000000000e+00 0.0000000000e+00
5.3567480695e-04 -4.0000000000e+00 6.0000000000e+00 0.0000000000e+00
9.9296306295e-04 -4.5000000000e+00 6.0000000000e+00 0.0000000000e+00
1.1636548748e-03 -5.0000000000e+00 6.0000000000e+00 0.0000000000e+00
1.0448435715e-03 -5.5000000000e+00 6.0000000000e+00 0.0000000000e+00
4.8860377184e-04 -6.0000000000e+00 6.0000000000e+00 0.0000000000e+00
2.6169294011e-04 -3.5000000000e+00 6.0000000000e+00 5.0000000000e-01
8.1261096140e-04 -4.0000000000e+00 6.0000000000e+00 5.0000000000e-01
1.3840484292e-03 -4.5000000000e+00 6.0000000000e+00 5.0000000000e-01
1.4994348650e-03 -5.0000000000e+00 6.0000000000e+00 5.0000000000e-01
1.2157337300e-03 -5.5000000000e+00 6.0000000000e+00 5.0000000000e-01
4.6821817675e-04 -6.0000000000e+00 6.0000000000e+00 5.0000000000e-01
3.5682394542e-04 -3.5000000000e+00 6.0000000000e+00 1.0000000000e+00
1.0463750182e-03 -4.0000000000e+00 6.0000000000e+00 1.0000000000e+00
1.5652791955e-03 -4.5000000000e+00 6.0000000000e+00 1.0000000000e+00
1.6158035724e-03 -5.0000000000e+00 6.0000000000e+00 1.0000000000e+00
1.2004260478e-03 -5.5000000000e+00 6.0000000000e+00 1.0000000000e+00
3.6361073268e-04 -6.0000000000e+00 6.0000000000e+00 1.0000000000e+00
4.0874254724e-04 -3.5000000000e+00 6.0000000000e+00 1.5000000000e+00
1.1016291479e-03 -4.0000000000e+00 6.0000000000e+00 1.5000000000e+00
1.5638786417e-03 -4.5000000000e+00 6.0000000000e+00 1.5000000000e+00
1.5703987155e-03 -5.0000000000e+00 6.0000000000e+00 1.5000000000e+00
9.6287276752e-04 -5.5000000000e+00 6.0000000000e+00 1.5000000000e+00
6.2711936105e-05 -6.0000000000e+00 6.0000000000e+00 1.5000000000e+00
4.0734985188e-04 -3.5000000000e+00 6.0000000000e+00 2.0000000000e+00
1.0538242868e-03 -4.0000000000e+00 6.0000000000e+00 2.0000000000e+00
1.2948263511e-03 -4.5000000000e+00 6.0000000000e+00 2.0000000000e+00
1.1312276144e-03 -5.0000000000e+00 6.0000000000e+00 2.0000000000e+00
3.4707870609e-04 -5.5000000000e+00 6.0000000000e+00 2.0000000000e+00
3.4923213717e-04 -3.5000000000e+00 6.0000000000e+00 2.5000000000e+00
7.6540514263e-04 -4.0000000000e+00 6.0000000000e+00 2.5000000000e+00
7.8805739582e-04 -4.5000000000e+00 6.0000000000e+00 2.5000000000e+00
4.8768558499e-04 -5.0000000000e+00 6.0000000000e+00 2.5000000000e+00
2.4005822657e-04 -3.5000000000e+00 6.0000000000e+00 3.0000000000e+00
3.8362897916e-04 -4.0000000000e+00 6.0000000000e+00 3.0000000000e+00
3.3457381426e-04 -4.5000000000e+00 6.0000000000e+00 3.0000000000e+00
4.5941444683e-05 -5.0000000000e+00 6.0000000000e+00 3.0000000000e+00
1.1215877989e-04 -3.5000000000e+00 6.0000000000e+00 3.5000000000e+00
1.3627751711e-04 -4.0000000000e+00 6.0000000000e+00 3.5000000000e+00
6.4400760624e-05 -4.5000000000e+00 6.0000000000e+00 3.5000000000e+00
4.5669115925e-05 -5.0000000000e+00 6.5000000000e+00 -1.5000000000e+00
4.9614176028e-05 -5.5000000000e+00 6.5000000000e+00 -1.5000000000e+00
4.8767488847e-05 -6.0000000000e+00 6.5000000000e+00 -1.0000000000e+00
5.9785023794e-05 -4.5000000000e+00 6.5000000000e+00 -1.0000000000e+00
7.8985109560e-05 -5.0000000000e+00 6.5000000000e+00 -1.0000000000e+00
7.6550724649e-05 -5.5000000000e+00 6.5000000000e+00 -1.0000000000e+00
5.8968385912e-05 -4.0000000000e+00 6.5000000000e+00 -5.0000000000e-01
1.1106416397e-04 -4.5000000000e+00 6.5000000000e+00 -5.0000000000e-01
1.3181107972e-04 -5.0000000000e+00 6.5000000000e+00 -5.0000000000e-01
1.2343953183e-04 -5.5000000000e+00 6.5000000000e+00 -5.0000000000e-01
5.5870337468e-05 -6.0000000000e+00 6.5000000000e+00 -5.0000000000e-01
1.0836405606e-04 -4.0000000000e+00 6.5000000000e+00 0.0000000000e+00
1.7821359649e-04 -4.5000000000e+00 6.5000000000e+00 0.0000000000e+00
1.8870374266e-04 -5.0000000000e+00 6.5000000000e+00 0.0000000000e+00
1.4385972614e-04 -5.5000000000e+00 6.5000000000e+00 0.0000000000e+00
5.0384549333e-05 -6.0000000000e+00 6.5000000000e+00 0.0000000000e+00
7.4534745183e-05 -3.5000000000e+00 6.5000000000e+00 5.0000000000e-01
1.7558053194e-04 -4.0000000000e+00 6.5000000000e+00 5.0000000000e-01
2.3940292414e-04 -4.5000000000e+00 6.5000000000e+00 5.0000000000e-01
2.2411788937e-04 -5.0000000000e+00 6.5000000000e+00 5.0000000000e-01
1.2884066629e-04 -5.5000000000e+00 6.5000000000e+00 5.0000000000e-01
1.2279248534e-04 -3.5000000000e+00 6.5000000000e+00 1.0000000000e+00
2.4252538271e-04 -4.0000000000e+00 6.5000000000e+00 1.0000000000e+00
2.6745768636e-04 -4.5000000000e+00 6.5000000000e+00 1.0000000000e+00
2.1387200276e-04 -5.0000000000e+00 6.5000000000e+00 1.0000000000e+00
4.2130725736e-05 -5.5000000000e+00 6.5000000000e+00 1.0000000000e+00
4.1868461558e-05 -3.0000000000e+00 6.5000000000e+00 1.5000000000e+00
1.6829470754e-04 -3.5000000000e+00 6.5000000000e+00 1.5000000000e+00
2.6554851790e-04 -4.0000000000e+00 6.5000000000e+00 1.5000000000e+00
2.6737302950e-04 -4.5000000000e+00 6.5000000000e+00 1.5000000000e+00
1.2602897460e-04 -5.0000000000e+00 6.5000000000e+00 1.5000000000e+00
5.3160829584e-05 -3.0000000000e+00 6.5000000000e+00 2.0000000000e+00
1.8226432010e-04 -3.5000000000e+00 6.5000000000e+00 2.0000000000e+00
2.5305530715e-04 -4.0000000000e+00 6.5000000000e+00 2.0000000000e+00
2.0935762685e-04 -4.5000000000e+00 6.5000000000e+00 2.0000000000e+00
5.4061001563e-05 -3.0000000000e+00 6.5000000000e+00 2.5000000000e+00
1.6859439690e-04 -3.5000000000e+00 6.5000000000e+00 2.5000000000e+00
1.9554229617e-04 -4.0000000000e+00 6.5000000000e+00 2.5000000000e+00
8.5597485476e-05 -4.5000000000e+00 6.5000000000e+00 2.5000000000e+00
4.5987192302e-05 -3.0000000000e+00 6.5000000000e+00 3.0000000000e+00
1.1444077488e-04 -3.5000000000e+00 6.5000000000e+00 3.0000000000e+00
1.0979016418e-04 -4.0000000000e+00 6.5000000000e+00 3.0000000000e+00
5.3886731223e-05 -3.5000000000e+00 6.5000000000e+00 3.5000000000e+00
4.4008791748e-05 -6.5000000000e+00 6.0000000000e+00 -2.0000000000e+00
4.9966828692e-05 -7.0000000000e+00 5.0000000000e+00 -2.0000000000e+00
6.0392813441e-05 -6.0000000000e+00 4.0000000000e+00 -2.0000000000e+00
