0.400000
4.0190483720e-05 -5.0000000000e-01 1.5000000000e+00 -6.0000000000e+00
5.2188446443e-05 0.0000000000e+00 2.0000000000e+00 -6.0000000000e+00
5.5083053321e-05 -5.0000000000e-01 2.0000000000e+00 -6.0000000000e+00
8.5579684624e-05 0.0000000000e+00 2.5000000000e+00 -6.0000000000e+00
9.3552462609e-05 5.0000000000e-01 3.0000000000e+00 -6.0000000000e+00
7.0762289402e-05 0.0000000000e+00 3.0000000000e+00 -6.0000000000e+00
6.5630031847e-05 1.0000000000e+00 3.5000000000e+00 -6.0000000000e+00
1.0511461265e-04 5.0000000000e-01 3.5000000000e+00 -6.0000000000e+00
1.1398126982e-04 1.0000000000e+00 4.0000000000e+00 -6.0000000000e+00
4.9880853016e-05 5.0000000000e-01 4.0000000000e+00 -6.0000000000e+00
8.5291139987e-05 1.5000000000e+00 4.5000000000e+00 -6.0000000000e+00
1.0200756549e-04 1.0000000000e+00 4.5000000000e+00 -6.0000000000e+00
9.8420776056e-05 1.5000000000e+00 5.0000000000e+00 -6.0000000000e+00
5.5144775600e-05 2.0000000000e+00 5.5000000000e+00 -6.0000000000e+00
5.1489418251e-05 1.5000000000e+00 5.5000000000e+00 -6.0000000000e+00
5.1489447309e-05 -2.0000000000e+00 0.0000000000e+00 -6.5000000000e+00
4.9301846869e-05 -1.0000000000e+00 5.0000000000e-01 -6.5000000000e+00
1.2782640015e-04 -1.5000000000e+00 5.0000000000e-01 -6.5000000000e+00
2.0676255865e-04 -1.0000000000e+00 1.0000000000e+00 -6.5000000000e+00
1.1147872867e-04 -1.5000000000e+00 1.0000000000e+00 -6.5000000000e+00
2.5756655208e-04 -5.0000000000e-01 1.5000000000e+00 -6.5000000000e+00
2.5487053712e-04 -1.0000000000e+00 1.5000000000e+00 -6.5000000000e+00
2.0158957721e-04 0.0000000000e+00 2.0000000000e+00 -6.5000000000e+00
4.0903897494e-04 -5.0000000000e-01 2.0000000000e+00 -6.5000000000e+00
1.1006676835e-04 -1.0000000000e+00 2.0000000000e+00 -6.5000000000e+00
8.0604028609e-05 5.0000000000e-01 2.5000000000e+00 -6.5000000000e+00
4.6007669308e-04 0.0000000000e+00 2.5000000000e+00 -6.5000000000e+00
3.3474613258e-04 -5.0000000000e-01 2.5000000000e+00 -6.5000000000e+00
3.4771148647e-04 5.0000000000e-01 3.0000000000e+00 -6.5000000000e+00
4.9771348908e-04 0.0000000000e+00 3.0000000000e+00 -6.5000000000e+00
5.4532016362e-05 -5.0000000000e-01 3.0000000000e+00 -6.5000000000e+00
1.5028432714e-04 1.0000000000e+00 3.5000000000e+00 -6.5000000000e+00
5.0774231956e-04 5.0000000000e-01 3.5000000000e+00 -6.5000000000e+00
2.1981555189e-04 0.0000000000e+00 3.5000000000e+00 -6.5000000000e+00
3.7174277079e-04 1.0000000000e+00 4.0000000000e+00 -6.5000000000e+00
3.8572958640e-04 5.0000000000e-01 4.0000000000e+00 -6.5000000000e+00
1.9125826751e-04 1.5000000000e+00 4.5000000000e+00 -6.5000000000e+00
3.8422181836e-04 1.0000000000e+00 4.5000000000e+00 -6.5000000000e+00
1.3711452338e-04 5.0000000000e-01 4.5000000000e+00 -6.5000000000e+00
6.0107705718e-05 2.0000000000e+00 5.0000000000e+00 -6.5000000000e+00
2.5078695401e-04 1.5000000000e+00 5.0000000000e+00 -6.5000000000e+00
2.1596688662e-04 1.0000000000e+00 5.0000000000e+00 -6.5000000000e+00
1.1213070489e-04 2.0000000000e+00 5.5000000000e+00 -6.5000000000e+00
1.5661232797e-04 1.5000000000e+00 5.5000000000e+00 -6.5000000000e+00
7.0675392654e-05 2.0000000000e+00 6.0000000000e+00 -6.5000000000e+00
4.0592159205e-05 1.5000000000e+00 6.0000000000e+00 -6.5000000000e+00
4.0050787320e-05 2.0000000000e+00 6.0000000000e+00 -6.0000000000e+00
8.1939464878e-05 -2.0000000000e+00 -5.0000000000e-01 -7.0000000000e+00
9.9952176086e-05 -2.5000000000e+00 -5.0000000000e-01 -7.0000000000e+00
1.7141794513e-04 -1.5000000000e+00 0.0000000000e+00 -7.0000000000e+00
3.6434279083e-04 -2.0000000000e+00 0.0000000000e+00 -7.0000000000e+00
2.1689909516e-04 -1.0000000000e+00 5.0000000000e-01 -7.0000000000e+00
6.9819948402e-04 -1.5000000000e+00 5.0000000000e-01 -7.0000000000e+00
3.2273159043e-04 -2.0000000000e+00 5.0000000000e-01 -7.0000000000e+00
1.3064852042e-04 -5.0000000000e-01 1.0000000000e+00 -7.0000000000e+00
9.5178153672e-04 -1.0000000000e+00 1.0000000000e+00 -7.0000000000e+00
8.5642769591e-04 -1.5000000000e+00 1.0000000000e+00 -7.0000000000e+00
9.0533347922e-04 -5.0000000000e-01 1.5000000000e+00 -7.0000000000e+00
1.3934504799e-03 -1.0000000000e+00 1.5000000000e+00 -7.0000000000e+00
3.5949485411e-04 -1.5000000000e+00 1.5000000000e+00 -7.0000000000e+00
5.1676370371e-04 0.0000000000e+00 2.0000000000e+00 -7.0000000000e+00
1.6407385616e-03 -5.0000000000e-01 2.0000000000e+00 -7.0000000000e+00
1.1685407223e-03 -1.0000000000e+00 2.0000000000e+00 -7.0000000000e+00
1.3570536637e-04 5.0000000000e-01 2.5000000000e+00 -7.0000000000e+00
1.4389976541e-03 0.0000000000e+00 2.5000000000e+00 -7.0000000000e+00
1.7029143055e-03 -5.0000000000e-01 2.5000000000e+00 -7.0000000000e+00
1.7363808303e-04 -1.0000000000e+00 2.5000000000e+00 -7.0000000000e+00
8.2316134557e-04 5.0000000000e-01 3.0000000000e+00 -7.0000000000e+00
1.7425816989e-03 0.0000000000e+00 3.0000000000e+00 -7.0000000000e+00
8.4516592359e-04 -5.0000000000e-01 3.0000000000e+00 -7.0000000000e+00
2.6094788417e-04 1.0000000000e+00 3.5000000000e+00 -7.0000000000e+00
1.4079755273e-03 5.0000000000e-01 3.5000000000e+00 -7.0000000000e+00
1.3033994000e-03 0.0000000000e+00 3.5000000000e+00 -7.0000000000e+00
4.3918663320e-05 1.5000000000e+00 4.0000000000e+00 -7.0000000000e+00
8.2350303891e-04 1.0000000000e+00 4.0000000000e+00 -7.0000000000e+00
1.2490944964e-03 5.0000000000e-01 4.0000000000e+00 -7.0000000000e+00
3.2213394110e-04 0.0000000000e+00 4.0000000000e+00 -7.0000000000e+00
3.3138272382e-04 1.5000000000e+00 4.5000000000e+00 -7.0000000000e+00
8.9055990329e-04 1.0000000000e+00 4.5000000000e+00 -7.0000000000e+00
6.2294115964e-04 5.0000000000e-01 4.5000000000e+00 -7.0000000000e+00
7.9281232101e-05 2.0000000000e+00 5.0000000000e+00 -7.0000000000e+00
4.7359272447e-04 1.5000000000e+00 5.0000000000e+00 -7.0000000000e+00
5.3024865342e-04 1.0000000000e+00 5.0000000000e+00 -7.0000000000e+00
8.2843566488e-05 5.0000000000e-01 5.0000000000e+00 -7.0000000000e+00
1.6874529245e-04 2.0000000000e+00 5.5000000000e+00 -7.0000000000e+00
2.7579665133e-04 1.5000000000e+00 5.5000000000e+00 -7.0000000000e+00
4.0241327997e-05 2.5000000000e+00 6.0000000000e+00 -7.0000000000e+00
9.7817109404e-05 2.0000000000e+00 6.0000000000e+00 -7.0000000000e+00
7.2623325901e-05 1.5000000000e+00 6.0000000000e+00 -7.0000000000e+00
1.1936706733e-04 1.0000000000e+00 5.5000000000e+00 -7.0000000000e+00
5.1682516354e-05 -3.0000000000e+00 -1.5000000000e+00 -7.5000000000e+00
1.5231516403e-04 -2.5000000000e+00 -1.0000000000e+00 -7.5000000000e+00
9.6748015963e-05 -3.0000000000e+00 -1.0000000000e+00 -7.5000000000e+00
3.4280631002e-04 -2.0000000000e+00 -5.0000000000e-01 -7.5000000000e+00
4.6032821421e-04 -2.5000000000e+00 -5.0000000000e-01 -7.5000000000e+00
6.3956202892e-04 -1.5000000000e+00 0.0000000000e+00 -7.5000000000e+00
1.2337374675e-03 -2.0000000000e+00 0.0000000000e+00 -7.5000000000e+00
3.7290328800e-04 -2.5000000000e+00 0.0000000000e+00 -7.5000000000e+00
6.7167407879e-04 -1.0000000000e+00 5.0000000000e-01 -7.5000000000e+00
2.0276500752e-03 -1.5000000000e+00 5.0000000000e-01 -7.5000000000e+00
1.3935092072e-03 -2.0000000000e+00 5.0000000000e-01 -7.5000000000e+00
3.4093141965e-04 -5.0000000000e-01 1.0000000000e+00 -7.5000000000e+00
2.4817175427e-03 -1.0000000000e+00 1.0000000000e+00 -7.5000000000e+00
2.7513855938e-03 -1.5000000000e+00 1.0000000000e+00 -7.5000000000e+00
4.6830022621e-04 -2.0000000000e+00 1.0000000000e+00 -7.5000000000e+00
6.9760675744e-05 0.0000000000e+00 1.5000000000e+00 -7.5000000000e+00
2.0947056969e-03 -5.0000000000e-01 1.5000000000e+00 -7.5000000000e+00
3.7344215583e-03 -1.0000000000e+00 1.5000000000e+00 -7.5000000000e+00
2.0970342072e-03 -1.5000000000e+00 1.5000000000e+00 -7.5000000000e+00
1.0448603289e-03 0.0000000000e+00 2.0000000000e+00 -7.5000000000e+00
3.8850161697e-03 -5.0000000000e-01 2.0000000000e+00 -7.5000000000e+00
3.6827350418e-03 -1.0000000000e+00 2.0000000000e+00 -7.5000000000e+00
2.8588207549e-04 -1.5000000000e+00 2.0000000000e+00 -7.5000000000e+00
2.4819784734e-04 5.0000000000e-01 2.5000000000e+00 -7.5000000000e+00
3.0118613670e-03 0.0000000000e+00 2.5000000000e+00 -7.5000000000e+00
4.2114462741e-03 -5.0000000000e-01 2.5000000000e+00 -7.5000000000e+00
1.7420497812e-03 -1.0000000000e+00 2.5000000000e+00 -7.5000000000e+00
1.5114523369e-03 5.0000000000e-01 3.0000000000e+00 -7.5000000000e+00
3.8607289421e-03 0.0000000000e+00 3.0000000000e+00 -7.5000000000e+00
3.0330867302e-03 -5.0000000000e-01 3.0000000000e+00 -7.5000000000e+00
4.1702369447e-04 1.0000000000e+00 3.5000000000e+00 -7.5000000000e+00
2.7868882009e-03 5.0000000000e-01 3.5000000000e+00 -7.5000000000e+00
3.2134536804e-03 0.0000000000e+00 3.5000000000e+00 -7.5000000000e+00
5.9880831347e-04 -5.0000000000e-01 3.5000000000e+00 -7.5000000000e+00
6.0080808706e-05 1.5000000000e+00 4.0000000000e+00 -7.5000000000e+00
1.4158047541e-03 1.0000000000e+00 4.0000000000e+00 -7.5000000000e+00
2.5146830652e-03 5.0000000000e-01 4.0000000000e+00 -7.5000000000e+00
1.2998698631e-03 0.0000000000e+00 4.0000000000e+00 -7.5000000000e+00
4.8569391351e-04 1.5000000000e+00 4.5000000000e+00 -7.5000000000e+00
1.5152026631e-03 1.0000000000e+00 4.5000000000e+00 -7.5000000000e+00
1.3518411411e-03 5.0000000000e-01 4.5000000000e+00 -7.5000000000e+00
1.1209803309e-04 0.0000000000e+00 4.5000000000e+00 -7.5000000000e+00
1.0590762454e-04 2.0000000000e+00 5.0000000000e+00 -7.5000000000e+00
6.7803277449e-04 1.5000000000e+00 5.0000000000e+00 -7.5000000000e+00
8.6146040257e-04 1.0000000000e+00 5.0000000000e+00 -7.5000000000e+00
2.5779465410e-04 5.0000000000e-01 5.0000000000e+00 -7.5000000000e+00
2.0312012918e-04 2.0000000000e+00 5.5000000000e+00 -7.5000000000e+00
4.1527888791e-05 2.5000000000e+00 6.0000000000e+00 -7.5000000000e+00
1.1150497266e-04 2.0000000000e+00 6.0000000000e+00 -7.5000000000e+00
1.6349700149e-04 -3.0000000000e+00 -1.5000000000e+00 -8.0000000000e+00
9.0747453618e-05 1.5000000000e+00 6.0000000000e+00 -7.5000000000e+00
4.6965364406e-04 -2.5000000000e+00 -1.0000000000e+00 -8.0000000000e+00
2.5924122139e-04 -3.0000000000e+00 -1.0000000000e+00 -8.0000000000e+00
3.6722145042e-04 1.5000000000e+00 5.5000000000e+00 -7.5000000000e+00
2.0087687509e-04 1.0000000000e+00 5.5000000000e+00 -7.5000000000e+00
4.3887506535e-05 -2.0000000000e+00 -1.0000000000e+00 -8.0000000000e+00
9.7351212922e-04 -2.0000000000e+00 -5.0000000000e-01 -8.0000000000e+00
1.0918480148e-03 -2.5000000000e+00 -5.0000000000e-01 -8.0000000000e+00
1.4042573040e-04 -3.0000000000e+00 -5.0000000000e-01 -8.0000000000e+00
9.1144718956e-05 -1.5000000000e+00 -5.0000000000e-01 -8.0000000000e+00
1.5205928625e-03 -1.5000000000e+00 0.0000000000e+00 -8.0000000000e+00
2.5842556802e-03 -2.0000000000e+00 0.0000000000e+00 -8.0000000000e+00
9.8086658123e-04 -2.5000000000e+00 0.0000000000e+00 -8.0000000000e+00
9.4683351067e-05 -1.0000000000e+00 0.0000000000e+00 -8.0000000000e+00
1.4852039234e-03 -1.0000000000e+00 5.0000000000e-01 -8.0000000000e+00
3.9665134270e-03 -1.5000000000e+00 5.0000000000e-01 -8.0000000000e+00
2.9997515910e-03 -2.0000000000e+00 5.0000000000e-01 -8.0000000000e+00
2.2595090511e-04 -2.5000000000e+00 5.0000000000e-01 -8.0000000000e+00
4.1214100888e-05 -5.0000000000e-01 5.0000000000e-01 -8.0000000000e+00
7.4477105237e-04 -5.0000000000e-01 1.0000000000e+00 -8.0000000000e+00
4.5911283962e-03 -1.0000000000e+00 1.0000000000e+00 -8.0000000000e+00
5.3363197161e-03 -1.5000000000e+00 1.0000000000e+00 -8.0000000000e+00
1.6996851264e-03 -2.0000000000e+00 1.0000000000e+00 -8.0000000000e+00
1.6805267723e-04 0.0000000000e+00 1.5000000000e+00 -8.0000000000e+00
3.6984074703e-03 -5.0000000000e-01 1.5000000000e+00 -8.0000000000e+00
6.7215836836e-03 -1.0000000000e+00 1.5000000000e+00 -8.0000000000e+00
4.6120227657e-03 -1.5000000000e+00 1.5000000000e+00 -8.0000000000e+00
1.2250148347e-04 -2.0000000000e+00 1.5000000000e+00 -8.0000000000e+00
1.7862379724e-03 0.0000000000e+00 2.0000000000e+00 -8.0000000000e+00
6.6640501419e-03 -5.0000000000e-01 2.0000000000e+00 -8.0000000000e+00
6.8528636003e-03 -1.0000000000e+00 2.0000000000e+00 -8.0000000000e+00
1.6067958077e-03 -1.5000000000e+00 2.0000000000e+00 -8.0000000000e+00
4.4755404131e-04 5.0000000000e-01 2.5000000000e+00 -8.0000000000e+00
4.8555059827e-03 0.0000000000e+00 2.5000000000e+00 -8.0000000000e+00
7.2814855886e-03 -5.0000000000e-01 2.5000000000e+00 -8.0000000000e+00
4.0138956639e-03 -1.0000000000e+00 2.5000000000e+00 -8.0000000000e+00
2.3224297285e-03 5.0000000000e-01 3.0000000000e+00 -8.0000000000e+00
6.2244359706e-03 0.0000000000e+00 3.0000000000e+00 -8.0000000000e+00
5.6009756193e-03 -5.0000000000e-01 3.0000000000e+00 -8.0000000000e+00
6.1887227055e-04 -1.0000000000e+00 3.0000000000e+00 -8.0000000000e+00
6.4471302463e-04 1.0000000000e+00 3.5000000000e+00 -8.0000000000e+00
4.1541611258e-03 5.0000000000e-01 3.5000000000e+00 -8.0000000000e+00
5.1986325496e-03 0.0000000000e+00 3.5000000000e+00 -8.0000000000e+00
1.7258707426e-03 -5.0000000000e-01 3.5000000000e+00 -8.0000000000e+00
9.3925293191e-05 -5.0000000000e-01 4.0000000000e+00 -8.0000000000e+00
9.6216635486e-05 1.5000000000e+00 4.0000000000e+00 -8.0000000000e+00
1.9625471975e-03 1.0000000000e+00 4.0000000000e+00 -8.0000000000e+00
3.6707152789e-03 5.0000000000e-01 4.0000000000e+00 -8.0000000000e+00
2.3130356682e-03 0.0000000000e+00 4.0000000000e+00 -8.0000000000e+00
6.1025543018e-04 1.5000000000e+00 4.5000000000e+00 -8.0000000000e+00
1.9670398276e-03 1.0000000000e+00 4.5000000000e+00 -8.0000000000e+00
1.9039123639e-03 5.0000000000e-01 4.5000000000e+00 -8.0000000000e+00
1.2293194298e-04 2.0000000000e+00 5.0000000000e+00 -8.0000000000e+00
7.6899502664e-04 1.5000000000e+00 5.0000000000e+00 -8.0000000000e+00
2.1048608650e-04 2.0000000000e+00 5.5000000000e+00 -8.0000000000e+00
1.1341128138e-04 2.0000000000e+00 6.0000000000e+00 -8.0000000000e+00
6.0788054097e-05 -3.5000000000e+00 -2.0000000000e+00 -8.5000000000e+00
5.8231522707e-05 -3.0000000000e+00 -2.0000000000e+00 -8.5000000000e+00
3.4016928088e-04 -3.0000000000e+00 -1.5000000000e+00 -8.5000000000e+00
5.1074424002e-05 -3.5000000000e+00 -1.5000000000e+00 -8.5000000000e+00
9.8040456691e-05 1.5000000000e+00 6.0000000000e+00 -8.0000000000e+00
4.0419616716e-04 1.5000000000e+00 5.5000000000e+00 -8.0000000000e+00
1.0267684581e-04 -2.5000000000e+00 -1.5000000000e+00 -8.5000000000e+00
9.5866065591e-04 -2.5000000000e+00 -1.0000000000e+00 -8.5000000000e+00
4.5529775024e-04 -3.0000000000e+00 -1.0000000000e+00 -8.5000000000e+00
2.4546861818e-04 1.0000000000e+00 5.5000000000e+00 -8.0000000000e+00
2.0631329457e-04 -2.0000000000e+00 -1.0000000000e+00 -8.5000000000e+00
1.8060942464e-03 -2.0000000000e+00 -5.0000000000e-01 -8.5000000000e+00
1.7433341958e-03 -2.5000000000e+00 -5.0000000000e-01 -8.5000000000e+00
2.6217249732e-04 -3.0000000000e+00 -5.0000000000e-01 -8.5000000000e+00
1.0395259651e-03 1.0000000000e+00 5.0000000000e+00 -8.0000000000e+00
3.8907185119e-04 5.0000000000e-01 5.0000000000e+00 -8.0000000000e+00
3.0947738315e-04 -1.5000000000e+00 -5.0000000000e-01 -8.5000000000e+00
2.5853145631e-03 -1.5000000000e+00 0.0000000000e+00 -8.5000000000e+00
3.9507514469e-03 -2.0000000000e+00 0.0000000000e+00 -8.5000000000e+00
1.5311135200e-03 -2.5000000000e+00 0.0000000000e+00 -8.5000000000e+00
2.3165672468e-04 -1.0000000000e+00 0.0000000000e+00 -8.5000000000e+00
2.4647458978e-03 -1.0000000000e+00 5.0000000000e-01 -8.5000000000e+00
5.8541906982e-03 -1.5000000000e+00 5.0000000000e-01 -8.5000000000e+00
4.3836303007e-03 -2.0000000000e+00 5.0000000000e-01 -8.5000000000e+00
4.6785040109e-04 -2.5000000000e+00 5.0000000000e-01 -8.5000000000e+00
8.8018079152e-05 -5.0000000000e-01 5.0000000000e-01 -8.5000000000e+00
1.2967875284e-03 -5.0000000000e-01 1.0000000000e+00 -8.5000000000e+00
6.5730614197e-03 -1.0000000000e+00 1.0000000000e+00 -8.5000000000e+00
7.4784375143e-03 -1.5000000000e+00 1.0000000000e+00 -8.5000000000e+00
2.4729360967e-03 -2.0000000000e+00 1.0000000000e+00 -8.5000000000e+00
3.4724318089e-04 0.0000000000e+00 1.5000000000e+00 -8.5000000000e+00
5.2156332674e-03 -5.0000000000e-01 1.5000000000e+00 -8.5000000000e+00
9.0929407548e-03 -1.0000000000e+00 1.5000000000e+00 -8.5000000000e+00
6.2380741604e-03 -1.5000000000e+00 1.5000000000e+00 -8.5000000000e+00
4.6839823002e-04 -2.0000000000e+00 1.5000000000e+00 -8.5000000000e+00
3.3973668817e-04 0.0000000000e+00 4.5000000000e+00 -8.0000000000e+00
2.5700901534e-03 0.0000000000e+00 2.0000000000e+00 -8.5000000000e+00
8.7206190418e-03 -5.0000000000e-01 2.0000000000e+00 -8.5000000000e+00
9.0119988803e-03 -1.0000000000e+00 2.0000000000e+00 -8.5000000000e+00
2.2829668902e-03 -1.5000000000e+00 2.0000000000e+00 -8.5000000000e+00
5.1401304432e-03 -1.0000000000e+00 2.5000000000e+00 -8.5000000000e+00
6.9586880738e-04 5.0000000000e-01 2.5000000000e+00 -8.5000000000e+00
6.2267102639e-03 0.0000000000e+00 2.5000000000e+00 -8.5000000000e+00
9.2810810601e-03 -5.0000000000e-01 2.5000000000e+00 -8.5000000000e+00
2.4174466531e-04 -1.5000000000e+00 2.5000000000e+00 -8.5000000000e+00
2.9731344664e-03 5.0000000000e-01 3.0000000000e+00 -8.5000000000e+00
7.5540108710e-03 0.0000000000e+00 3.0000000000e+00 -8.5000000000e+00
6.7758708929e-03 -5.0000000000e-01 3.0000000000e+00 -8.5000000000e+00
1.0396468275e-03 -1.0000000000e+00 3.0000000000e+00 -8.5000000000e+00
2.1855521965e-03 -5.0000000000e-01 3.5000000000e+00 -8.5000000000e+00
5.2932059372e-05 -1.0000000000e+00 3.5000000000e+00 -8.5000000000e+00
8.3276620872e-04 1.0000000000e+00 3.5000000000e+00 -8.5000000000e+00
4.8086035578e-03 5.0000000000e-01 3.5000000000e+00 -8.5000000000e+00
6.0032381246e-03 0.0000000000e+00 3.5000000000e+00 -8.5000000000e+00
2.2777715926e-04 -5.0000000000e-01 4.0000000000e+00 -8.5000000000e+00
1.3627184371e-04 1.5000000000e+00 4.0000000000e+00 -8.5000000000e+00
2.1724134375e-03 1.0000000000e+00 4.0000000000e+00 -8.5000000000e+00
4.0242089350e-03 5.0000000000e-01 4.0000000000e+00 -8.5000000000e+00
2.6163993887e-03 0.0000000000e+00 4.0000000000e+00 -8.5000000000e+00
6.4067228815e-04 1.5000000000e+00 4.5000000000e+00 -8.5000000000e+00
2.0413638584e-03 1.0000000000e+00 4.5000000000e+00 -8.5000000000e+00
1.2240598560e-04 2.0000000000e+00 5.0000000000e+00 -8.5000000000e+00
7.6790256560e-04 1.5000000000e+00 5.0000000000e+00 -8.5000000000e+00
2.0007857274e-04 2.0000000000e+00 5.5000000000e+00 -8.5000000000e+00
1.0627054343e-04 2.0000000000e+00 6.0000000000e+00 -8.5000000000e+00
5.0576956636e-05 -3.5000000000e+00 -2.5000000000e+00 -9.0000000000e+00
9.3126248299e-05 -3.5000000000e+00 -2.0000000000e+00 -9.0000000000e+00
9.7122933721e-05 1.5000000000e+00 6.0000000000e+00 -8.5000000000e+00
1.4359423893e-04 -3.0000000000e+00 -2.0000000000e+00 -9.0000000000e+00
4.9060135982e-04 -3.0000000000e+00 -1.5000000000e+00 -9.0000000000e+00
7.6457067372e-05 -3.5000000000e+00 -1.5000000000e+00 -9.0000000000e+00
4.0059371380e-04 1.5000000000e+00 5.5000000000e+00 -8.5000000000e+00
2.8463919632e-04 -2.5000000000e+00 -1.5000000000e+00 -9.0000000000e+00
1.3844422311e-03 -2.5000000000e+00 -1.0000000000e+00 -9.0000000000e+00
5.6115913561e-04 -3.0000000000e+00 -1.0000000000e+00 -9.0000000000e+00
2.6073203998e-04 1.0000000000e+00 5.5000000000e+00 -8.5000000000e+00
4.9948590668e-04 -2.0000000000e+00 -1.0000000000e+00 -9.0000000000e+00
2.4777825725e-03 -2.0000000000e+00 -5.0000000000e-01 -9.0000000000e+00
2.0825258307e-03 -2.5000000000e+00 -5.0000000000e-01 -9.0000000000e+00
2.6953235999e-04 -3.0000000000e+00 -5.0000000000e-01 -9.0000000000e+00
1.0570548831e-03 1.0000000000e+00 5.0000000000e+00 -8.5000000000e+00
6.0998536581e-04 -1.5000000000e+00 -5.0000000000e-01 -9.0000000000e+00
3.3704532180e-03 -1.5000000000e+00 0.0000000000e+00 -9.0000000000e+00
4.5430502046e-03 -2.0000000000e+00 0.0000000000e+00 -9.0000000000e+00
1.5991330770e-03 -2.5000000000e+00 0.0000000000e+00 -9.0000000000e+00
4.1948206483e-04 -1.0000000000e+00 0.0000000000e+00 -9.0000000000e+00
3.1842668236e-03 -1.0000000000e+00 5.0000000000e-01 -9.0000000000e+00
6.6705315940e-03 -1.5000000000e+00 5.0000000000e-01 -9.0000000000e+00
4.6430820562e-03 -2.0000000000e+00 5.0000000000e-01 -9.0000000000e+00
4.7157473610e-04 -2.5000000000e+00 5.0000000000e-01 -9.0000000000e+00
4.2692548987e-04 5.0000000000e-01 5.0000000000e+00 -8.5000000000e+00
2.0092783764e-03 5.0000000000e-01 4.5000000000e+00 -8.5000000000e+00
1.5742712679e-04 -5.0000000000e-01 5.0000000000e-01 -9.0000000000e+00
1.7637971177e-03 -5.0000000000e-01 1.0000000000e+00 -9.0000000000e+00
7.3756574380e-03 -1.0000000000e+00 1.0000000000e+00 -9.0000000000e+00
7.9371066936e-03 -1.5000000000e+00 1.0000000000e+00 -9.0000000000e+00
2.4912095301e-03 -2.0000000000e+00 1.0000000000e+00 -9.0000000000e+00
4.6848660719e-05 -2.5000000000e+00 1.0000000000e+00 -9.0000000000e+00
4.2683491047e-04 0.0000000000e+00 4.5000000000e+00 -8.5000000000e+00
5.1560686267e-04 0.0000000000e+00 1.5000000000e+00 -9.0000000000e+00
5.8893503397e-03 -5.0000000000e-01 1.5000000000e+00 -9.0000000000e+00
9.6064136354e-03 -1.0000000000e+00 1.5000000000e+00 -9.0000000000e+00
6.3499448237e-03 -1.5000000000e+00 1.5000000000e+00 -9.0000000000e+00
4.7416330846e-04 -2.0000000000e+00 1.5000000000e+00 -9.0000000000e+00
9.2433197024e-03 -1.0000000000e+00 2.0000000000e+00 -9.0000000000e+00
2.9973048812e-03 0.0000000000e+00 2.0000000000e+00 -9.0000000000e+00
9.1360531541e-03 -5.0000000000e-01 2.0000000000e+00 -9.0000000000e+00
2.2817225267e-03 -1.5000000000e+00 2.0000000000e+00 -9.0000000000e+00
2.6640014396e-04 -1.5000000000e+00 2.5000000000e+00 -9.0000000000e+00
8.4845447833e-04 5.0000000000e-01 2.5000000000e+00 -9.0000000000e+00
6.4886902995e-03 0.0000000000e+00 2.5000000000e+00 -9.0000000000e+00
9.4921149182e-03 -5.0000000000e-01 2.5000000000e+00 -9.0000000000e+00
5.1590553266e-03 -1.0000000000e+00 2.5000000000e+00 -9.0000000000e+00
1.0588967868e-03 -1.0000000000e+00 3.0000000000e+00 -9.0000000000e+00
7.0995906481e-05 1.0000000000e+00 3.0000000000e+00 -9.0000000000e+00
3.0945892648e-03 5.0000000000e-01 3.0000000000e+00 -9.0000000000e+00
7.6309931907e-03 0.0000000000e+00 3.0000000000e+00 -9.0000000000e+00
6.7949725575e-03 -5.0000000000e-01 3.0000000000e+00 -9.0000000000e+00
7.9619639231e-05 -1.0000000000e+00 3.5000000000e+00 -9.0000000000e+00
2.2071968766e-03 -5.0000000000e-01 3.5000000000e+00 -9.0000000000e+00
8.8759769308e-04 1.0000000000e+00 3.5000000000e+00 -9.0000000000e+00
4.7969599286e-03 5.0000000000e-01 3.5000000000e+00 -9.0000000000e+00
5.9958714166e-03 0.0000000000e+00 3.5000000000e+00 -9.0000000000e+00
2.4494522960e-04 -5.0000000000e-01 4.0000000000e+00 -9.0000000000e+00
1.5151734073e-04 1.5000000000e+00 4.0000000000e+00 -9.0000000000e+00
2.1374229533e-03 1.0000000000e+00 4.0000000000e+00 -9.0000000000e+00
3.9676621850e-03 5.0000000000e-01 4.0000000000e+00 -9.0000000000e+00
4.4277500722e-04 0.0000000000e+00 4.5000000000e+00 -9.0000000000e+00
2.6283734214e-03 0.0000000000e+00 4.0000000000e+00 -9.0000000000e+00
6.1061525689e-04 1.5000000000e+00 4.5000000000e+00 -9.0000000000e+00
1.1240691136e-04 2.0000000000e+00 5.0000000000e+00 -9.0000000000e+00
1.6363330177e-04 2.0000000000e+00 5.5000000000e+00 -9.0000000000e+00
8.1183807950e-05 2.0000000000e+00 6.0000000000e+00 -9.0000000000e+00
7.7066910996e-05 1.5000000000e+00 6.0000000000e+00 -9.0000000000e+00
7.9417011515e-05 -3.5000000000e+00 -2.5000000000e+00 -9.5000000000e+00
1.1456570028e-04 -3.5000000000e+00 -2.0000000000e+00 -9.5000000000e+00
3.4170637111e-04 1.5000000000e+00 5.5000000000e+00 -9.0000000000e+00
2.2952766704e-04 -3.0000000000e+00 -2.0000000000e+00 -9.5000000000e+00
5.4992122836e-04 -3.0000000000e+00 -1.5000000000e+00 -9.5000000000e+00
7.2526683862e-05 -3.5000000000e+00 -1.5000000000e+00 -9.5000000000e+00
2.4132982479e-04 1.0000000000e+00 5.5000000000e+00 -9.0000000000e+00
6.8338521568e-04 1.5000000000e+00 5.0000000000e+00 -9.0000000000e+00
4.5297525022e-04 -2.5000000000e+00 -1.5000000000e+00 -9.5000000000e+00
1.5036782479e-03 -2.5000000000e+00 -1.0000000000e+00 -9.5000000000e+00
5.5521914575e-04 -3.0000000000e+00 -1.0000000000e+00 -9.5000000000e+00
9.8735464108e-04 1.0000000000e+00 5.0000000000e+00 -9.0000000000e+00
2.5950616266e-04 -3.0000000000e+00 -5.0000000000e-01 -9.5000000000e+00
7.3288243013e-04 -2.0000000000e+00 -1.0000000000e+00 -9.5000000000e+00
2.6161201681e-03 -2.0000000000e+00 -5.0000000000e-01 -9.5000000000e+00
2.0577043645e-03 -2.5000000000e+00 -5.0000000000e-01 -9.5000000000e+00
4.2393017882e-04 5.0000000000e-01 5.0000000000e+00 -9.0000000000e+00
1.9555073159e-03 1.0000000000e+00 4.5000000000e+00 -9.0000000000e+00
5.1355775328e-05 -1.5000000000e+00 -1.0000000000e+00 -9.5000000000e+00
8.2792885969e-04 -1.5000000000e+00 -5.0000000000e-01 -9.5000000000e+00
3.4909071477e-03 -1.5000000000e+00 0.0000000000e+00 -9.5000000000e+00
4.5027563522e-03 -2.0000000000e+00 0.0000000000e+00 -9.5000000000e+00
1.5696561090e-03 -2.5000000000e+00 0.0000000000e+00 -9.5000000000e+00
4.1142261101e-05 -1.0000000000e+00 -5.0000000000e-01 -9.5000000000e+00
5.5441110807e-04 -1.0000000000e+00 0.0000000000e+00 -9.5000000000e+00
3.2943814287e-03 -1.0000000000e+00 5.0000000000e-01 -9.5000000000e+00
6.6161093016e-03 -1.5000000000e+00 5.0000000000e-01 -9.5000000000e+00
4.5655395032e-03 -2.0000000000e+00 5.0000000000e-01 -9.5000000000e+00
4.5266556847e-04 -2.5000000000e+00 5.0000000000e-01 -9.5000000000e+00
2.1279362799e-04 -5.0000000000e-01 5.0000000000e-01 -9.5000000000e+00
1.9053294328e-03 -5.0000000000e-01 1.0000000000e+00 -9.5000000000e+00
7.3003374106e-03 -1.0000000000e+00 1.0000000000e+00 -9.5000000000e+00
7.8046497730e-03 -1.5000000000e+00 1.0000000000e+00 -9.5000000000e+00
2.4358832837e-03 -2.0000000000e+00 1.0000000000e+00 -9.5000000000e+00
4.5624992895e-05 -2.5000000000e+00 1.0000000000e+00 -9.5000000000e+00
1.9626698279e-03 5.0000000000e-01 4.5000000000e+00 -9.0000000000e+00
6.1125524366e-04 0.0000000000e+00 1.5000000000e+00 -9.5000000000e+00
5.8140379481e-03 -5.0000000000e-01 1.5000000000e+00 -9.5000000000e+00
9.3837533351e-03 -1.0000000000e+00 1.5000000000e+00 -9.5000000000e+00
6.2043550612e-03 -1.5000000000e+00 1.5000000000e+00 -9.5000000000e+00
4.5255604935e-04 -2.0000000000e+00 1.5000000000e+00 -9.5000000000e+00
2.2318642063e-03 -1.5000000000e+00 2.0000000000e+00 -9.5000000000e+00
5.2388000627e-05 5.0000000000e-01 2.0000000000e+00 -9.5000000000e+00
2.9645890542e-03 0.0000000000e+00 2.0000000000e+00 -9.5000000000e+00
8.8610706176e-03 -5.0000000000e-01 2.0000000000e+00 -9.5000000000e+00
2.5959549483e-04 -1.5000000000e+00 2.5000000000e+00 -9.5000000000e+00
8.9805287168e-03 -1.0000000000e+00 2.0000000000e+00 -9.5000000000e+00
8.8348037801e-04 5.0000000000e-01 2.5000000000e+00 -9.5000000000e+00
6.2147721158e-03 0.0000000000e+00 2.5000000000e+00 -9.5000000000e+00
9.1341465320e-03 -5.0000000000e-01 2.5000000000e+00 -9.5000000000e+00
4.9943248067e-03 -1.0000000000e+00 2.5000000000e+00 -9.5000000000e+00
1.0567154276e-03 -1.0000000000e+00 3.0000000000e+00 -9.5000000000e+00
1.0068634713e-04 1.0000000000e+00 3.0000000000e+00 -9.5000000000e+00
2.9313458100e-03 5.0000000000e-01 3.0000000000e+00 -9.5000000000e+00
7.1572517713e-03 0.0000000000e+00 3.0000000000e+00 -9.5000000000e+00
8.2229520023e-05 -1.0000000000e+00 3.5000000000e+00 -9.5000000000e+00
2.1548995740e-03 -5.0000000000e-01 3.5000000000e+00 -9.5000000000e+00
6.4373717782e-03 -5.0000000000e-01 3.0000000000e+00 -9.5000000000e+00
8.4972048261e-04 1.0000000000e+00 3.5000000000e+00 -9.5000000000e+00
4.3162290885e-03 5.0000000000e-01 3.5000000000e+00 -9.5000000000e+00
2.5441770207e-04 -5.0000000000e-01 4.0000000000e+00 -9.5000000000e+00
2.3848595961e-03 0.0000000000e+00 4.0000000000e+00 -9.5000000000e+00
5.4576696131e-03 0.0000000000e+00 3.5000000000e+00 -9.5000000000e+00
3.4073655528e-03 5.0000000000e-01 4.0000000000e+00 -9.5000000000e+00
1.5549030791e-04 1.5000000000e+00 4.0000000000e+00 -9.5000000000e+00
4.2981499479e-04 0.0000000000e+00 4.5000000000e+00 -9.5000000000e+00
5.1492662855e-04 1.5000000000e+00 4.5000000000e+00 -9.5000000000e+00
3.4216776963e-04 5.0000000000e-01 5.0000000000e+00 -9.5000000000e+00
9.3609361057e-05 2.0000000000e+00 5.0000000000e+00 -9.5000000000e+00
1.1322177473e-04 2.0000000000e+00 5.5000000000e+00 -9.5000000000e+00
4.9293607992e-05 2.0000000000e+00 6.0000000000e+00 -9.5000000000e+00
4.3954820298e-05 1.5000000000e+00 6.0000000000e+00 -9.5000000000e+00
2.3711739032e-04 1.5000000000e+00 5.5000000000e+00 -9.5000000000e+00
8.3605035985e-05 -3.5000000000e+00 -2.5000000000e+00 -1.0000000000e+01
1.0648513419e-04 -3.5000000000e+00 -2.0000000000e+00 -1.0000000000e+01
6.2356204063e-05 -3.5000000000e+00 -1.5000000000e+00 -1.0000000000e+01
4.1727906622e-05 -3.0000000000e+00 -2.5000000000e+00 -1.0000000000e+01
2.7290090659e-04 -3.0000000000e+00 -2.0000000000e+00 -1.0000000000e+01
5.1050645144e-04 -3.0000000000e+00 -1.5000000000e+00 -1.0000000000e+01
1.6578473527e-04 1.0000000000e+00 5.5000000000e+00 -9.5000000000e+00
4.9527988045e-04 1.5000000000e+00 5.0000000000e+00 -9.5000000000e+00
7.2793660066e-04 1.0000000000e+00 5.0000000000e+00 -9.5000000000e+00
5.8574100098e-05 -2.5000000000e+00 -2.0000000000e+00 -1.0000000000e+01
5.3947567932e-04 -2.5000000000e+00 -1.5000000000e+00 -1.0000000000e+01
1.3974917794e-03 -2.5000000000e+00 -1.0000000000e+00 -1.0000000000e+01
5.0052123885e-04 -3.0000000000e+00 -1.0000000000e+00 -1.0000000000e+01
2.4055167408e-04 -3.0000000000e+00 -5.0000000000e-01 -1.0000000000e+01
7.6554189650e-05 -2.0000000000e+00 -1.5000000000e+00 -1.0000000000e+01
8.2821342226e-04 -2.0000000000e+00 -1.0000000000e+00 -1.0000000000e+01
2.4371477495e-03 -2.0000000000e+00 -5.0000000000e-01 -1.0000000000e+01
1.8091902407e-03 -2.5000000000e+00 -5.0000000000e-01 -1.0000000000e+01
1.5460614296e-03 1.0000000000e+00 4.5000000000e+00 -9.5000000000e+00
6.9909920662e-05 -1.5000000000e+00 -1.0000000000e+00 -1.0000000000e+01
9.0826617514e-04 -1.5000000000e+00 -5.0000000000e-01 -1.0000000000e+01
3.2011979454e-03 -1.5000000000e+00 0.0000000000e+00 -1.0000000000e+01
3.9144588571e-03 -2.0000000000e+00 0.0000000000e+00 -1.0000000000e+01
4.3762618549e-04 -2.5000000000e+00 5.0000000000e-01 -1.0000000000e+01
1.3790908935e-03 -2.5000000000e+00 0.0000000000e+00 -1.0000000000e+01
4.5942151423e-05 -1.0000000000e+00 -5.0000000000e-01 -1.0000000000e+01
6.1186798294e-04 -1.0000000000e+00 0.0000000000e+00 -1.0000000000e+01
3.0254859760e-03 -1.0000000000e+00 5.0000000000e-01 -1.0000000000e+01
5.7338885548e-03 -1.5000000000e+00 5.0000000000e-01 -1.0000000000e+01
2.1829827497e-03 -2.0000000000e+00 1.0000000000e+00 -1.0000000000e+01
2.4653658720e-04 -5.0000000000e-01 5.0000000000e-01 -1.0000000000e+01
1.8033655673e-03 -5.0000000000e-01 1.0000000000e+00 -1.0000000000e+01
6.2682161739e-03 -1.0000000000e+00 1.0000000000e+00 -1.0000000000e+01
5.2396521147e-03 -1.5000000000e+00 1.5000000000e+00 -1.0000000000e+01
4.0760921480e-05 0.0000000000e+00 1.0000000000e+00 -1.0000000000e+01
6.1317486021e-04 0.0000000000e+00 1.5000000000e+00 -1.0000000000e+01
5.0004840078e-03 -5.0000000000e-01 1.5000000000e+00 -1.0000000000e+01
7.3607507800e-03 -1.0000000000e+00 2.0000000000e+00 -1.0000000000e+01
8.1373280847e-05 5.0000000000e-01 2.0000000000e+00 -1.0000000000e+01
2.5933718042e-03 0.0000000000e+00 2.0000000000e+00 -1.0000000000e+01
7.2309102651e-03 -5.0000000000e-01 2.0000000000e+00 -1.0000000000e+01
2.5737912815e-04 -1.5000000000e+00 2.5000000000e+00 -1.0000000000e+01
7.2464651807e-03 -5.0000000000e-01 2.5000000000e+00 -1.0000000000e+01
8.1989191841e-04 5.0000000000e-01 2.5000000000e+00 -1.0000000000e+01
9.8812205976e-04 -1.0000000000e+00 3.0000000000e+00 -1.0000000000e+01
1.2648342085e-04 1.0000000000e+00 3.0000000000e+00 -1.0000000000e+01
8.3913345592e-05 -1.0000000000e+00 3.5000000000e+00 -1.0000000000e+01
2.3436134429e-03 5.0000000000e-01 3.0000000000e+00 -1.0000000000e+01
5.4356441440e-03 0.0000000000e+00 3.0000000000e+00 -1.0000000000e+01
1.6677002115e-03 -5.0000000000e-01 3.5000000000e+00 -1.0000000000e+01
2.3865721579e-04 -5.0000000000e-01 4.0000000000e+00 -1.0000000000e+01
7.2101299837e-04 1.0000000000e+00 3.5000000000e+00 -1.0000000000e+01
1.6211973956e-03 0.0000000000e+00 4.0000000000e+00 -1.0000000000e+01
1.4891788244e-04 1.5000000000e+00 4.0000000000e+00 -1.0000000000e+01
2.9705395439e-04 0.0000000000e+00 4.5000000000e+00 -1.0000000000e+01
1.9056463175e-04 5.0000000000e-01 5.0000000000e+00 -1.0000000000e+01
7.1182338069e-05 2.0000000000e+00 5.0000000000e+00 -1.0000000000e+01
6.3153107031e-05 2.0000000000e+00 5.5000000000e+00 -1.0000000000e+01
1.2143014964e-04 1.5000000000e+00 5.5000000000e+00 -1.0000000000e+01
6.8263204082e-05 -3.5000000000e+00 -2.5000000000e+00 -1.0500000000e+01
4.9402871891e-05 -3.5000000000e+00 -1.5000000000e+00 -1.0500000000e+01
7.4470374717e-05 -3.5000000000e+00 -2.0000000000e+00 -1.0500000000e+01
6.4295438342e-05 1.0000000000e+00 5.5000000000e+00 -1.0000000000e+01
2.9996077072e-04 1.5000000000e+00 5.0000000000e+00 -1.0000000000e+01
6.4402007422e-05 -3.0000000000e+00 -2.5000000000e+00 -1.0500000000e+01
2.3869009763e-04 -3.0000000000e+00 -2.0000000000e+00 -1.0500000000e+01
3.6215670543e-04 -3.0000000000e+00 -1.5000000000e+00 -1.0500000000e+01
4.1526166843e-04 1.0000000000e+00 5.0000000000e+00 -1.0000000000e+01
3.6998740821e-04 1.5000000000e+00 4.5000000000e+00 -1.0000000000e+01
1.0296033590e-04 -2.5000000000e+00 -2.0000000000e+00 -1.0500000000e+01
4.7837098969e-04 -2.5000000000e+00 -1.5000000000e+00 -1.0500000000e+01
1.0011801428e-03 -2.5000000000e+00 -1.0000000000e+00 -1.0500000000e+01
1.7504069130e-04 -3.0000000000e+00 -5.0000000000e-01 -1.0500000000e+01
3.3801247483e-04 -3.0000000000e+00 -1.0000000000e+00 -1.0500000000e+01
1.2542133861e-04 -2.0000000000e+00 -1.5000000000e+00 -1.0500000000e+01
7.2087802349e-04 -2.0000000000e+00 -1.0000000000e+00 -1.0500000000e+01
1.7420043881e-03 -2.0000000000e+00 -5.0000000000e-01 -1.0500000000e+01
8.9129945391e-04 -2.5000000000e+00 0.0000000000e+00 -1.0500000000e+01
1.1784902959e-03 -2.5000000000e+00 -5.0000000000e-01 -1.0500000000e+01
9.8361965308e-04 1.0000000000e+00 4.5000000000e+00 -1.0000000000e+01
9.4402595986e-05 -1.5000000000e+00 -1.0000000000e+00 -1.0500000000e+01
7.9367998706e-04 -1.5000000000e+00 -5.0000000000e-01 -1.0500000000e+01
3.6037055291e-04 -2.5000000000e+00 5.0000000000e-01 -1.0500000000e+01
2.2543087995e-03 -1.5000000000e+00 0.0000000000e+00 -1.0500000000e+01
2.5511388698e-03 -2.0000000000e+00 0.0000000000e+00 -1.0500000000e+01
4.8546511328e-05 -1.0000000000e+00 -5.0000000000e-01 -1.0500000000e+01
5.6024584829e-04 -1.0000000000e+00 0.0000000000e+00 -1.0500000000e+01
4.2409641928e-05 -2.5000000000e+00 1.0000000000e+00 -1.0500000000e+01
2.1624542229e-03 -1.0000000000e+00 5.0000000000e-01 -1.0500000000e+01
3.7488793627e-03 -1.5000000000e+00 5.0000000000e-01 -1.0500000000e+01
1.4500943312e-03 -2.0000000000e+00 1.0000000000e+00 -1.0500000000e+01
2.4988524560e-03 -2.0000000000e+00 5.0000000000e-01 -1.0500000000e+01
2.3980783584e-04 -5.0000000000e-01 5.0000000000e-01 -1.0500000000e+01
1.3796314120e-03 -5.0000000000e-01 1.0000000000e+00 -1.0500000000e+01
4.0332225214e-04 -2.0000000000e+00 1.5000000000e+00 -1.0500000000e+01
4.1027130882e-03 -1.0000000000e+00 1.0000000000e+00 -1.0500000000e+01
3.2944857928e-03 -1.5000000000e+00 1.5000000000e+00 -1.0500000000e+01
5.1145285519e-05 0.0000000000e+00 1.0000000000e+00 -1.0500000000e+01
5.3415456384e-04 0.0000000000e+00 1.5000000000e+00 -1.0500000000e+01
1.3435872669e-03 -1.5000000000e+00 2.0000000000e+00 -1.0500000000e+01
3.3389525276e-03 -5.0000000000e-01 1.5000000000e+00 -1.0500000000e+01
4.5816260882e-03 -1.0000000000e+00 2.0000000000e+00 -1.0500000000e+01
1.0557272173e-04 5.0000000000e-01 2.0000000000e+00 -1.0500000000e+01
2.3795790095e-04 -1.5000000000e+00 2.5000000000e+00 -1.0500000000e+01
4.4403089507e-03 -5.0000000000e-01 2.5000000000e+00 -1.0500000000e+01
6.4198198095e-04 5.0000000000e-01 2.5000000000e+00 -1.0500000000e+01
6.2439774544e-04 -1.0000000000e+00 3.0000000000e+00 -1.0500000000e+01
2.7786961921e-03 -5.0000000000e-01 3.0000000000e+00 -1.0500000000e+01
3.2121571589e-03 0.0000000000e+00 3.0000000000e+00 -1.0500000000e+01
8.3818889066e-05 -1.0000000000e+00 3.5000000000e+00 -1.0500000000e+01
1.3511827988e-04 1.0000000000e+00 3.0000000000e+00 -1.0500000000e+01
8.8458181903e-04 -5.0000000000e-01 3.5000000000e+00 -1.0500000000e+01
1.8160507320e-03 5.0000000000e-01 3.5000000000e+00 -1.0500000000e+01
1.4582396415e-04 -5.0000000000e-01 4.0000000000e+00 -1.0500000000e+01
7.6396623430e-04 0.0000000000e+00 4.0000000000e+00 -1.0500000000e+01
1.1888997460e-04 0.0000000000e+00 4.5000000000e+00 -1.0500000000e+01
1.2231323918e-04 1.5000000000e+00 4.0000000000e+00 -1.0500000000e+01
4.6664162955e-05 5.0000000000e-01 5.0000000000e+00 -1.0500000000e+01
1.3528063012e-04 1.5000000000e+00 5.0000000000e+00 -1.0500000000e+01
4.1353299778e-05 -3.5000000000e+00 -2.5000000000e+00 -1.1000000000e+01
4.1297386640e-05 2.0000000000e+00 5.0000000000e+00 -1.0500000000e+01
1.7000811734e-04 -3.0000000000e+00 -1.5000000000e+00 -1.1000000000e+01
6.0612225983e-05 -3.0000000000e+00 -2.5000000000e+00 -1.1000000000e+01
1.3423950423e-04 -3.0000000000e+00 -1.0000000000e+00 -1.1000000000e+01
1.3942629527e-04 -3.0000000000e+00 -2.0000000000e+00 -1.1000000000e+01
1.5969404018e-04 1.0000000000e+00 5.0000000000e+00 -1.0500000000e+01
2.1508271357e-04 1.5000000000e+00 4.5000000000e+00 -1.0500000000e+01
9.9527026115e-05 -2.5000000000e+00 -2.0000000000e+00 -1.1000000000e+01
6.9690563676e-05 -3.0000000000e+00 -5.0000000000e-01 -1.1000000000e+01
3.0239236194e-04 -2.5000000000e+00 -1.5000000000e+00 -1.1000000000e+01
4.8540832630e-04 -2.5000000000e+00 -1.0000000000e+00 -1.1000000000e+01
5.0653534155e-04 -2.5000000000e+00 -5.0000000000e-01 -1.1000000000e+01
4.7858810623e-04 1.0000000000e+00 4.5000000000e+00 -1.0500000000e+01
1.2043025337e-04 -2.0000000000e+00 -1.5000000000e+00 -1.1000000000e+01
3.4797674994e-04 -2.5000000000e+00 0.0000000000e+00 -1.1000000000e+01
4.5112711156e-04 -2.0000000000e+00 -1.0000000000e+00 -1.1000000000e+01
1.1476683652e-03 -2.0000000000e+00 0.0000000000e+00 -1.1000000000e+01
8.9190821890e-04 -2.0000000000e+00 -5.0000000000e-01 -1.1000000000e+01
9.7174085968e-05 -1.5000000000e+00 -1.0000000000e+00 -1.1000000000e+01
1.5798845897e-04 -2.5000000000e+00 5.0000000000e-01 -1.1000000000e+01
5.0262432798e-04 -1.5000000000e+00 -5.0000000000e-01 -1.1000000000e+01
1.0200419464e-03 -2.0000000000e+00 5.0000000000e-01 -1.1000000000e+01
1.7261030844e-03 -1.5000000000e+00 5.0000000000e-01 -1.1000000000e+01
4.9151101128e-05 -1.0000000000e+00 -5.0000000000e-01 -1.1000000000e+01
4.7743369409e-05 -2.5000000000e+00 1.0000000000e+00 -1.1000000000e+01
3.8345304464e-04 -1.0000000000e+00 0.0000000000e+00 -1.1000000000e+01
5.7323793057e-04 -2.0000000000e+00 1.0000000000e+00 -1.1000000000e+01
1.9175818486e-03 -1.0000000000e+00 1.0000000000e+00 -1.1000000000e+01
2.0209499527e-04 -2.0000000000e+00 1.5000000000e+00 -1.1000000000e+01
1.8561010752e-04 -5.0000000000e-01 5.0000000000e-01 -1.1000000000e+01
1.2947205239e-03 -1.5000000000e+00 1.5000000000e+00 -1.1000000000e+01
5.0989835853e-05 0.0000000000e+00 1.0000000000e+00 -1.1000000000e+01
3.5327467605e-04 0.0000000000e+00 1.5000000000e+00 -1.1000000000e+01
1.6292169598e-03 -5.0000000000e-01 1.5000000000e+00 -1.1000000000e+01
5.2263128395e-04 -1.5000000000e+00 2.0000000000e+00 -1.1000000000e+01
1.2026633347e-04 -1.5000000000e+00 2.5000000000e+00 -1.1000000000e+01
9.7592925407e-05 5.0000000000e-01 2.0000000000e+00 -1.1000000000e+01
8.4716120461e-04 -1.0000000000e+00 2.5000000000e+00 -1.1000000000e+01
9.7674089758e-04 0.0000000000e+00 2.0000000000e+00 -1.1000000000e+01
1.8381024638e-03 -5.0000000000e-01 2.5000000000e+00 -1.1000000000e+01
2.0934645482e-04 -1.0000000000e+00 3.0000000000e+00 -1.1000000000e+01
9.3126272811e-04 -5.0000000000e-01 3.0000000000e+00 -1.1000000000e+01
4.0229683387e-04 5.0000000000e-01 2.5000000000e+00 -1.1000000000e+01
1.3268523344e-03 0.0000000000e+00 3.0000000000e+00 -1.1000000000e+01
2.2199319757e-04 -5.0000000000e-01 3.5000000000e+00 -1.1000000000e+01
1.1489448057e-04 1.0000000000e+00 3.0000000000e+00 -1.1000000000e+01
7.0847204316e-04 0.0000000000e+00 3.5000000000e+00 -1.1000000000e+01
7.2612332752e-04 5.0000000000e-01 3.5000000000e+00 -1.1000000000e+01
1.6195875762e-04 0.0000000000e+00 4.0000000000e+00 -1.1000000000e+01
2.8869327738e-04 1.0000000000e+00 4.0000000000e+00 -1.1000000000e+01
7.5166165119e-05 5.0000000000e-01 4.5000000000e+00 -1.1000000000e+01
4.1371350469e-05 -3.0000000000e+00 -2.0000000000e+00 -1.1500000000e+01
8.5242650062e-05 1.5000000000e+00 4.5000000000e+00 -1.1000000000e+01
1.1567752140e-04 -2.5000000000e+00 -1.0000000000e+00 -1.1500000000e+01
6.4040716662e-05 -2.5000000000e+00 -2.0000000000e+00 -1.1500000000e+01
7.3681807048e-05 -2.5000000000e+00 -5.0000000000e-01 -1.1500000000e+01
2.5613162702e-04 -2.0000000000e+00 -5.0000000000e-01 -1.1500000000e+01
1.0906117280e-04 -2.5000000000e+00 -1.5000000000e+00 -1.1500000000e+01
7.5794604333e-05 -2.0000000000e+00 -1.5000000000e+00 -1.1500000000e+01
2.3011018078e-04 -2.0000000000e+00 0.0000000000e+00 -1.1500000000e+01
6.5805341598e-05 -1.5000000000e+00 -1.0000000000e+00 -1.1500000000e+01
1.3092025612e-04 -2.0000000000e+00 5.0000000000e-01 -1.1500000000e+01
5.4073895537e-05 -2.0000000000e+00 1.0000000000e+00 -1.1500000000e+01
1.7034852285e-04 -1.0000000000e+00 0.0000000000e+00 -1.1500000000e+01
3.2080195273e-04 -1.5000000000e+00 1.0000000000e+00 -1.1500000000e+01
4.9164509922e-04 -1.0000000000e+00 1.0000000000e+00 -1.1500000000e+01
9.7094737468e-05 -5.0000000000e-01 5.0000000000e-01 -1.1500000000e+01
1.4611843038e-04 -1.5000000000e+00 1.5000000000e+00 -1.1500000000e+01
4.5821427727e-04 -5.0000000000e-01 1.5000000000e+00 -1.1500000000e+01
4.7550874520e-04 -5.0000000000e-01 2.0000000000e+00 -1.1500000000e+01
3.2681741625e-04 0.0000000000e+00 2.0000000000e+00 -1.1500000000e+01
6.2944102470e-05 5.0000000000e-01 2.0000000000e+00 -1.1500000000e+01
5.9525667319e-05 -1.0000000000e+00 2.5000000000e+00 -1.1500000000e+01
2.5224403688e-04 -1.0000000000e+00 2.0000000000e+00 -1.1500000000e+01
7.0494624441e-05 -5.0000000000e-01 3.0000000000e+00 -1.1500000000e+01
1.6822078807e-04 5.0000000000e-01 2.5000000000e+00 -1.1500000000e+01
2.3789732788e-04 0.0000000000e+00 3.0000000000e+00 -1.1500000000e+01
6.0541443647e-05 0.0000000000e+00 3.5000000000e+00 -1.1500000000e+01
6.4128132858e-05 1.0000000000e+00 3.0000000000e+00 -1.1500000000e+01
1.3523292259e-04 5.0000000000e-01 3.5000000000e+00 -1.1500000000e+01
5.3191966737e-05 1.0000000000e+00 4.0000000000e+00 -1.1500000000e+01
4.1298543044e-05 -5.0000000000e-01 1.5000000000e+00 -1.2000000000e+01
9.5218865818e-05 1.0000000000e+00 3.5000000000e+00 -1.1500000000e+01
2.1463635248e-04 5.0000000000e-01 3.0000000000e+00 -1.1500000000e+01
3.7043852652e-04 0.0000000000e+00 2.5000000000e+00 -1.1500000000e+01
2.8856383640e-04 -5.0000000000e-01 2.5000000000e+00 -1.1500000000e+01
1.5960645353e-04 0.0000000000e+00 1.5000000000e+00 -1.1500000000e+01
4.6955281007e-04 -1.0000000000e+00 1.5000000000e+00 -1.1500000000e+01
2.9110852842e-04 -5.0000000000e-01 1.0000000000e+00 -1.1500000000e+01
3.6927877666e-04 -1.0000000000e+00 5.0000000000e-01 -1.1500000000e+01
4.0798492143e-04 -1.5000000000e+00 5.0000000000e-01 -1.1500000000e+01
2.0578608230e-04 -1.5000000000e+00 -5.0000000000e-01 -1.1500000000e+01
3.5226406340e-04 -1.5000000000e+00 0.0000000000e+00 -1.1500000000e+01
1.8022675224e-04 -2.0000000000e+00 -1.0000000000e+00 -1.1500000000e+01
1.4135709293e-04 1.0000000000e+00 4.5000000000e+00 -1.1000000000e+01
7.9574687028e-05 1.5000000000e+00 4.0000000000e+00 -1.1000000000e+01
3.8373244851e-04 5.0000000000e-01 4.0000000000e+00 -1.1000000000e+01
2.9225674424e-04 1.0000000000e+00 3.5000000000e+00 -1.1000000000e+01
7.5472605380e-04 5.0000000000e-01 3.0000000000e+00 -1.1000000000e+01
1.4522919676e-03 0.0000000000e+00 2.5000000000e+00 -1.1000000000e+01
2.0617374066e-03 -5.0000000000e-01 2.0000000000e+00 -1.1000000000e+01
1.8497765154e-03 -1.0000000000e+00 2.0000000000e+00 -1.1000000000e+01
2.2584517589e-03 -1.0000000000e+00 1.5000000000e+00 -1.1000000000e+01
7.8863881692e-04 -5.0000000000e-01 1.0000000000e+00 -1.1000000000e+01
1.8542201856e-03 -1.5000000000e+00 1.0000000000e+00 -1.1000000000e+01
1.1327320909e-03 -1.0000000000e+00 5.0000000000e-01 -1.1000000000e+01
1.1470163233e-03 -1.5000000000e+00 0.0000000000e+00 -1.1000000000e+01
4.2844087624e-04 5.0000000000e-01 4.5000000000e+00 -1.0500000000e+01
7.3979477979e-04 1.0000000000e+00 4.0000000000e+00 -1.0500000000e+01
1.1981638572e-03 5.0000000000e-01 4.0000000000e+00 -1.0500000000e+01
5.1702518912e-04 1.0000000000e+00 3.5000000000e+00 -1.0500000000e+01
2.1414179410e-03 0.0000000000e+00 3.5000000000e+00 -1.0500000000e+01
1.5350545363e-03 5.0000000000e-01 3.0000000000e+00 -1.0500000000e+01
3.1380596535e-03 0.0000000000e+00 2.5000000000e+00 -1.0500000000e+01
2.4408490069e-03 -1.0000000000e+00 2.5000000000e+00 -1.0500000000e+01
1.8243446898e-03 0.0000000000e+00 2.0000000000e+00 -1.0500000000e+01
4.5595390822e-03 -5.0000000000e-01 2.0000000000e+00 -1.0500000000e+01
5.0136406981e-03 -1.0000000000e+00 1.5000000000e+00 -1.0500000000e+01
4.2439989429e-03 -1.5000000000e+00 1.0000000000e+00 -1.0500000000e+01
9.9574230659e-04 5.0000000000e-01 4.5000000000e+00 -1.0000000000e+01
1.3074305145e-03 1.0000000000e+00 4.0000000000e+00 -1.0000000000e+01
2.3113786797e-03 5.0000000000e-01 4.0000000000e+00 -1.0000000000e+01
3.1536603080e-03 5.0000000000e-01 3.5000000000e+00 -1.0000000000e+01
3.9329975319e-03 0.0000000000e+00 3.5000000000e+00 -1.0000000000e+01
4.8849155944e-03 -5.0000000000e-01 3.0000000000e+00 -1.0000000000e+01
4.9550377293e-03 0.0000000000e+00 2.5000000000e+00 -1.0000000000e+01
4.0663156892e-03 -1.0000000000e+00 2.5000000000e+00 -1.0000000000e+01
2.0126464885e-03 -1.5000000000e+00 2.0000000000e+00 -1.0000000000e+01
7.8556174403e-03 -1.0000000000e+00 1.5000000000e+00 -1.0000000000e+01
4.4389635201e-04 -2.0000000000e+00 1.5000000000e+00 -1.0000000000e+01
6.6377778849e-03 -1.5000000000e+00 1.0000000000e+00 -1.0000000000e+01
3.9163810884e-03 -2.0000000000e+00 5.0000000000e-01 -1.0000000000e+01
1.6008794552e-03 5.0000000000e-01 4.5000000000e+00 -9.5000000000e+00
1.8413540525e-03 1.0000000000e+00 4.0000000000e+00 -9.5000000000e+00
