0.600000
9.1769025277e-05 4.5000000000e+00 9.5000000000e+00 -1.0000000000e+01
4.6411968812e-05 5.0000000000e+00 9.5000000000e+00 -9.5000000000e+00
4.7001172694e-05 4.5000000000e+00 9.5000000000e+00 -9.5000000000e+00
8.1887791890e-05 5.0000000000e+00 9.5000000000e+00 -1.0000000000e+01
4.1599879111e-05 5.0000000000e+00 9.0000000000e+00 -1.0000000000e+01
7.4183222006e-05 4.5000000000e+00 9.0000000000e+00 -1.0000000000e+01
6.5271873455e-05 4.0000000000e+00 9.5000000000e+00 -1.0500000000e+01
1.6076130062e-04 4.5000000000e+00 9.5000000000e+00 -1.0500000000e+01
1.4435620639e-04 4.5000000000e+00 1.0000000000e+01 -1.0500000000e+01
5.9033009214e-05 5.5000000000e+00 1.0000000000e+01 -1.0500000000e+01
1.4905675498e-04 5.0000000000e+00 1.0000000000e+01 -1.0500000000e+01
7.9235512953e-05 4.5000000000e+00 1.0000000000e+01 -1.0000000000e+01
5.5195680398e-05 5.5000000000e+00 1.0000000000e+01 -1.0000000000e+01
6.8837056983e-05 5.0000000000e+00 1.0000000000e+01 -9.5000000000e+00
4.6148501711e-05 5.0000000000e+00 1.0000000000e+01 -9.0000000000e+00
4.5423959130e-05 5.5000000000e+00 1.0000000000e+01 -9.5000000000e+00
1.1094752667e-04 5.0000000000e+00 1.0000000000e+01 -1.0000000000e+01
1.2415734454e-04 5.0000000000e+00 9.5000000000e+00 -1.0500000000e+01
5.8946949997e-05 5.0000000000e+00 9.0000000000e+00 -1.0500000000e+01
1.4624265839e-04 4.5000000000e+00 9.0000000000e+00 -1.0500000000e+01
1.0111148456e-04 4.0000000000e+00 9.0000000000e+00 -1.0500000000e+01
7.7409044395e-05 4.5000000000e+00 8.5000000000e+00 -1.0500000000e+01
9.8791110729e-05 4.0000000000e+00 8.5000000000e+00 -1.0500000000e+01
4.4866825761e-05 4.0000000000e+00 8.0000000000e+00 -1.0500000000e+01
4.6231918388e-05 4.5000000000e+00 8.0000000000e+00 -1.1000000000e+01
4.1257319744e-05 3.5000000000e+00 9.0000000000e+00 -1.1000000000e+01
7.3670768130e-05 5.0000000000e+00 9.0000000000e+00 -1.1000000000e+01
5.2481908727e-05 4.0000000000e+00 1.0000000000e+01 -1.1000000000e+01
2.1739663108e-04 4.5000000000e+00 1.0000000000e+01 -1.1000000000e+01
5.6307177630e-05 5.5000000000e+00 1.0000000000e+01 -1.1000000000e+01
1.1897175620e-04 4.5000000000e+00 1.0500000000e+01 -1.1000000000e+01
1.0407719273e-04 5.5000000000e+00 1.0500000000e+01 -1.1000000000e+01
1.8263987023e-04 5.0000000000e+00 1.0500000000e+01 -1.1000000000e+01
8.0117696742e-05 4.5000000000e+00 1.0500000000e+01 -1.0500000000e+01
9.7145286170e-05 5.5000000000e+00 1.0500000000e+01 -1.0500000000e+01
4.1104870244e-05 5.5000000000e+00 1.0500000000e+01 -8.5000000000e+00
5.1226030869e-05 5.5000000000e+00 1.0500000000e+01 -9.0000000000e+00
6.5546674692e-05 5.5000000000e+00 1.0500000000e+01 -9.5000000000e+00
7.0214981245e-05 5.0000000000e+00 1.0500000000e+01 -9.5000000000e+00
8.4616654653e-05 5.5000000000e+00 1.0500000000e+01 -1.0000000000e+01
1.0377349218e-04 5.0000000000e+00 1.0500000000e+01 -1.0000000000e+01
1.4117150637e-04 5.0000000000e+00 1.0500000000e+01 -1.0500000000e+01
1.9636940574e-04 5.0000000000e+00 1.0000000000e+01 -1.1000000000e+01
1.5372616865e-04 5.0000000000e+00 9.5000000000e+00 -1.1000000000e+01
2.4985840114e-04 4.5000000000e+00 9.5000000000e+00 -1.1000000000e+01
1.4773766947e-04 4.0000000000e+00 9.5000000000e+00 -1.1000000000e+01
2.2360777579e-04 4.5000000000e+00 9.0000000000e+00 -1.1000000000e+01
2.1572814426e-04 4.0000000000e+00 9.0000000000e+00 -1.1000000000e+01
1.3920264808e-04 4.5000000000e+00 8.5000000000e+00 -1.1000000000e+01
2.1743683953e-04 4.0000000000e+00 8.5000000000e+00 -1.1000000000e+01
8.4338453606e-05 3.5000000000e+00 8.5000000000e+00 -1.1000000000e+01
1.2837072437e-04 4.0000000000e+00 8.0000000000e+00 -1.1000000000e+01
9.8223214443e-05 3.5000000000e+00 8.0000000000e+00 -1.1000000000e+01
4.5268574806e-05 4.0000000000e+00 7.5000000000e+00 -1.1000000000e+01
5.8586092488e-05 3.5000000000e+00 7.5000000000e+00 -1.1000000000e+01
1.1802357213e-04 4.0000000000e+00 7.5000000000e+00 -1.1500000000e+01
7.0005622837e-05 4.5000000000e+00 8.0000000000e+00 -1.1500000000e+01
9.1100975459e-05 3.5000000000e+00 9.0000000000e+00 -1.1500000000e+01
7.1108659583e-05 5.0000000000e+00 9.0000000000e+00 -1.1500000000e+01
3.3554888643e-04 4.5000000000e+00 9.5000000000e+00 -1.1500000000e+01
8.4352919237e-05 4.0000000000e+00 1.0000000000e+01 -1.1500000000e+01
2.8331235259e-04 4.5000000000e+00 1.0000000000e+01 -1.1500000000e+01
4.5220863756e-05 5.5000000000e+00 1.0000000000e+01 -1.1500000000e+01
1.5634689634e-04 4.5000000000e+00 1.0500000000e+01 -1.1500000000e+01
5.2366989213e-05 4.5000000000e+00 1.1000000000e+01 -1.1500000000e+01
1.4208275950e-04 5.0000000000e+00 1.1000000000e+01 -1.1500000000e+01
9.9693354174e-05 5.5000000000e+00 1.1000000000e+01 -1.1500000000e+01
1.2921986557e-04 5.0000000000e+00 1.1000000000e+01 -1.1000000000e+01
4.0279474199e-05 6.0000000000e+00 1.1000000000e+01 -1.0500000000e+01
9.5463093997e-05 5.5000000000e+00 1.1000000000e+01 -1.0500000000e+01
7.3376223395e-05 5.0000000000e+00 1.1000000000e+01 -1.0000000000e+01
4.4182467784e-05 6.0000000000e+00 1.1000000000e+01 -1.0000000000e+01
4.3254285907e-05 6.0000000000e+00 1.1000000000e+01 -9.5000000000e+00
4.1747043409e-05 6.0000000000e+00 1.1000000000e+01 -9.0000000000e+00
5.4771675761e-05 5.5000000000e+00 1.1000000000e+01 -9.0000000000e+00
5.3279746395e-05 -5.5000000000e+00 -1.0000000000e+01 -1.2000000000e+01
4.2755548758e-05 5.0000000000e+00 1.1000000000e+01 -9.0000000000e+00
6.9204536966e-05 5.5000000000e+00 1.1000000000e+01 -9.5000000000e+00
8.5311710821e-05 5.5000000000e+00 1.1000000000e+01 -1.0000000000e+01
1.0483658564e-04 5.0000000000e+00 1.1000000000e+01 -1.0500000000e+01
1.0370475703e-04 5.5000000000e+00 1.1000000000e+01 -1.1000000000e+01
9.7960108193e-05 5.5000000000e+00 1.0500000000e+01 -1.1500000000e+01
2.0403798638e-04 5.0000000000e+00 1.0500000000e+01 -1.1500000000e+01
4.2570415974e-05 -5.0000000000e+00 -9.5000000000e+00 -1.2000000000e+01
2.2313331826e-04 5.0000000000e+00 1.0000000000e+01 -1.1500000000e+01
1.6693208195e-04 5.0000000000e+00 9.5000000000e+00 -1.1500000000e+01
2.3755394944e-04 4.0000000000e+00 9.5000000000e+00 -1.1500000000e+01
3.2581253611e-04 4.5000000000e+00 9.0000000000e+00 -1.1500000000e+01
3.6931283655e-04 4.0000000000e+00 9.0000000000e+00 -1.1500000000e+01
2.0170751216e-04 4.5000000000e+00 8.5000000000e+00 -1.1500000000e+01
3.8765873686e-04 4.0000000000e+00 8.5000000000e+00 -1.1500000000e+01
2.1732453013e-04 3.5000000000e+00 8.5000000000e+00 -1.1500000000e+01
2.5797741874e-04 4.0000000000e+00 8.0000000000e+00 -1.1500000000e+01
2.7320378025e-04 3.5000000000e+00 8.0000000000e+00 -1.1500000000e+01
4.1181496157e-05 3.0000000000e+00 8.0000000000e+00 -1.1500000000e+01
2.1948794024e-04 3.5000000000e+00 7.5000000000e+00 -1.1500000000e+01
7.5065380486e-05 3.0000000000e+00 7.5000000000e+00 -1.1500000000e+01
6.8722120888e-05 3.5000000000e+00 7.0000000000e+00 -1.1500000000e+01
7.8631972499e-05 3.0000000000e+00 7.0000000000e+00 -1.1500000000e+01
5.3770231193e-05 2.5000000000e+00 6.0000000000e+00 -1.2000000000e+01
6.3193558662e-05 3.5000000000e+00 6.5000000000e+00 -1.2000000000e+01
1.3441895638e-04 3.0000000000e+00 8.0000000000e+00 -1.2000000000e+01
4.2270644471e-05 3.0000000000e+00 8.5000000000e+00 -1.2000000000e+01
7.1126204866e-05 4.5000000000e+00 8.0000000000e+00 -1.2000000000e+01
1.9049222760e-04 3.5000000000e+00 9.0000000000e+00 -1.2000000000e+01
4.7738511815e-05 3.5000000000e+00 9.5000000000e+00 -1.2000000000e+01
5.4453980528e-05 5.0000000000e+00 9.0000000000e+00 -1.2000000000e+01
1.3639679560e-04 4.0000000000e+00 1.0000000000e+01 -1.2000000000e+01
3.1964895061e-04 4.5000000000e+00 1.0000000000e+01 -1.2000000000e+01
1.8782222298e-04 4.5000000000e+00 1.0500000000e+01 -1.2000000000e+01
6.5737283465e-05 4.5000000000e+00 1.1000000000e+01 -1.2000000000e+01
1.3686722942e-04 5.0000000000e+00 1.1000000000e+01 -1.2000000000e+01
5.9901406857e-05 5.0000000000e+00 1.1500000000e+01 -1.2000000000e+01
6.5740834229e-05 5.5000000000e+00 1.1500000000e+01 -1.2000000000e+01
6.5380131285e-05 5.0000000000e+00 1.1500000000e+01 -1.1500000000e+01
4.6960800099e-05 6.0000000000e+00 1.1500000000e+01 -1.1000000000e+01
8.1881958619e-05 5.5000000000e+00 1.1500000000e+01 -1.0500000000e+01
5.5795663750e-05 6.0000000000e+00 1.1500000000e+01 -1.0000000000e+01
6.0861704570e-05 5.5000000000e+00 1.1500000000e+01 -9.5000000000e+00
4.5970726155e-05 6.0000000000e+00 1.1500000000e+01 -9.0000000000e+00
5.2219014575e-05 6.0000000000e+00 1.1500000000e+01 -9.5000000000e+00
7.5217222312e-05 5.5000000000e+00 1.1500000000e+01 -1.0000000000e+01
5.4931342703e-05 6.0000000000e+00 1.1500000000e+01 -1.0500000000e+01
4.4155354422e-05 5.0000000000e+00 1.1500000000e+01 -1.0500000000e+01
8.6301969010e-05 5.5000000000e+00 1.1500000000e+01 -1.1000000000e+01
5.7552785820e-05 5.0000000000e+00 1.1500000000e+01 -1.1000000000e+01
8.2946295879e-05 5.5000000000e+00 1.1500000000e+01 -1.1500000000e+01
5.2986401147e-05 -5.5000000000e+00 -1.0500000000e+01 -1.2500000000e+01
8.5457703436e-05 5.5000000000e+00 1.1000000000e+01 -1.2000000000e+01
7.8026698191e-05 5.5000000000e+00 1.0500000000e+01 -1.2000000000e+01
1.9519054555e-04 5.0000000000e+00 1.0500000000e+01 -1.2000000000e+01
2.2230260186e-04 5.0000000000e+00 1.0000000000e+01 -1.2000000000e+01
4.9564348511e-05 -5.0000000000e+00 -1.0000000000e+01 -1.2500000000e+01
4.8244741462e-05 -5.0000000000e+00 -9.5000000000e+00 -1.2500000000e+01
1.5909664768e-04 5.0000000000e+00 9.5000000000e+00 -1.2000000000e+01
3.8526182977e-04 4.5000000000e+00 9.5000000000e+00 -1.2000000000e+01
3.3927722551e-04 4.0000000000e+00 9.5000000000e+00 -1.2000000000e+01
3.9148296086e-04 4.5000000000e+00 9.0000000000e+00 -1.2000000000e+01
5.1743737821e-04 4.0000000000e+00 9.0000000000e+00 -1.2000000000e+01
2.3616668061e-04 4.5000000000e+00 8.5000000000e+00 -1.2000000000e+01
5.6827218262e-04 4.0000000000e+00 8.5000000000e+00 -1.2000000000e+01
4.4760081303e-05 -4.5000000000e+00 -9.5000000000e+00 -1.2500000000e+01
5.8421895275e-05 -4.5000000000e+00 -9.0000000000e+00 -1.2500000000e+01
5.6359006634e-05 -4.5000000000e+00 -8.5000000000e+00 -1.2500000000e+01
4.1411374901e-04 3.5000000000e+00 8.5000000000e+00 -1.2000000000e+01
4.4471563042e-04 4.0000000000e+00 8.0000000000e+00 -1.2000000000e+01
5.3682753353e-04 3.5000000000e+00 8.0000000000e+00 -1.2000000000e+01
2.0542390937e-04 4.0000000000e+00 7.5000000000e+00 -1.2000000000e+01
5.0268439678e-04 3.5000000000e+00 7.5000000000e+00 -1.2000000000e+01
2.6303806468e-04 3.0000000000e+00 7.5000000000e+00 -1.2000000000e+01
2.4622985059e-04 3.5000000000e+00 7.0000000000e+00 -1.2000000000e+01
3.1100718580e-04 3.0000000000e+00 7.0000000000e+00 -1.2000000000e+01
1.5496892150e-04 3.0000000000e+00 6.5000000000e+00 -1.2000000000e+01
5.4482815881e-05 -4.0000000000e+00 -8.0000000000e+00 -1.2500000000e+01
4.9601996774e-05 -4.0000000000e+00 -7.5000000000e+00 -1.2500000000e+01
5.2362229673e-05 2.5000000000e+00 6.5000000000e+00 -1.2000000000e+01
1.7742172678e-04 3.5000000000e+00 6.5000000000e+00 -1.2500000000e+01
4.7126539446e-05 4.0000000000e+00 7.0000000000e+00 -1.2500000000e+01
4.8862329163e-05 2.5000000000e+00 7.5000000000e+00 -1.2500000000e+01
2.8084681372e-04 4.0000000000e+00 7.5000000000e+00 -1.2500000000e+01
5.8518407621e-05 4.5000000000e+00 8.0000000000e+00 -1.2500000000e+01
9.7926480455e-05 3.0000000000e+00 8.5000000000e+00 -1.2500000000e+01
3.1796207805e-04 3.5000000000e+00 9.0000000000e+00 -1.2500000000e+01
8.2443016178e-05 3.5000000000e+00 9.5000000000e+00 -1.2500000000e+01
3.9853554866e-04 4.5000000000e+00 9.5000000000e+00 -1.2500000000e+01
1.9042475311e-04 4.0000000000e+00 1.0000000000e+01 -1.2500000000e+01
3.3294916861e-04 4.5000000000e+00 1.0000000000e+01 -1.2500000000e+01
4.6117872974e-05 4.0000000000e+00 1.0500000000e+01 -1.2500000000e+01
1.9970064967e-04 4.5000000000e+00 1.0500000000e+01 -1.2500000000e+01
6.6951345317e-05 4.5000000000e+00 1.1000000000e+01 -1.2500000000e+01
1.1719090990e-04 5.0000000000e+00 1.1000000000e+01 -1.2500000000e+01
4.4533771853e-05 5.0000000000e+00 1.1500000000e+01 -1.2500000000e+01
5.4370626789e-05 5.5000000000e+00 1.1500000000e+01 -1.2500000000e+01
4.2120593803e-05 5.5000000000e+00 1.2000000000e+01 -1.1000000000e+01
4.1271207206e-05 6.0000000000e+00 1.2000000000e+01 -1.1000000000e+01
4.6179209665e-05 5.5000000000e+00 1.2000000000e+01 -1.0500000000e+01
4.7769241466e-05 6.0000000000e+00 1.2000000000e+01 -1.0000000000e+01
4.9648285142e-05 6.0000000000e+00 1.2000000000e+01 -1.0500000000e+01
6.4266159157e-05 5.5000000000e+00 1.1000000000e+01 -1.2500000000e+01
5.2063459233e-05 5.5000000000e+00 1.0500000000e+01 -1.2500000000e+01
1.7340104189e-04 5.0000000000e+00 1.0500000000e+01 -1.2500000000e+01
1.9448723165e-04 5.0000000000e+00 1.0000000000e+01 -1.2500000000e+01
1.2980513464e-04 5.0000000000e+00 9.5000000000e+00 -1.2500000000e+01
4.3927839839e-05 -5.0000000000e+00 -1.0500000000e+01 -1.3000000000e+01
5.6817931474e-05 -5.0000000000e+00 -1.0000000000e+01 -1.3000000000e+01
5.8258463455e-05 -5.0000000000e+00 -9.5000000000e+00 -1.3000000000e+01
4.3103769090e-05 -5.0000000000e+00 -9.0000000000e+00 -1.3000000000e+01
4.3238990901e-04 4.0000000000e+00 9.5000000000e+00 -1.2500000000e+01
4.0637115416e-04 4.5000000000e+00 9.0000000000e+00 -1.2500000000e+01
6.1326393507e-04 4.0000000000e+00 9.0000000000e+00 -1.2500000000e+01
2.3621844244e-04 4.5000000000e+00 8.5000000000e+00 -1.2500000000e+01
6.5699864550e-04 4.0000000000e+00 8.5000000000e+00 -1.2500000000e+01
6.5193303810e-04 3.5000000000e+00 8.5000000000e+00 -1.2500000000e+01
5.9443012781e-04 4.0000000000e+00 8.0000000000e+00 -1.2500000000e+01
4.7759863995e-05 -4.5000000000e+00 -1.0000000000e+01 -1.3000000000e+01
7.4410321081e-05 -4.5000000000e+00 -9.5000000000e+00 -1.3000000000e+01
8.8722024940e-05 -4.5000000000e+00 -9.0000000000e+00 -1.3000000000e+01
9.1022887242e-05 -4.5000000000e+00 -8.5000000000e+00 -1.3000000000e+01
6.8140921256e-05 -4.5000000000e+00 -8.0000000000e+00 -1.3000000000e+01
8.0536983454e-04 3.5000000000e+00 8.0000000000e+00 -1.2500000000e+01
3.1617749312e-04 3.0000000000e+00 8.0000000000e+00 -1.2500000000e+01
8.0587855537e-04 3.5000000000e+00 7.5000000000e+00 -1.2500000000e+01
5.7568398471e-04 3.0000000000e+00 7.5000000000e+00 -1.2500000000e+01
4.9860154552e-04 3.5000000000e+00 7.0000000000e+00 -1.2500000000e+01
7.0104497078e-04 3.0000000000e+00 7.0000000000e+00 -1.2500000000e+01
5.0525569863e-05 -4.0000000000e+00 -9.0000000000e+00 -1.3000000000e+01
1.0211044949e-04 -4.0000000000e+00 -8.5000000000e+00 -1.3000000000e+01
1.1825432150e-04 -4.0000000000e+00 -8.0000000000e+00 -1.3000000000e+01
1.1719571519e-04 -4.0000000000e+00 -7.5000000000e+00 -1.3000000000e+01
7.5542835635e-05 -4.0000000000e+00 -7.0000000000e+00 -1.3000000000e+01
1.4901488885e-04 2.5000000000e+00 7.0000000000e+00 -1.2500000000e+01
5.3979449586e-04 3.0000000000e+00 6.5000000000e+00 -1.2500000000e+01
2.7786777829e-04 2.5000000000e+00 6.5000000000e+00 -1.2500000000e+01
1.9628267672e-04 3.0000000000e+00 6.0000000000e+00 -1.2500000000e+01
3.0210806523e-04 2.5000000000e+00 6.0000000000e+00 -1.2500000000e+01
1.1225704148e-04 2.5000000000e+00 5.5000000000e+00 -1.2500000000e+01
4.1720628403e-05 -3.5000000000e+00 -8.0000000000e+00 -1.3000000000e+01
8.2594699546e-05 -3.5000000000e+00 -7.5000000000e+00 -1.3000000000e+01
1.1671142540e-04 -3.5000000000e+00 -7.0000000000e+00 -1.3000000000e+01
1.0959881381e-04 -3.5000000000e+00 -6.5000000000e+00 -1.3000000000e+01
5.5637362069e-05 -3.5000000000e+00 -6.0000000000e+00 -1.3000000000e+01
5.5882603652e-05 2.0000000000e+00 5.5000000000e+00 -1.2500000000e+01
5.8824647629e-05 2.0000000000e+00 5.0000000000e+00 -1.2500000000e+01
6.1643866394e-05 -3.0000000000e+00 -6.5000000000e+00 -1.3000000000e+01
7.6994885594e-05 -3.0000000000e+00 -6.0000000000e+00 -1.3000000000e+01
6.2777007246e-05 -3.0000000000e+00 -5.5000000000e+00 -1.3000000000e+01
4.1868188190e-05 2.0000000000e+00 4.0000000000e+00 -1.3000000000e+01
8.2706844608e-05 1.5000000000e+00 4.5000000000e+00 -1.3000000000e+01
1.5031586634e-04 3.0000000000e+00 5.5000000000e+00 -1.3000000000e+01
4.8486913323e-05 2.0000000000e+00 6.5000000000e+00 -1.3000000000e+01
3.0484259836e-04 3.5000000000e+00 6.5000000000e+00 -1.3000000000e+01
4.7360538006e-05 4.0000000000e+00 7.0000000000e+00 -1.3000000000e+01
1.2825939946e-04 2.5000000000e+00 7.5000000000e+00 -1.3000000000e+01
3.0841784209e-04 4.0000000000e+00 7.5000000000e+00 -1.3000000000e+01
1.5877734315e-04 3.0000000000e+00 8.5000000000e+00 -1.3000000000e+01
4.0645465571e-04 3.5000000000e+00 9.0000000000e+00 -1.3000000000e+01
2.0714187001e-04 4.0000000000e+00 1.0000000000e+01 -1.3000000000e+01
3.1068225614e-04 4.5000000000e+00 1.0000000000e+01 -1.3000000000e+01
4.9753022540e-05 4.0000000000e+00 1.0500000000e+01 -1.3000000000e+01
1.7577113003e-04 4.5000000000e+00 1.0500000000e+01 -1.3000000000e+01
5.4161445782e-05 4.5000000000e+00 1.1000000000e+01 -1.3000000000e+01
4.0525107611e-05 5.5000000000e+00 1.1000000000e+01 -1.3000000000e+01
8.4898989057e-05 5.0000000000e+00 1.1000000000e+01 -1.3000000000e+01
1.3504058186e-04 5.0000000000e+00 1.0500000000e+01 -1.3000000000e+01
1.5054174108e-04 5.0000000000e+00 1.0000000000e+01 -1.3000000000e+01
5.7900220875e-05 -5.0000000000e+00 -1.0000000000e+01 -1.3500000000e+01
6.1169921000e-05 -5.0000000000e+00 -9.5000000000e+00 -1.3500000000e+01
4.2835112096e-05 -5.0000000000e+00 -9.0000000000e+00 -1.3500000000e+01
8.8860085311e-05 5.0000000000e+00 9.5000000000e+00 -1.3000000000e+01
3.7722535834e-04 4.5000000000e+00 9.5000000000e+00 -1.3000000000e+01
4.6358022905e-04 4.0000000000e+00 9.5000000000e+00 -1.3000000000e+01
1.0894271565e-04 3.5000000000e+00 9.5000000000e+00 -1.3000000000e+01
3.7733551128e-04 4.5000000000e+00 9.0000000000e+00 -1.3000000000e+01
6.7141681090e-04 4.0000000000e+00 9.0000000000e+00 -1.3000000000e+01
2.0170830971e-04 4.5000000000e+00 8.5000000000e+00 -1.3000000000e+01
7.3771571346e-04 4.0000000000e+00 8.5000000000e+00 -1.3000000000e+01
5.4559444958e-05 -4.5000000000e+00 -1.0000000000e+01 -1.3500000000e+01
9.0409458953e-05 -4.5000000000e+00 -9.5000000000e+00 -1.3500000000e+01
1.1103768457e-04 -4.5000000000e+00 -9.0000000000e+00 -1.3500000000e+01
1.1575947292e-04 -4.5000000000e+00 -8.5000000000e+00 -1.3500000000e+01
8.2692035643e-05 -4.5000000000e+00 -8.0000000000e+00 -1.3500000000e+01
8.1967282367e-04 3.5000000000e+00 8.5000000000e+00 -1.3000000000e+01
6.3573048632e-04 4.0000000000e+00 8.0000000000e+00 -1.3000000000e+01
1.0102120281e-03 3.5000000000e+00 8.0000000000e+00 -1.3000000000e+01
5.2597806125e-04 3.0000000000e+00 8.0000000000e+00 -1.3000000000e+01
1.0076029046e-03 3.5000000000e+00 7.5000000000e+00 -1.3000000000e+01
9.6897426049e-04 3.0000000000e+00 7.5000000000e+00 -1.3000000000e+01
7.2125115188e-04 3.5000000000e+00 7.0000000000e+00 -1.3000000000e+01
7.9819380580e-05 -4.0000000000e+00 -9.0000000000e+00 -1.3500000000e+01
1.5166582202e-04 -4.0000000000e+00 -8.5000000000e+00 -1.3500000000e+01
1.7933158470e-04 -4.0000000000e+00 -8.0000000000e+00 -1.3500000000e+01
1.8140878641e-04 -4.0000000000e+00 -7.5000000000e+00 -1.3500000000e+01
1.2939977119e-04 -4.0000000000e+00 -7.0000000000e+00 -1.3500000000e+01
5.2238807816e-05 -4.0000000000e+00 -6.5000000000e+00 -1.3500000000e+01
1.1204459516e-03 3.0000000000e+00 7.0000000000e+00 -1.3000000000e+01
4.1688149159e-04 2.5000000000e+00 7.0000000000e+00 -1.3000000000e+01
1.0185742696e-03 3.0000000000e+00 6.5000000000e+00 -1.3000000000e+01
7.6880776984e-04 2.5000000000e+00 6.5000000000e+00 -1.3000000000e+01
5.6130599692e-04 3.0000000000e+00 6.0000000000e+00 -1.3000000000e+01
4.1585699894e-05 -3.5000000000e+00 -8.5000000000e+00 -1.3500000000e+01
9.7793601931e-05 -3.5000000000e+00 -8.0000000000e+00 -1.3500000000e+01
1.9889091215e-04 -3.5000000000e+00 -7.5000000000e+00 -1.3500000000e+01
2.4335600898e-04 -3.5000000000e+00 -7.0000000000e+00 -1.3500000000e+01
2.4036815883e-04 -3.5000000000e+00 -6.5000000000e+00 -1.3500000000e+01
1.4591636582e-04 -3.5000000000e+00 -6.0000000000e+00 -1.3500000000e+01
5.2458602702e-05 -3.5000000000e+00 -5.5000000000e+00 -1.3500000000e+01
8.9397357105e-04 2.5000000000e+00 6.0000000000e+00 -1.3000000000e+01
1.7540444556e-04 2.0000000000e+00 6.0000000000e+00 -1.3000000000e+01
5.6798600978e-04 2.5000000000e+00 5.5000000000e+00 -1.3000000000e+01
3.4627350382e-04 2.0000000000e+00 5.5000000000e+00 -1.3000000000e+01
2.0739938062e-04 2.5000000000e+00 5.0000000000e+00 -1.3000000000e+01
8.4710930092e-05 -3.0000000000e+00 -7.0000000000e+00 -1.3500000000e+01
1.9341574514e-04 -3.0000000000e+00 -6.5000000000e+00 -1.3500000000e+01
2.5241789908e-04 -3.0000000000e+00 -6.0000000000e+00 -1.3500000000e+01
2.4087591153e-04 -3.0000000000e+00 -5.5000000000e+00 -1.3500000000e+01
1.1936380839e-04 -3.0000000000e+00 -5.0000000000e+00 -1.3500000000e+01
3.7160311284e-04 2.0000000000e+00 5.0000000000e+00 -1.3000000000e+01
5.6305505704e-05 -2.5000000000e+00 -6.0000000000e+00 -1.3500000000e+01
1.3959905870e-04 -2.5000000000e+00 -5.5000000000e+00 -1.3500000000e+01
1.9629138661e-04 -2.5000000000e+00 -5.0000000000e+00 -1.3500000000e+01
1.8161875071e-04 -2.5000000000e+00 -4.5000000000e+00 -1.3500000000e+01
6.1059414758e-05 -2.5000000000e+00 -4.0000000000e+00 -1.3500000000e+01
8.4399294278e-05 -2.0000000000e+00 -4.5000000000e+00 -1.3500000000e+01
1.2001783883e-04 -2.0000000000e+00 -4.0000000000e+00 -1.3500000000e+01
1.0586260574e-04 -2.0000000000e+00 -3.5000000000e+00 -1.3500000000e+01
4.0402961968e-05 1.5000000000e+00 5.0000000000e+00 -1.3000000000e+01
1.4065950778e-04 2.0000000000e+00 4.5000000000e+00 -1.3000000000e+01
9.4335670312e-05 1.5000000000e+00 4.0000000000e+00 -1.3000000000e+01
4.6492265880e-05 -1.5000000000e+00 -3.5000000000e+00 -1.3500000000e+01
8.0005468927e-05 -1.5000000000e+00 -3.0000000000e+00 -1.3500000000e+01
7.4204871004e-05 -1.5000000000e+00 -2.5000000000e+00 -1.3500000000e+01
6.4111338050e-05 -1.0000000000e+00 -2.0000000000e+00 -1.3500000000e+01
7.4534366276e-05 -1.0000000000e+00 -1.5000000000e+00 -1.3500000000e+01
4.7518830516e-05 -5.0000000000e-01 0.0000000000e+00 -1.3500000000e+01
7.5774076784e-05 -5.0000000000e-01 -5.0000000000e-01 -1.3500000000e+01
6.8221737018e-05 0.0000000000e+00 5.0000000000e-01 -1.3500000000e+01
1.0111010919e-04 5.0000000000e-01 2.0000000000e+00 -1.3500000000e+01
6.7489074330e-05 0.0000000000e+00 1.0000000000e+00 -1.3500000000e+01
7.3012401766e-05 5.0000000000e-01 1.5000000000e+00 -1.3500000000e+01
1.1444475318e-04 1.0000000000e+00 2.5000000000e+00 -1.3500000000e+01
4.9378100528e-05 1.0000000000e+00 2.0000000000e+00 -1.3500000000e+01
7.0446223313e-05 5.0000000000e-01 2.5000000000e+00 -1.3500000000e+01
1.1013325611e-04 1.5000000000e+00 3.0000000000e+00 -1.3500000000e+01
2.1450323454e-04 1.0000000000e+00 3.0000000000e+00 -1.3500000000e+01
4.3092594741e-05 2.0000000000e+00 3.5000000000e+00 -1.3500000000e+01
2.6447552300e-04 1.5000000000e+00 3.5000000000e+00 -1.3500000000e+01
1.8908389404e-04 1.0000000000e+00 3.5000000000e+00 -1.3500000000e+01
5.6231828851e-04 1.5000000000e+00 4.0000000000e+00 -1.3500000000e+01
7.5260646214e-05 1.0000000000e+00 4.0000000000e+00 -1.3500000000e+01
2.6771370799e-04 2.0000000000e+00 4.0000000000e+00 -1.3500000000e+01
1.4961301397e-04 2.5000000000e+00 4.5000000000e+00 -1.3500000000e+01
1.2180773475e-03 2.0000000000e+00 5.0000000000e+00 -1.3500000000e+01
6.4855037662e-05 1.5000000000e+00 5.5000000000e+00 -1.3500000000e+01
1.2786601632e-03 2.5000000000e+00 5.5000000000e+00 -1.3500000000e+01
3.4232133299e-04 3.0000000000e+00 5.5000000000e+00 -1.3500000000e+01
5.9258943741e-04 2.0000000000e+00 6.0000000000e+00 -1.3500000000e+01
1.5636027591e-04 2.0000000000e+00 6.5000000000e+00 -1.3500000000e+01
3.7633769294e-04 3.5000000000e+00 6.5000000000e+00 -1.3500000000e+01
2.2219845367e-04 2.5000000000e+00 7.5000000000e+00 -1.3500000000e+01
2.7536636096e-04 4.0000000000e+00 7.5000000000e+00 -1.3500000000e+01
2.0402335177e-04 3.0000000000e+00 8.5000000000e+00 -1.3500000000e+01
4.3884259876e-04 3.5000000000e+00 9.0000000000e+00 -1.3500000000e+01
3.0230136536e-04 4.5000000000e+00 9.0000000000e+00 -1.3500000000e+01
4.2221664883e-04 4.0000000000e+00 9.5000000000e+00 -1.3500000000e+01
1.8202514849e-04 4.0000000000e+00 1.0000000000e+01 -1.3500000000e+01
1.2259708060e-04 4.5000000000e+00 1.0500000000e+01 -1.3500000000e+01
5.0299471925e-05 5.0000000000e+00 1.1000000000e+01 -1.3500000000e+01
8.6121204915e-05 5.0000000000e+00 1.0500000000e+01 -1.3500000000e+01
4.3185244539e-05 -5.0000000000e+00 -1.0000000000e+01 -1.4000000000e+01
4.8473746078e-05 -5.0000000000e+00 -9.5000000000e+00 -1.4000000000e+01
9.8445442451e-05 5.0000000000e+00 1.0000000000e+01 -1.3500000000e+01
2.3741906096e-04 4.5000000000e+00 1.0000000000e+01 -1.3500000000e+01
5.2664014048e-05 5.0000000000e+00 9.5000000000e+00 -1.3500000000e+01
3.0132266339e-04 4.5000000000e+00 9.5000000000e+00 -1.3500000000e+01
1.2222386153e-04 3.5000000000e+00 9.5000000000e+00 -1.3500000000e+01
6.3794368621e-04 4.0000000000e+00 9.0000000000e+00 -1.3500000000e+01
1.4786052108e-04 4.5000000000e+00 8.5000000000e+00 -1.3500000000e+01
7.2245351107e-04 4.0000000000e+00 8.5000000000e+00 -1.3500000000e+01
4.9893711077e-05 -4.5000000000e+00 -1.0000000000e+01 -1.4000000000e+01
8.7850361186e-05 -4.5000000000e+00 -9.5000000000e+00 -1.4000000000e+01
1.0597833863e-04 -4.5000000000e+00 -9.0000000000e+00 -1.4000000000e+01
1.1400662444e-04 -4.5000000000e+00 -8.5000000000e+00 -1.4000000000e+01
7.7513663298e-05 -4.5000000000e+00 -8.0000000000e+00 -1.4000000000e+01
8.7716936103e-04 3.5000000000e+00 8.5000000000e+00 -1.3500000000e+01
6.0082165932e-04 4.0000000000e+00 8.0000000000e+00 -1.3500000000e+01
1.1218801007e-03 3.5000000000e+00 8.0000000000e+00 -1.3500000000e+01
6.8134487183e-04 3.0000000000e+00 8.0000000000e+00 -1.3500000000e+01
1.1507873352e-03 3.5000000000e+00 7.5000000000e+00 -1.3500000000e+01
4.8825666725e-05 -4.0000000000e+00 -9.5000000000e+00 -1.4000000000e+01
1.0772528971e-04 -4.0000000000e+00 -9.0000000000e+00 -1.4000000000e+01
1.7799834977e-04 -4.0000000000e+00 -8.5000000000e+00 -1.4000000000e+01
2.2248953935e-04 -4.0000000000e+00 -8.0000000000e+00 -1.4000000000e+01
2.2789942460e-04 -4.0000000000e+00 -7.5000000000e+00 -1.4000000000e+01
1.5274680754e-04 -4.0000000000e+00 -7.0000000000e+00 -1.4000000000e+01
5.6355137112e-05 -4.0000000000e+00 -6.5000000000e+00 -1.4000000000e+01
1.2720230494e-03 3.0000000000e+00 7.5000000000e+00 -1.3500000000e+01
8.3188035791e-04 3.5000000000e+00 7.0000000000e+00 -1.3500000000e+01
1.4962934592e-03 3.0000000000e+00 7.0000000000e+00 -1.3500000000e+01
7.4936361332e-04 2.5000000000e+00 7.0000000000e+00 -1.3500000000e+01
1.4293304377e-03 3.0000000000e+00 6.5000000000e+00 -1.3500000000e+01
5.6010191493e-05 -3.5000000000e+00 -8.5000000000e+00 -1.4000000000e+01
1.6293934267e-04 -3.5000000000e+00 -8.0000000000e+00 -1.4000000000e+01
2.9797298662e-04 -3.5000000000e+00 -7.5000000000e+00 -1.4000000000e+01
3.6127883475e-04 -3.5000000000e+00 -7.0000000000e+00 -1.4000000000e+01
3.6448900337e-04 -3.5000000000e+00 -6.5000000000e+00 -1.4000000000e+01
2.4732355568e-04 -3.5000000000e+00 -6.0000000000e+00 -1.4000000000e+01
8.9162060679e-05 -3.5000000000e+00 -5.5000000000e+00 -1.4000000000e+01
1.4183512476e-03 2.5000000000e+00 6.5000000000e+00 -1.3500000000e+01
9.3998717210e-04 3.0000000000e+00 6.0000000000e+00 -1.3500000000e+01
1.6291411654e-03 2.5000000000e+00 6.0000000000e+00 -1.3500000000e+01
5.7860146204e-05 -3.0000000000e+00 -7.5000000000e+00 -1.4000000000e+01
1.9071346795e-04 -3.0000000000e+00 -7.0000000000e+00 -1.4000000000e+01
4.0991875799e-04 -3.0000000000e+00 -6.5000000000e+00 -1.4000000000e+01
5.1181178047e-04 -3.0000000000e+00 -6.0000000000e+00 -1.4000000000e+01
5.0320246009e-04 -3.0000000000e+00 -5.5000000000e+00 -1.4000000000e+01
2.8696459007e-04 -3.0000000000e+00 -5.0000000000e+00 -1.4000000000e+01
9.2150397583e-05 -3.0000000000e+00 -4.5000000000e+00 -1.4000000000e+01
1.1220998091e-03 2.0000000000e+00 5.5000000000e+00 -1.3500000000e+01
6.7289703388e-04 2.5000000000e+00 5.0000000000e+00 -1.3500000000e+01
7.3795247793e-05 -2.5000000000e+00 -3.5000000000e+00 -1.4000000000e+01
1.6168337531e-04 -2.5000000000e+00 -6.0000000000e+00 -1.4000000000e+01
4.0661853408e-04 -2.5000000000e+00 -5.5000000000e+00 -1.4000000000e+01
5.6140043799e-04 -2.5000000000e+00 -5.0000000000e+00 -1.4000000000e+01
5.5991537725e-04 -2.5000000000e+00 -4.5000000000e+00 -1.4000000000e+01
2.7944747229e-04 -2.5000000000e+00 -4.0000000000e+00 -1.4000000000e+01
2.5526048638e-04 1.5000000000e+00 5.0000000000e+00 -1.3500000000e+01
6.7757403267e-04 2.0000000000e+00 4.5000000000e+00 -1.3500000000e+01
4.0473539458e-05 -2.0000000000e+00 -2.5000000000e+00 -1.4000000000e+01
9.9691141409e-05 -2.0000000000e+00 -5.0000000000e+00 -1.4000000000e+01
3.5733140775e-04 -2.0000000000e+00 -4.5000000000e+00 -1.4000000000e+01
5.3879295307e-04 -2.0000000000e+00 -4.0000000000e+00 -1.4000000000e+01
5.3744431614e-04 -2.0000000000e+00 -3.5000000000e+00 -1.4000000000e+01
2.0830771618e-04 -2.0000000000e+00 -3.0000000000e+00 -1.4000000000e+01
1.6013696745e-04 -1.5000000000e+00 -2.0000000000e+00 -1.4000000000e+01
2.1836923685e-04 -1.5000000000e+00 -3.5000000000e+00 -1.4000000000e+01
4.8549230259e-04 -1.5000000000e+00 -3.0000000000e+00 -1.4000000000e+01
4.9200092733e-04 -1.5000000000e+00 -2.5000000000e+00 -1.4000000000e+01
5.1116026511e-04 1.5000000000e+00 4.5000000000e+00 -1.3500000000e+01
5.5408124931e-05 -1.0000000000e+00 -2.5000000000e+00 -1.4000000000e+01
3.7483606464e-04 -1.0000000000e+00 -2.0000000000e+00 -1.4000000000e+01
5.0412534251e-04 -1.0000000000e+00 -1.5000000000e+00 -1.4000000000e+01
2.2837997363e-04 -1.0000000000e+00 -1.0000000000e+00 -1.4000000000e+01
3.7443491642e-04 -5.0000000000e-01 0.0000000000e+00 -1.4000000000e+01
1.9275498339e-04 -5.0000000000e-01 -1.0000000000e+00 -1.4000000000e+01
1.8387479688e-04 0.0000000000e+00 1.5000000000e+00 -1.4000000000e+01
4.8767889936e-04 -5.0000000000e-01 -5.0000000000e-01 -1.4000000000e+01
4.4346761989e-04 0.0000000000e+00 5.0000000000e-01 -1.4000000000e+01
4.6120385504e-04 0.0000000000e+00 1.0000000000e+00 -1.4000000000e+01
6.4428152900e-04 5.0000000000e-01 2.0000000000e+00 -1.4000000000e+01
1.1373480608e-04 0.0000000000e+00 0.0000000000e+00 -1.4000000000e+01
1.6535779469e-04 5.0000000000e-01 1.0000000000e+00 -1.4000000000e+01
6.3718613057e-04 1.0000000000e+00 2.5000000000e+00 -1.4000000000e+01
5.0406148236e-04 5.0000000000e-01 2.5000000000e+00 -1.4000000000e+01
4.6818703846e-04 5.0000000000e-01 1.5000000000e+00 -1.4000000000e+01
5.1726941158e-05 1.0000000000e+00 1.5000000000e+00 -1.4000000000e+01
5.2181193075e-04 1.5000000000e+00 3.0000000000e+00 -1.4000000000e+01
1.1057159099e-03 1.0000000000e+00 3.0000000000e+00 -1.4000000000e+01
1.6976586911e-04 2.0000000000e+00 3.5000000000e+00 -1.4000000000e+01
1.0918854958e-03 1.5000000000e+00 3.5000000000e+00 -1.4000000000e+01
3.6340365011e-04 1.0000000000e+00 4.0000000000e+00 -1.4000000000e+01
7.9413905987e-04 2.0000000000e+00 4.0000000000e+00 -1.4000000000e+01
3.2853946112e-04 2.5000000000e+00 4.5000000000e+00 -1.4000000000e+01
1.8831750277e-04 1.5000000000e+00 5.5000000000e+00 -1.4000000000e+01
4.3668812874e-04 3.0000000000e+00 5.5000000000e+00 -1.4000000000e+01
2.0153903533e-03 2.5000000000e+00 5.5000000000e+00 -1.4000000000e+01
1.1138360793e-03 3.0000000000e+00 6.0000000000e+00 -1.4000000000e+01
3.4049348036e-04 3.5000000000e+00 6.5000000000e+00 -1.4000000000e+01
3.0145741360e-04 2.5000000000e+00 7.5000000000e+00 -1.4000000000e+01
2.1210150474e-04 4.0000000000e+00 7.5000000000e+00 -1.4000000000e+01
2.4565812203e-04 3.0000000000e+00 8.5000000000e+00 -1.4000000000e+01
9.2663721644e-05 4.5000000000e+00 8.5000000000e+00 -1.4000000000e+01
3.1080873351e-04 4.0000000000e+00 9.5000000000e+00 -1.4000000000e+01
1.3042559203e-04 4.0000000000e+00 1.0000000000e+01 -1.4000000000e+01
6.4203036373e-05 4.5000000000e+00 1.0500000000e+01 -1.4000000000e+01
4.3120127924e-05 5.0000000000e+00 1.0500000000e+01 -1.4000000000e+01
5.2790421490e-05 5.0000000000e+00 1.0000000000e+01 -1.4000000000e+01
1.4405670193e-04 4.5000000000e+00 1.0000000000e+01 -1.4000000000e+01
1.9956023398e-04 4.5000000000e+00 9.5000000000e+00 -1.4000000000e+01
1.1378192112e-04 3.5000000000e+00 9.5000000000e+00 -1.4000000000e+01
2.0489886228e-04 4.5000000000e+00 9.0000000000e+00 -1.4000000000e+01
4.9883492239e-04 4.0000000000e+00 9.0000000000e+00 -1.4000000000e+01
6.8539730822e-05 -4.5000000000e+00 -9.5000000000e+00 -1.4500000000e+01
8.6661113978e-05 -4.5000000000e+00 -9.0000000000e+00 -1.4500000000e+01
9.2786363906e-05 -4.5000000000e+00 -8.5000000000e+00 -1.4500000000e+01
6.2873173241e-05 -4.5000000000e+00 -8.0000000000e+00 -1.4500000000e+01
4.0368125535e-04 3.5000000000e+00 9.0000000000e+00 -1.4000000000e+01
5.9297663495e-04 4.0000000000e+00 8.5000000000e+00 -1.4000000000e+01
8.2752136095e-04 3.5000000000e+00 8.5000000000e+00 -1.4000000000e+01
5.1362326303e-04 4.0000000000e+00 8.0000000000e+00 -1.4000000000e+01
1.1096484467e-03 3.5000000000e+00 8.0000000000e+00 -1.4000000000e+01
4.5451147467e-05 -4.0000000000e+00 -9.5000000000e+00 -1.4500000000e+01
1.0624433941e-04 -4.0000000000e+00 -9.0000000000e+00 -1.4500000000e+01
1.7165966651e-04 -4.0000000000e+00 -8.5000000000e+00 -1.4500000000e+01
2.1745748020e-04 -4.0000000000e+00 -8.0000000000e+00 -1.4500000000e+01
2.2800969120e-04 -4.0000000000e+00 -7.5000000000e+00 -1.4500000000e+01
1.4598278171e-04 -4.0000000000e+00 -7.0000000000e+00 -1.4500000000e+01
4.1126057881e-05 -4.0000000000e+00 -6.5000000000e+00 -1.4500000000e+01
7.4893059145e-04 3.0000000000e+00 8.0000000000e+00 -1.4000000000e+01
1.1609141056e-03 3.5000000000e+00 7.5000000000e+00 -1.4000000000e+01
1.4109338333e-03 3.0000000000e+00 7.5000000000e+00 -1.4000000000e+01
8.2096487860e-04 3.5000000000e+00 7.0000000000e+00 -1.4000000000e+01
1.7105173197e-03 3.0000000000e+00 7.0000000000e+00 -1.4000000000e+01
1.0182435101e-03 2.5000000000e+00 7.0000000000e+00 -1.4000000000e+01
1.7109757216e-03 3.0000000000e+00 6.5000000000e+00 -1.4000000000e+01
7.7699343906e-05 -3.5000000000e+00 -8.5000000000e+00 -1.4500000000e+01
2.0696798987e-04 -3.5000000000e+00 -8.0000000000e+00 -1.4500000000e+01
3.5969811416e-04 -3.5000000000e+00 -7.5000000000e+00 -1.4500000000e+01
4.3907296366e-04 -3.5000000000e+00 -7.0000000000e+00 -1.4500000000e+01
4.4142589714e-04 -3.5000000000e+00 -6.5000000000e+00 -1.4500000000e+01
2.7454482040e-04 -3.5000000000e+00 -6.0000000000e+00 -1.4500000000e+01
9.1416276973e-05 -3.5000000000e+00 -5.5000000000e+00 -1.4500000000e+01
1.9245157088e-03 2.5000000000e+00 6.5000000000e+00 -1.4000000000e+01
2.9483155999e-04 2.0000000000e+00 6.5000000000e+00 -1.4000000000e+01
2.2338227308e-03 2.5000000000e+00 6.0000000000e+00 -1.4000000000e+01
1.0751697216e-03 2.0000000000e+00 6.0000000000e+00 -1.4000000000e+01
6.8844294198e-04 -3.0000000000e+00 -5.5000000000e+00 -1.4500000000e+01
1.0177187635e-04 -3.0000000000e+00 -7.5000000000e+00 -1.4500000000e+01
3.2095844135e-04 -3.0000000000e+00 -7.0000000000e+00 -1.4500000000e+01
5.9151498284e-04 -3.0000000000e+00 -6.5000000000e+00 -1.4500000000e+01
7.0408909646e-04 -3.0000000000e+00 -6.0000000000e+00 -1.4500000000e+01
4.3462965372e-04 -3.0000000000e+00 -5.0000000000e+00 -1.4500000000e+01
1.4496715271e-04 -3.0000000000e+00 -4.5000000000e+00 -1.4500000000e+01
2.0690304960e-03 2.0000000000e+00 5.5000000000e+00 -1.4000000000e+01
1.1604769835e-03 2.5000000000e+00 5.0000000000e+00 -1.4000000000e+01
2.3115891139e-03 2.0000000000e+00 5.0000000000e+00 -1.4000000000e+01
7.7943653989e-04 1.5000000000e+00 5.0000000000e+00 -1.4000000000e+01
1.5816754269e-03 2.0000000000e+00 4.5000000000e+00 -1.4000000000e+01
1.7156979042e-04 -2.5000000000e+00 -3.5000000000e+00 -1.4500000000e+01
8.9053541688e-05 -2.5000000000e+00 -6.5000000000e+00 -1.4500000000e+01
3.4574050520e-04 -2.5000000000e+00 -6.0000000000e+00 -1.4500000000e+01
7.7546919758e-04 -2.5000000000e+00 -5.5000000000e+00 -1.4500000000e+01
1.0359776110e-03 -2.5000000000e+00 -5.0000000000e+00 -1.4500000000e+01
1.0356424633e-03 -2.5000000000e+00 -4.5000000000e+00 -1.4500000000e+01
5.6843091242e-04 -2.5000000000e+00 -4.0000000000e+00 -1.4500000000e+01
1.5727708531e-03 1.5000000000e+00 4.5000000000e+00 -1.4000000000e+01
1.4370378036e-04 -2.0000000000e+00 -2.5000000000e+00 -1.4500000000e+01
2.9774110768e-04 -2.0000000000e+00 -5.0000000000e+00 -1.4500000000e+01
8.4181737075e-04 -2.0000000000e+00 -4.5000000000e+00 -1.4500000000e+01
1.2492002013e-03 -2.0000000000e+00 -4.0000000000e+00 -1.4500000000e+01
1.2884332872e-03 -2.0000000000e+00 -3.5000000000e+00 -1.4500000000e+01
6.1875401567e-04 -2.0000000000e+00 -3.0000000000e+00 -1.4500000000e+01
7.2112802757e-05 -1.5000000000e+00 -1.5000000000e+00 -1.4500000000e+01
7.7993000321e-04 -1.5000000000e+00 -2.0000000000e+00 -1.4500000000e+01
5.0241907179e-05 -1.5000000000e+00 -4.0000000000e+00 -1.4500000000e+01
7.3181815861e-04 -1.5000000000e+00 -3.5000000000e+00 -1.4500000000e+01
1.5511734995e-03 -1.5000000000e+00 -3.0000000000e+00 -1.4500000000e+01
8.7620406807e-05 -1.0000000000e+00 -5.0000000000e-01 -1.4500000000e+01
2.1599914014e-04 -1.0000000000e+00 -2.5000000000e+00 -1.4500000000e+01
1.4277823863e-03 -1.0000000000e+00 -2.0000000000e+00 -1.4500000000e+01
2.0139418826e-03 -1.0000000000e+00 -1.5000000000e+00 -1.4500000000e+01
1.8700542968e-03 -5.0000000000e-01 0.0000000000e+00 -1.4500000000e+01
3.3659676448e-04 -5.0000000000e-01 5.0000000000e-01 -1.4500000000e+01
1.3122417607e-03 -1.0000000000e+00 -1.0000000000e+00 -1.4500000000e+01
7.7640543086e-04 -5.0000000000e-01 -1.0000000000e+00 -1.4500000000e+01
1.0395023452e-03 0.0000000000e+00 1.5000000000e+00 -1.4500000000e+01
1.8255079782e-03 0.0000000000e+00 5.0000000000e-01 -1.4500000000e+01
5.3212598242e-05 0.0000000000e+00 2.0000000000e+00 -1.4500000000e+01
2.3307051604e-03 5.0000000000e-01 2.0000000000e+00 -1.4500000000e+01
1.8903007522e-03 1.0000000000e+00 2.5000000000e+00 -1.4500000000e+01
1.7913405628e-03 5.0000000000e-01 2.5000000000e+00 -1.4500000000e+01
1.7566445986e-04 1.0000000000e+00 1.5000000000e+00 -1.4500000000e+01
3.9778014200e-04 5.0000000000e-01 3.0000000000e+00 -1.4500000000e+01
1.2369368787e-03 1.5000000000e+00 3.0000000000e+00 -1.4500000000e+01
2.8663585179e-03 1.0000000000e+00 3.0000000000e+00 -1.4500000000e+01
2.4250436740e-03 1.0000000000e+00 3.5000000000e+00 -1.4500000000e+01
3.3470958153e-04 2.0000000000e+00 3.5000000000e+00 -1.4500000000e+01
2.3547799029e-03 1.5000000000e+00 3.5000000000e+00 -1.4500000000e+01
1.3687196704e-03 2.0000000000e+00 4.0000000000e+00 -1.4500000000e+01
4.1886133660e-04 2.5000000000e+00 4.5000000000e+00 -1.4500000000e+01
3.1431047331e-03 2.0000000000e+00 5.0000000000e+00 -1.4500000000e+01
3.4591337262e-04 1.5000000000e+00 5.5000000000e+00 -1.4500000000e+01
4.0542792140e-04 3.0000000000e+00 5.5000000000e+00 -1.4500000000e+01
4.1945677896e-04 2.0000000000e+00 6.5000000000e+00 -1.4500000000e+01
2.7615640444e-04 3.5000000000e+00 6.5000000000e+00 -1.4500000000e+01
3.5500813134e-04 2.5000000000e+00 7.5000000000e+00 -1.4500000000e+01
1.4579788132e-04 4.0000000000e+00 7.5000000000e+00 -1.4500000000e+01
5.3723025469e-05 2.5000000000e+00 8.0000000000e+00 -1.4500000000e+01
2.4747485591e-04 3.0000000000e+00 8.5000000000e+00 -1.4500000000e+01
4.0452829299e-05 3.0000000000e+00 9.0000000000e+00 -1.4500000000e+01
5.1422818222e-05 4.5000000000e+00 8.5000000000e+00 -1.4500000000e+01
1.1421239452e-04 4.5000000000e+00 9.0000000000e+00 -1.4500000000e+01
1.8136648420e-04 4.0000000000e+00 9.5000000000e+00 -1.4500000000e+01
6.7664652459e-05 4.0000000000e+00 1.0000000000e+01 -1.4500000000e+01
7.0596079197e-05 4.5000000000e+00 1.0000000000e+01 -1.4500000000e+01
1.0637226532e-04 4.5000000000e+00 9.5000000000e+00 -1.4500000000e+01
8.3942210072e-05 3.5000000000e+00 9.5000000000e+00 -1.4500000000e+01
4.7634202609e-05 -4.5000000000e+00 -9.5000000000e+00 -1.5000000000e+01
5.4866685595e-05 -4.5000000000e+00 -9.0000000000e+00 -1.5000000000e+01
5.7347967885e-05 -4.5000000000e+00 -8.5000000000e+00 -1.5000000000e+01
3.1180229707e-04 4.0000000000e+00 9.0000000000e+00 -1.4500000000e+01
3.0597196540e-04 3.5000000000e+00 9.0000000000e+00 -1.4500000000e+01
3.9688541447e-04 4.0000000000e+00 8.5000000000e+00 -1.4500000000e+01
6.2336288553e-04 3.5000000000e+00 8.5000000000e+00 -1.4500000000e+01
3.7322818659e-04 4.0000000000e+00 8.0000000000e+00 -1.4500000000e+01
9.1849923100e-04 3.5000000000e+00 8.0000000000e+00 -1.4500000000e+01
8.0120594482e-05 -4.0000000000e+00 -9.0000000000e+00 -1.5000000000e+01
1.3166277629e-04 -4.0000000000e+00 -8.5000000000e+00 -1.5000000000e+01
1.7478597788e-04 -4.0000000000e+00 -8.0000000000e+00 -1.5000000000e+01
1.8614823712e-04 -4.0000000000e+00 -7.5000000000e+00 -1.5000000000e+01
1.1974310459e-04 -4.0000000000e+00 -7.0000000000e+00 -1.5000000000e+01
7.3530629321e-04 3.0000000000e+00 8.0000000000e+00 -1.4500000000e+01
1.0290715611e-03 3.5000000000e+00 7.5000000000e+00 -1.4500000000e+01
1.3917899784e-03 3.0000000000e+00 7.5000000000e+00 -1.4500000000e+01
7.4232332261e-04 3.5000000000e+00 7.0000000000e+00 -1.4500000000e+01
1.7163175384e-03 3.0000000000e+00 7.0000000000e+00 -1.4500000000e+01
8.1461890611e-05 -3.5000000000e+00 -8.5000000000e+00 -1.5000000000e+01
2.0846911052e-04 -3.5000000000e+00 -8.0000000000e+00 -1.5000000000e+01
3.4627085500e-04 -3.5000000000e+00 -7.5000000000e+00 -1.5000000000e+01
4.2089000022e-04 -3.5000000000e+00 -7.0000000000e+00 -1.5000000000e+01
4.2745482664e-04 -3.5000000000e+00 -6.5000000000e+00 -1.5000000000e+01
2.5584029112e-04 -3.5000000000e+00 -6.0000000000e+00 -1.5000000000e+01
6.6954516490e-05 -3.5000000000e+00 -5.5000000000e+00 -1.5000000000e+01
1.1484674020e-03 2.5000000000e+00 7.0000000000e+00 -1.4500000000e+01
1.7322013010e-03 3.0000000000e+00 6.5000000000e+00 -1.4500000000e+01
2.1187193207e-03 2.5000000000e+00 6.5000000000e+00 -1.4500000000e+01
1.1039551980e-03 3.0000000000e+00 6.0000000000e+00 -1.4500000000e+01
2.4643134829e-03 2.5000000000e+00 6.0000000000e+00 -1.4500000000e+01
1.3755208419e-04 -3.0000000000e+00 -4.5000000000e+00 -1.5000000000e+01
1.4191287302e-04 -3.0000000000e+00 -7.5000000000e+00 -1.5000000000e+01
3.8693321759e-04 -3.0000000000e+00 -7.0000000000e+00 -1.5000000000e+01
6.5635848826e-04 -3.0000000000e+00 -6.5000000000e+00 -1.5000000000e+01
7.7515337360e-04 -3.0000000000e+00 -6.0000000000e+00 -1.5000000000e+01
7.7314552477e-04 -3.0000000000e+00 -5.5000000000e+00 -1.5000000000e+01
4.5793312022e-04 -3.0000000000e+00 -5.0000000000e+00 -1.5000000000e+01
1.4209079029e-03 2.0000000000e+00 6.0000000000e+00 -1.4500000000e+01
2.3528305920e-03 2.5000000000e+00 5.5000000000e+00 -1.4500000000e+01
2.7123624078e-03 2.0000000000e+00 5.5000000000e+00 -1.4500000000e+01
1.3672393451e-03 2.5000000000e+00 5.0000000000e+00 -1.4500000000e+01
7.2867644129e-04 -2.5000000000e+00 -4.0000000000e+00 -1.5000000000e+01
1.3087203365e-03 -2.5000000000e+00 -5.0000000000e+00 -1.5000000000e+01
1.5541217752e-04 -2.5000000000e+00 -6.5000000000e+00 -1.5000000000e+01
5.3495572419e-04 -2.5000000000e+00 -6.0000000000e+00 -1.5000000000e+01
1.0574782712e-03 -2.5000000000e+00 -5.5000000000e+00 -1.5000000000e+01
1.2696432084e-03 -2.5000000000e+00 -4.5000000000e+00 -1.5000000000e+01
2.1526917131e-04 -2.5000000000e+00 -3.5000000000e+00 -1.5000000000e+01
1.3617409389e-03 1.5000000000e+00 5.0000000000e+00 -1.4500000000e+01
2.5240954166e-03 2.0000000000e+00 4.5000000000e+00 -1.4500000000e+01
2.7679718344e-03 1.5000000000e+00 4.5000000000e+00 -1.4500000000e+01
9.8873787527e-04 -2.0000000000e+00 -3.0000000000e+00 -1.5000000000e+01
1.9755323728e-03 -2.0000000000e+00 -3.5000000000e+00 -1.5000000000e+01
7.7441598904e-05 -2.0000000000e+00 -5.5000000000e+00 -1.5000000000e+01
6.0829563637e-04 -2.0000000000e+00 -5.0000000000e+00 -1.5000000000e+01
1.4584952920e-03 -2.0000000000e+00 -4.5000000000e+00 -1.5000000000e+01
1.9104847325e-03 -2.0000000000e+00 -4.0000000000e+00 -1.5000000000e+01
2.4885305639e-04 -2.0000000000e+00 -2.5000000000e+00 -1.5000000000e+01
1.7463697690e-04 -1.5000000000e+00 -1.5000000000e+00 -1.5000000000e+01
1.4424081967e-03 -1.5000000000e+00 -2.0000000000e+00 -1.5000000000e+01
2.3763685551e-04 -1.5000000000e+00 -4.0000000000e+00 -1.5000000000e+01
1.5567403615e-03 -1.5000000000e+00 -3.5000000000e+00 -1.5000000000e+01
2.8355140449e-03 -1.5000000000e+00 -3.0000000000e+00 -1.5000000000e+01
3.4125099140e-04 -1.0000000000e+00 -5.0000000000e-01 -1.5000000000e+01
4.3003445513e-03 -1.0000000000e+00 -1.5000000000e+00 -1.5000000000e+01
6.8946013423e-04 -1.0000000000e+00 -2.5000000000e+00 -1.5000000000e+01
4.4147576908e-03 -5.0000000000e-01 0.0000000000e+00 -1.5000000000e+01
1.1601718689e-03 -5.0000000000e-01 5.0000000000e-01 -1.5000000000e+01
3.1259129280e-03 -1.0000000000e+00 -2.0000000000e+00 -1.5000000000e+01
3.0296727604e-03 -1.0000000000e+00 -1.0000000000e+00 -1.5000000000e+01
1.9008246480e-03 -5.0000000000e-01 -1.0000000000e+00 -1.5000000000e+01
2.5606038824e-03 0.0000000000e+00 1.5000000000e+00 -1.5000000000e+01
4.0399640748e-03 0.0000000000e+00 5.0000000000e-01 -1.5000000000e+01
2.3968373873e-04 0.0000000000e+00 2.0000000000e+00 -1.5000000000e+01
4.5765231960e-03 5.0000000000e-01 2.0000000000e+00 -1.5000000000e+01
1.4357728052e-03 5.0000000000e-01 1.0000000000e+00 -1.5000000000e+01
3.3753643331e-03 1.0000000000e+00 2.5000000000e+00 -1.5000000000e+01
3.3820521067e-03 5.0000000000e-01 2.5000000000e+00 -1.5000000000e+01
8.7897607629e-04 5.0000000000e-01 3.0000000000e+00 -1.5000000000e+01
1.8332004295e-03 1.5000000000e+00 3.0000000000e+00 -1.5000000000e+01
4.5705523765e-03 1.0000000000e+00 3.0000000000e+00 -1.5000000000e+01
4.5539246563e-04 2.0000000000e+00 3.5000000000e+00 -1.5000000000e+01
3.3513459345e-03 1.5000000000e+00 3.5000000000e+00 -1.5000000000e+01
2.7640741033e-04 1.0000000000e+00 4.5000000000e+00 -1.5000000000e+01
1.7234604261e-03 1.5000000000e+00 5.0000000000e+00 -1.5000000000e+01
4.7278047199e-04 1.5000000000e+00 5.5000000000e+00 -1.5000000000e+01
3.4803451423e-04 3.0000000000e+00 5.5000000000e+00 -1.5000000000e+01
2.3479956674e-03 2.5000000000e+00 5.5000000000e+00 -1.5000000000e+01
2.4261393678e-03 2.5000000000e+00 6.0000000000e+00 -1.5000000000e+01
4.9424225421e-04 2.0000000000e+00 6.5000000000e+00 -1.5000000000e+01
2.0202894799e-04 3.5000000000e+00 6.5000000000e+00 -1.5000000000e+01
1.5644080221e-03 3.0000000000e+00 6.5000000000e+00 -1.5000000000e+01
5.8295935678e-04 3.5000000000e+00 7.0000000000e+00 -1.5000000000e+01
9.0002968013e-05 4.0000000000e+00 7.5000000000e+00 -1.5000000000e+01
6.0409667935e-05 2.5000000000e+00 8.0000000000e+00 -1.5000000000e+01
2.0019761298e-04 3.0000000000e+00 8.5000000000e+00 -1.5000000000e+01
4.5672924299e-05 4.5000000000e+00 9.0000000000e+00 -1.5000000000e+01
8.6199410057e-05 4.0000000000e+00 9.5000000000e+00 -1.5000000000e+01
4.5648440750e-05 4.5000000000e+00 9.5000000000e+00 -1.5000000000e+01
4.1764356786e-05 3.5000000000e+00 9.5000000000e+00 -1.5000000000e+01
1.5985743046e-04 4.0000000000e+00 9.0000000000e+00 -1.5000000000e+01
1.7743956989e-04 3.5000000000e+00 9.0000000000e+00 -1.5000000000e+01
2.1702796171e-04 4.0000000000e+00 8.5000000000e+00 -1.5000000000e+01
3.8178583568e-04 3.5000000000e+00 8.5000000000e+00 -1.5000000000e+01
2.1802468445e-04 4.0000000000e+00 8.0000000000e+00 -1.5000000000e+01
5.2713283817e-05 -4.0000000000e+00 -9.0000000000e+00 -1.5500000000e+01
7.7536855623e-05 -4.0000000000e+00 -8.5000000000e+00 -1.5500000000e+01
1.0294992710e-04 -4.0000000000e+00 -8.0000000000e+00 -1.5500000000e+01
1.0878054032e-04 -4.0000000000e+00 -7.5000000000e+00 -1.5500000000e+01
6.6740857759e-05 -4.0000000000e+00 -7.0000000000e+00 -1.5500000000e+01
5.8707945822e-04 3.5000000000e+00 8.0000000000e+00 -1.5000000000e+01
5.7650542903e-04 3.0000000000e+00 8.0000000000e+00 -1.5000000000e+01
7.1424517430e-04 3.5000000000e+00 7.5000000000e+00 -1.5000000000e+01
1.0993811005e-03 3.0000000000e+00 7.5000000000e+00 -1.5000000000e+01
4.5471908125e-05 -3.5000000000e+00 -5.5000000000e+00 -1.5500000000e+01
6.4164818548e-05 -3.5000000000e+00 -8.5000000000e+00 -1.5500000000e+01
1.5727425000e-04 -3.5000000000e+00 -8.0000000000e+00 -1.5500000000e+01
2.5485503163e-04 -3.5000000000e+00 -7.5000000000e+00 -1.5500000000e+01
3.2073103292e-04 -3.5000000000e+00 -7.0000000000e+00 -1.5500000000e+01
3.3156137130e-04 -3.5000000000e+00 -6.5000000000e+00 -1.5500000000e+01
1.9931113719e-04 -3.5000000000e+00 -6.0000000000e+00 -1.5500000000e+01
4.0540199653e-04 2.5000000000e+00 7.5000000000e+00 -1.5000000000e+01
1.4902654384e-03 3.0000000000e+00 7.0000000000e+00 -1.5000000000e+01
1.1485762502e-03 2.5000000000e+00 7.0000000000e+00 -1.5000000000e+01
5.4582881495e-05 2.0000000000e+00 7.0000000000e+00 -1.5000000000e+01
1.1087145902e-04 -3.0000000000e+00 -4.5000000000e+00 -1.5500000000e+01
7.3009759577e-04 -3.0000000000e+00 -6.0000000000e+00 -1.5500000000e+01
4.8133136420e-05 -3.0000000000e+00 -8.0000000000e+00 -1.5500000000e+01
1.4486966057e-04 -3.0000000000e+00 -7.5000000000e+00 -1.5500000000e+01
3.7218809518e-04 -3.0000000000e+00 -7.0000000000e+00 -1.5500000000e+01
6.1377689326e-04 -3.0000000000e+00 -6.5000000000e+00 -1.5500000000e+01
7.3083268235e-04 -3.0000000000e+00 -5.5000000000e+00 -1.5500000000e+01
4.2551784866e-04 -3.0000000000e+00 -5.0000000000e+00 -1.5500000000e+01
2.0817754389e-03 2.5000000000e+00 6.5000000000e+00 -1.5000000000e+01
1.0061168693e-03 3.0000000000e+00 6.0000000000e+00 -1.5000000000e+01
1.5323861300e-03 2.0000000000e+00 6.0000000000e+00 -1.5000000000e+01
2.8345775282e-03 2.0000000000e+00 5.5000000000e+00 -1.5000000000e+01
1.3615720738e-03 2.5000000000e+00 5.0000000000e+00 -1.5000000000e+01
1.3361188443e-03 -2.5000000000e+00 -5.0000000000e+00 -1.5500000000e+01
2.0827005280e-04 -2.5000000000e+00 -6.5000000000e+00 -1.5500000000e+01
6.1659404354e-04 -2.5000000000e+00 -6.0000000000e+00 -1.5500000000e+01
1.1171091443e-03 -2.5000000000e+00 -5.5000000000e+00 -1.5500000000e+01
1.2922287670e-03 -2.5000000000e+00 -4.5000000000e+00 -1.5500000000e+01
7.2729162970e-04 -2.5000000000e+00 -4.0000000000e+00 -1.5500000000e+01
2.0471258867e-04 -2.5000000000e+00 -3.5000000000e+00 -1.5500000000e+01
3.3038946584e-03 2.0000000000e+00 5.0000000000e+00 -1.5000000000e+01
4.1869193083e-04 2.5000000000e+00 4.5000000000e+00 -1.5000000000e+01
2.9070726850e-03 2.0000000000e+00 4.5000000000e+00 -1.5000000000e+01
3.4508084951e-03 1.5000000000e+00 4.5000000000e+00 -1.5000000000e+01
1.6433721235e-03 2.0000000000e+00 4.0000000000e+00 -1.5000000000e+01
2.7692270991e-04 -2.0000000000e+00 -2.5000000000e+00 -1.5500000000e+01
2.0863575474e-03 -2.0000000000e+00 -3.5000000000e+00 -1.5500000000e+01
2.0542023794e-04 -2.0000000000e+00 -5.5000000000e+00 -1.5500000000e+01
8.4217599075e-04 -2.0000000000e+00 -5.0000000000e+00 -1.5500000000e+01
1.7134029469e-03 -2.0000000000e+00 -4.5000000000e+00 -1.5500000000e+01
2.1534150615e-03 -2.0000000000e+00 -4.0000000000e+00 -1.5500000000e+01
1.0773318124e-03 -2.0000000000e+00 -3.0000000000e+00 -1.5500000000e+01
1.5813761651e-03 -1.5000000000e+00 -2.0000000000e+00 -1.5500000000e+01
3.5594634469e-03 -1.5000000000e+00 -3.0000000000e+00 -1.5500000000e+01
6.2516005662e-04 -1.5000000000e+00 -4.0000000000e+00 -1.5500000000e+01
2.3781652343e-03 -1.5000000000e+00 -3.5000000000e+00 -1.5500000000e+01
3.6486823967e-03 -1.5000000000e+00 -2.5000000000e+00 -1.5500000000e+01
4.7208407343e-04 -1.0000000000e+00 -5.0000000000e-01 -1.5500000000e+01
3.7957712995e-03 -1.0000000000e+00 -1.0000000000e+00 -1.5500000000e+01
6.0526986906e-03 -1.0000000000e+00 -1.5000000000e+00 -1.5500000000e+01
1.4611964628e-03 -1.0000000000e+00 -2.5000000000e+00 -1.5500000000e+01
1.0779602246e-04 -5.0000000000e-01 1.0000000000e+00 -1.5500000000e+01
1.7380682863e-03 -5.0000000000e-01 5.0000000000e-01 -1.5500000000e+01
6.3927337685e-03 -5.0000000000e-01 0.0000000000e+00 -1.5500000000e+01
1.1436973369e-04 -5.0000000000e-01 -1.5000000000e+00 -1.5500000000e+01
3.6894468834e-03 0.0000000000e+00 1.5000000000e+00 -1.5500000000e+01
3.2508856159e-03 -5.0000000000e-01 -1.0000000000e+00 -1.5500000000e+01
6.6764511716e-03 0.0000000000e+00 1.0000000000e+00 -1.5500000000e+01
6.0299112033e-03 0.0000000000e+00 5.0000000000e-01 -1.5500000000e+01
7.0085643178e-03 -5.0000000000e-01 -5.0000000000e-01 -1.5500000000e+01
4.6360770107e-04 0.0000000000e+00 2.0000000000e+00 -1.5500000000e+01
5.8798500202e-03 5.0000000000e-01 2.0000000000e+00 -1.5500000000e+01
4.7870901993e-03 5.0000000000e-01 1.5000000000e+00 -1.5500000000e+01
4.0517530598e-03 1.0000000000e+00 2.5000000000e+00 -1.5500000000e+01
4.2582269302e-03 5.0000000000e-01 2.5000000000e+00 -1.5500000000e+01
4.8257926836e-04 1.0000000000e+00 1.5000000000e+00 -1.5500000000e+01
1.9269982016e-03 1.5000000000e+00 3.0000000000e+00 -1.5500000000e+01
5.0821698749e-03 1.0000000000e+00 3.0000000000e+00 -1.5500000000e+01
4.7610209297e-04 2.0000000000e+00 3.5000000000e+00 -1.5500000000e+01
3.5541093960e-03 1.5000000000e+00 3.5000000000e+00 -1.5500000000e+01
1.8092277618e-03 1.0000000000e+00 4.0000000000e+00 -1.5500000000e+01
4.0249064072e-04 1.0000000000e+00 4.5000000000e+00 -1.5500000000e+01
1.6373042323e-03 2.0000000000e+00 4.0000000000e+00 -1.5500000000e+01
3.5076574665e-03 1.5000000000e+00 4.5000000000e+00 -1.5500000000e+01
4.0084048819e-04 2.5000000000e+00 4.5000000000e+00 -1.5500000000e+01
1.2517725170e-03 2.5000000000e+00 5.0000000000e+00 -1.5500000000e+01
2.5750727359e-04 3.0000000000e+00 5.5000000000e+00 -1.5500000000e+01
2.0919827919e-03 2.5000000000e+00 5.5000000000e+00 -1.5500000000e+01
5.2466017048e-04 2.0000000000e+00 6.5000000000e+00 -1.5500000000e+01
1.3584305755e-04 3.5000000000e+00 6.5000000000e+00 -1.5500000000e+01
1.0985249948e-03 3.0000000000e+00 6.5000000000e+00 -1.5500000000e+01
3.5733314044e-04 3.5000000000e+00 7.0000000000e+00 -1.5500000000e+01
4.3443410729e-05 4.0000000000e+00 7.5000000000e+00 -1.5500000000e+01
6.1531185026e-05 2.5000000000e+00 8.0000000000e+00 -1.5500000000e+01
1.1680211998e-04 3.0000000000e+00 8.5000000000e+00 -1.5500000000e+01
6.2779219716e-05 4.0000000000e+00 9.0000000000e+00 -1.5500000000e+01
7.0788619463e-05 3.5000000000e+00 9.0000000000e+00 -1.5500000000e+01
8.7052344830e-05 4.0000000000e+00 8.5000000000e+00 -1.5500000000e+01
1.8156056209e-04 3.5000000000e+00 8.5000000000e+00 -1.5500000000e+01
9.1065969126e-05 4.0000000000e+00 8.0000000000e+00 -1.5500000000e+01
4.7273328810e-05 -4.0000000000e+00 -8.5000000000e+00 -1.6000000000e+01
4.1368889516e-05 -4.0000000000e+00 -8.0000000000e+00 -1.6000000000e+01
4.3200308531e-05 -4.0000000000e+00 -7.5000000000e+00 -1.6000000000e+01
3.0866166025e-04 3.5000000000e+00 8.0000000000e+00 -1.5500000000e+01
3.4587680231e-04 3.0000000000e+00 8.0000000000e+00 -1.5500000000e+01
3.8290409801e-04 3.5000000000e+00 7.5000000000e+00 -1.5500000000e+01
6.6649089869e-04 3.0000000000e+00 7.5000000000e+00 -1.5500000000e+01
8.3283299098e-05 -3.5000000000e+00 -8.0000000000e+00 -1.6000000000e+01
1.3378332909e-04 -3.5000000000e+00 -7.5000000000e+00 -1.6000000000e+01
1.7474743896e-04 -3.5000000000e+00 -7.0000000000e+00 -1.6000000000e+01
1.7946572640e-04 -3.5000000000e+00 -6.5000000000e+00 -1.6000000000e+01
1.0595566403e-04 -3.5000000000e+00 -6.0000000000e+00 -1.6000000000e+01
3.4005994951e-04 2.5000000000e+00 7.5000000000e+00 -1.5500000000e+01
9.5695570731e-04 3.0000000000e+00 7.0000000000e+00 -1.5500000000e+01
9.2349203607e-04 2.5000000000e+00 7.0000000000e+00 -1.5500000000e+01
8.3660975603e-05 2.0000000000e+00 7.0000000000e+00 -1.5500000000e+01
7.3192638231e-05 -3.0000000000e+00 -4.5000000000e+00 -1.6000000000e+01
4.6182250209e-05 -3.0000000000e+00 -8.0000000000e+00 -1.6000000000e+01
1.2231200308e-04 -3.0000000000e+00 -7.5000000000e+00 -1.6000000000e+01
2.6315918425e-04 -3.0000000000e+00 -7.0000000000e+00 -1.6000000000e+01
4.2115644181e-04 -3.0000000000e+00 -6.5000000000e+00 -1.6000000000e+01
5.2019790367e-04 -3.0000000000e+00 -6.0000000000e+00 -1.6000000000e+01
5.3326769726e-04 -3.0000000000e+00 -5.5000000000e+00 -1.6000000000e+01
3.1145604282e-04 -3.0000000000e+00 -5.0000000000e+00 -1.6000000000e+01
1.6494868036e-03 2.5000000000e+00 6.5000000000e+00 -1.5500000000e+01
7.8169427889e-04 3.0000000000e+00 6.0000000000e+00 -1.5500000000e+01
2.0656202548e-03 2.5000000000e+00 6.0000000000e+00 -1.5500000000e+01
1.4942392832e-03 2.0000000000e+00 6.0000000000e+00 -1.5500000000e+01
6.3585019741e-04 -2.5000000000e+00 -4.0000000000e+00 -1.6000000000e+01
1.1881763105e-03 -2.5000000000e+00 -5.0000000000e+00 -1.6000000000e+01
5.4712262795e-05 -2.5000000000e+00 -7.0000000000e+00 -1.6000000000e+01
2.1593533221e-04 -2.5000000000e+00 -6.5000000000e+00 -1.6000000000e+01
5.8660243735e-04 -2.5000000000e+00 -6.0000000000e+00 -1.6000000000e+01
1.0062861645e-03 -2.5000000000e+00 -5.5000000000e+00 -1.6000000000e+01
1.1554211958e-03 -2.5000000000e+00 -4.5000000000e+00 -1.6000000000e+01
1.6217040684e-04 -2.5000000000e+00 -3.5000000000e+00 -1.6000000000e+01
2.7108258756e-03 2.0000000000e+00 5.5000000000e+00 -1.5500000000e+01
5.1991564919e-04 1.5000000000e+00 5.5000000000e+00 -1.5500000000e+01
3.1703850035e-03 2.0000000000e+00 5.0000000000e+00 -1.5500000000e+01
2.6752759660e-04 -2.0000000000e+00 -2.5000000000e+00 -1.6000000000e+01
2.0259376222e-03 -2.0000000000e+00 -3.5000000000e+00 -1.6000000000e+01
1.6752180023e-03 -2.0000000000e+00 -4.5000000000e+00 -1.6000000000e+01
2.8431545710e-04 -2.0000000000e+00 -5.5000000000e+00 -1.6000000000e+01
8.6783655653e-04 -2.0000000000e+00 -5.0000000000e+00 -1.6000000000e+01
2.0908085811e-03 -2.0000000000e+00 -4.0000000000e+00 -1.6000000000e+01
1.0486267671e-03 -2.0000000000e+00 -3.0000000000e+00 -1.6000000000e+01
1.7801939722e-03 1.5000000000e+00 5.0000000000e+00 -1.5500000000e+01
2.9289475057e-03 2.0000000000e+00 4.5000000000e+00 -1.5500000000e+01
3.5648849903e-03 -1.5000000000e+00 -3.0000000000e+00 -1.6000000000e+01
5.6310103563e-05 -1.5000000000e+00 -4.5000000000e+00 -1.6000000000e+01
9.4710587628e-04 -1.5000000000e+00 -4.0000000000e+00 -1.6000000000e+01
2.6023832535e-03 -1.5000000000e+00 -3.5000000000e+00 -1.6000000000e+01
3.6211579664e-03 -1.5000000000e+00 -2.5000000000e+00 -1.6000000000e+01
1.5483456463e-03 -1.5000000000e+00 -2.0000000000e+00 -1.6000000000e+01
4.6175468502e-04 -1.0000000000e+00 -5.0000000000e-01 -1.6000000000e+01
2.2419012889e-04 -1.5000000000e+00 -1.5000000000e+00 -1.6000000000e+01
3.7483474676e-03 -1.0000000000e+00 -1.0000000000e+00 -1.6000000000e+01
9.1866093500e-05 -1.0000000000e+00 -3.0000000000e+00 -1.6000000000e+01
1.2535274109e-04 -5.0000000000e-01 1.0000000000e+00 -1.6000000000e+01
2.1542998881e-03 -1.0000000000e+00 -2.5000000000e+00 -1.6000000000e+01
1.7636073714e-03 -5.0000000000e-01 5.0000000000e-01 -1.6000000000e+01
4.1841378951e-03 -5.0000000000e-01 -1.0000000000e+00 -1.6000000000e+01
3.8269492703e-03 0.0000000000e+00 1.5000000000e+00 -1.6000000000e+01
7.0046229051e-03 0.0000000000e+00 1.0000000000e+00 -1.6000000000e+01
3.2767821781e-04 -5.0000000000e-01 -1.5000000000e+00 -1.6000000000e+01
7.6323261407e-03 -5.0000000000e-01 -5.0000000000e-01 -1.6000000000e+01
6.6328352920e-03 -5.0000000000e-01 0.0000000000e+00 -1.6000000000e+01
5.0081259351e-04 0.0000000000e+00 2.0000000000e+00 -1.6000000000e+01
5.9393248193e-03 5.0000000000e-01 2.0000000000e+00 -1.6000000000e+01
4.9123013934e-03 5.0000000000e-01 1.5000000000e+00 -1.6000000000e+01
4.0477592248e-03 1.0000000000e+00 2.5000000000e+00 -1.6000000000e+01
4.3033489371e-03 5.0000000000e-01 2.5000000000e+00 -1.6000000000e+01
1.3751129463e-03 5.0000000000e-01 3.0000000000e+00 -1.6000000000e+01
1.8694426693e-03 1.5000000000e+00 3.0000000000e+00 -1.6000000000e+01
5.0242649557e-03 1.0000000000e+00 3.0000000000e+00 -1.6000000000e+01
1.6139106911e-04 5.0000000000e-01 3.5000000000e+00 -1.6000000000e+01
4.0128247560e-03 1.0000000000e+00 3.5000000000e+00 -1.6000000000e+01
4.6480628227e-04 2.0000000000e+00 3.5000000000e+00 -1.6000000000e+01
3.5293239876e-03 1.5000000000e+00 3.5000000000e+00 -1.6000000000e+01
1.5107015660e-03 2.0000000000e+00 4.0000000000e+00 -1.6000000000e+01
3.1512573607e-04 2.5000000000e+00 4.5000000000e+00 -1.6000000000e+01
2.6063286477e-03 2.0000000000e+00 4.5000000000e+00 -1.6000000000e+01
9.5987017440e-04 2.5000000000e+00 5.0000000000e+00 -1.6000000000e+01
2.0673216641e-03 2.0000000000e+00 5.5000000000e+00 -1.6000000000e+01
6.3774717719e-05 1.5000000000e+00 6.0000000000e+00 -1.6000000000e+01
1.7652321074e-04 3.0000000000e+00 5.5000000000e+00 -1.6000000000e+01
4.8698421417e-04 3.0000000000e+00 6.0000000000e+00 -1.6000000000e+01
5.6502891001e-04 3.0000000000e+00 6.5000000000e+00 -1.6000000000e+01
7.3790689894e-05 3.5000000000e+00 6.5000000000e+00 -1.6000000000e+01
5.1902858186e-04 2.5000000000e+00 7.0000000000e+00 -1.6000000000e+01
1.9775842782e-04 2.5000000000e+00 7.5000000000e+00 -1.6000000000e+01
4.7785013592e-05 2.5000000000e+00 8.0000000000e+00 -1.6000000000e+01
4.9176709073e-05 3.5000000000e+00 8.5000000000e+00 -1.6000000000e+01
4.4271431822e-05 3.0000000000e+00 8.5000000000e+00 -1.6000000000e+01
1.0715834574e-04 3.5000000000e+00 8.0000000000e+00 -1.6000000000e+01
1.4158816620e-04 3.0000000000e+00 8.0000000000e+00 -1.6000000000e+01
1.4785559251e-04 3.5000000000e+00 7.5000000000e+00 -1.6000000000e+01
5.0894399661e-05 -3.5000000000e+00 -7.5000000000e+00 -1.6500000000e+01
6.4018361571e-05 -3.5000000000e+00 -7.0000000000e+00 -1.6500000000e+01
6.4533791823e-05 -3.5000000000e+00 -6.5000000000e+00 -1.6500000000e+01
3.0175674921e-04 3.0000000000e+00 7.5000000000e+00 -1.6000000000e+01
1.4972159075e-04 3.5000000000e+00 7.0000000000e+00 -1.6000000000e+01
4.7236450567e-04 3.0000000000e+00 7.0000000000e+00 -1.6000000000e+01
8.3864413070e-05 2.0000000000e+00 7.0000000000e+00 -1.6000000000e+01
9.4584904647e-04 2.5000000000e+00 6.5000000000e+00 -1.6000000000e+01
2.6053964368e-04 -3.0000000000e+00 -6.0000000000e+00 -1.6500000000e+01
6.6122217889e-05 -3.0000000000e+00 -7.5000000000e+00 -1.6500000000e+01
1.3221752497e-04 -3.0000000000e+00 -7.0000000000e+00 -1.6500000000e+01
2.0656525730e-04 -3.0000000000e+00 -6.5000000000e+00 -1.6500000000e+01
2.6248387257e-04 -3.0000000000e+00 -5.5000000000e+00 -1.6500000000e+01
1.5234156626e-04 -3.0000000000e+00 -5.0000000000e+00 -1.6500000000e+01
4.3828761581e-04 2.0000000000e+00 6.5000000000e+00 -1.6000000000e+01
1.3011301877e-03 2.5000000000e+00 6.0000000000e+00 -1.6000000000e+01
4.0008075493e-04 -2.5000000000e+00 -4.0000000000e+00 -1.6500000000e+01
5.7499278475e-05 -2.5000000000e+00 -7.0000000000e+00 -1.6500000000e+01
1.8479730541e-04 -2.5000000000e+00 -6.5000000000e+00 -1.6500000000e+01
3.9706738356e-04 -2.5000000000e+00 -6.0000000000e+00 -1.6500000000e+01
6.2389073579e-04 -2.5000000000e+00 -5.5000000000e+00 -1.6500000000e+01
7.2830659774e-04 -2.5000000000e+00 -5.0000000000e+00 -1.6500000000e+01
7.2848637275e-04 -2.5000000000e+00 -4.5000000000e+00 -1.6500000000e+01
8.8510070636e-05 -2.5000000000e+00 -3.5000000000e+00 -1.6500000000e+01
1.1598567271e-03 2.0000000000e+00 6.0000000000e+00 -1.6000000000e+01
1.4259470559e-03 2.5000000000e+00 5.5000000000e+00 -1.6000000000e+01
2.2599928151e-04 -2.0000000000e+00 -2.5000000000e+00 -1.6500000000e+01
5.1196422410e-04 1.5000000000e+00 5.5000000000e+00 -1.6000000000e+01
2.5710806931e-03 2.0000000000e+00 5.0000000000e+00 -1.6000000000e+01
1.6694335769e-03 1.5000000000e+00 5.0000000000e+00 -1.6000000000e+01
3.2429080647e-03 1.5000000000e+00 4.5000000000e+00 -1.6000000000e+01
1.3123966707e-03 -2.0000000000e+00 -4.5000000000e+00 -1.6500000000e+01
6.1915345729e-05 -2.0000000000e+00 -6.0000000000e+00 -1.6500000000e+01
2.8607197404e-04 -2.0000000000e+00 -5.5000000000e+00 -1.6500000000e+01
7.6872241770e-04 -2.0000000000e+00 -5.0000000000e+00 -1.6500000000e+01
1.6163333611e-03 -2.0000000000e+00 -4.0000000000e+00 -1.6500000000e+01
2.0011931572e-04 -1.5000000000e+00 -1.5000000000e+00 -1.6500000000e+01
1.5773104525e-03 -2.0000000000e+00 -3.5000000000e+00 -1.6500000000e+01
8.4667670120e-04 -2.0000000000e+00 -3.0000000000e+00 -1.6500000000e+01
4.3123343925e-04 1.0000000000e+00 4.5000000000e+00 -1.6000000000e+01
3.9009284674e-03 1.5000000000e+00 4.0000000000e+00 -1.6000000000e+01
1.8200188377e-03 1.0000000000e+00 4.0000000000e+00 -1.6000000000e+01
3.1350987397e-03 -1.5000000000e+00 -2.5000000000e+00 -1.6500000000e+01
3.1363558741e-03 -1.5000000000e+00 -3.0000000000e+00 -1.6500000000e+01
1.5539194230e-04 -1.5000000000e+00 -4.5000000000e+00 -1.6500000000e+01
1.0207466199e-03 -1.5000000000e+00 -4.0000000000e+00 -1.6500000000e+01
2.3925843000e-03 -1.5000000000e+00 -3.5000000000e+00 -1.6500000000e+01
1.2907540979e-03 -1.5000000000e+00 -2.0000000000e+00 -1.6500000000e+01
4.1470762826e-04 -1.0000000000e+00 -5.0000000000e-01 -1.6500000000e+01
5.9236179449e-03 -1.0000000000e+00 -1.5000000000e+00 -1.6500000000e+01
5.1591001763e-03 -1.0000000000e+00 -2.0000000000e+00 -1.6500000000e+01
1.2505805038e-04 -5.0000000000e-01 1.0000000000e+00 -1.6500000000e+01
1.6979947792e-03 -5.0000000000e-01 5.0000000000e-01 -1.6500000000e+01
2.5407203858e-04 -1.0000000000e+00 -3.0000000000e+00 -1.6500000000e+01
2.3249371133e-03 -1.0000000000e+00 -2.5000000000e+00 -1.6500000000e+01
6.3923602039e-03 -5.0000000000e-01 0.0000000000e+00 -1.6500000000e+01
7.4446245494e-03 -5.0000000000e-01 -5.0000000000e-01 -1.6500000000e+01
4.2303973776e-03 -5.0000000000e-01 -1.0000000000e+00 -1.6500000000e+01
3.7209876498e-03 0.0000000000e+00 1.5000000000e+00 -1.6500000000e+01
6.8037404762e-03 0.0000000000e+00 1.0000000000e+00 -1.6500000000e+01
5.0107757776e-04 0.0000000000e+00 2.0000000000e+00 -1.6500000000e+01
5.5992674875e-03 5.0000000000e-01 2.0000000000e+00 -1.6500000000e+01
4.7017611196e-03 5.0000000000e-01 1.5000000000e+00 -1.6500000000e+01
1.7842071527e-03 0.0000000000e+00 0.0000000000e+00 -1.6500000000e+01
6.3774282685e-03 0.0000000000e+00 5.0000000000e-01 -1.6500000000e+01
3.8098774521e-03 1.0000000000e+00 2.5000000000e+00 -1.6500000000e+01
4.0456791772e-03 5.0000000000e-01 2.5000000000e+00 -1.6500000000e+01
1.3235299179e-03 5.0000000000e-01 3.0000000000e+00 -1.6500000000e+01
1.5704258981e-03 1.5000000000e+00 3.0000000000e+00 -1.6500000000e+01
4.2759661770e-03 1.0000000000e+00 3.0000000000e+00 -1.6500000000e+01
3.6899095488e-04 2.0000000000e+00 3.5000000000e+00 -1.6500000000e+01
4.1178811974e-04 1.0000000000e+00 4.5000000000e+00 -1.6500000000e+01
1.1930864671e-03 1.5000000000e+00 5.0000000000e+00 -1.6500000000e+01
4.1371394242e-04 1.5000000000e+00 5.5000000000e+00 -1.6500000000e+01
1.0124153395e-04 3.0000000000e+00 5.5000000000e+00 -1.6500000000e+01
6.8571162752e-05 1.5000000000e+00 6.0000000000e+00 -1.6500000000e+01
5.8479592640e-04 2.5000000000e+00 6.0000000000e+00 -1.6500000000e+01
2.3458758712e-04 2.0000000000e+00 6.5000000000e+00 -1.6500000000e+01
6.2560306832e-05 2.0000000000e+00 7.0000000000e+00 -1.6500000000e+01
7.5937893818e-05 3.0000000000e+00 7.5000000000e+00 -1.6500000000e+01
7.3962581586e-05 2.5000000000e+00 7.5000000000e+00 -1.6500000000e+01
1.4510967545e-04 3.0000000000e+00 7.0000000000e+00 -1.6500000000e+01
1.8803640301e-04 2.5000000000e+00 7.0000000000e+00 -1.6500000000e+01
1.9668411915e-04 3.0000000000e+00 6.5000000000e+00 -1.6500000000e+01
4.3831570797e-05 -3.0000000000e+00 -7.0000000000e+00 -1.7000000000e+01
6.9001510784e-05 -3.0000000000e+00 -6.5000000000e+00 -1.7000000000e+01
8.1246682806e-05 -3.0000000000e+00 -6.0000000000e+00 -1.7000000000e+01
7.0090305059e-05 -3.0000000000e+00 -5.5000000000e+00 -1.7000000000e+01
3.7895684244e-04 2.5000000000e+00 6.5000000000e+00 -1.6500000000e+01
2.0139218944e-04 3.0000000000e+00 6.0000000000e+00 -1.6500000000e+01
6.0437498548e-04 2.0000000000e+00 6.0000000000e+00 -1.6500000000e+01
6.9548599651e-04 2.5000000000e+00 5.5000000000e+00 -1.6500000000e+01
1.5277316228e-04 -2.5000000000e+00 -4.0000000000e+00 -1.7000000000e+01
4.0071626267e-05 -2.5000000000e+00 -7.0000000000e+00 -1.7000000000e+01
9.7360007611e-05 -2.5000000000e+00 -6.5000000000e+00 -1.7000000000e+01
1.7329232015e-04 -2.5000000000e+00 -6.0000000000e+00 -1.7000000000e+01
2.4853435188e-04 -2.5000000000e+00 -5.5000000000e+00 -1.7000000000e+01
2.9870577373e-04 -2.5000000000e+00 -5.0000000000e+00 -1.7000000000e+01
2.7189341264e-04 -2.5000000000e+00 -4.5000000000e+00 -1.7000000000e+01
1.1228198099e-03 2.0000000000e+00 5.5000000000e+00 -1.6500000000e+01
5.8548012053e-04 2.5000000000e+00 5.0000000000e+00 -1.6500000000e+01
4.5676079476e-04 -2.0000000000e+00 -3.0000000000e+00 -1.7000000000e+01
1.1755614498e-04 -2.0000000000e+00 -2.5000000000e+00 -1.7000000000e+01
1.5628847584e-03 2.0000000000e+00 5.0000000000e+00 -1.6500000000e+01
2.1501417031e-04 2.5000000000e+00 4.5000000000e+00 -1.6500000000e+01
1.6800397237e-03 2.0000000000e+00 4.5000000000e+00 -1.6500000000e+01
7.1004042095e-04 -2.0000000000e+00 -4.5000000000e+00 -1.7000000000e+01
7.0055759593e-05 -2.0000000000e+00 -6.0000000000e+00 -1.7000000000e+01
2.0348308963e-04 -2.0000000000e+00 -5.5000000000e+00 -1.7000000000e+01
4.3622712074e-04 -2.0000000000e+00 -5.0000000000e+00 -1.7000000000e+01
8.4833735482e-04 -2.0000000000e+00 -4.0000000000e+00 -1.7000000000e+01
1.9798348062e-03 -1.5000000000e+00 -3.0000000000e+00 -1.7000000000e+01
1.8160297017e-03 -1.5000000000e+00 -2.5000000000e+00 -1.7000000000e+01
7.8975508206e-04 -1.5000000000e+00 -2.0000000000e+00 -1.7000000000e+01
1.3592638712e-04 -1.5000000000e+00 -1.5000000000e+00 -1.7000000000e+01
1.6005527041e-03 -1.5000000000e+00 -3.5000000000e+00 -1.7000000000e+01
2.5604915416e-04 -1.5000000000e+00 -4.5000000000e+00 -1.7000000000e+01
8.6791324907e-04 -1.5000000000e+00 -4.0000000000e+00 -1.7000000000e+01
8.3682790153e-04 -2.0000000000e+00 -3.5000000000e+00 -1.7000000000e+01
2.3007251942e-03 1.5000000000e+00 4.5000000000e+00 -1.6500000000e+01
1.1054636382e-03 2.0000000000e+00 4.0000000000e+00 -1.6500000000e+01
2.8859897563e-03 1.5000000000e+00 4.0000000000e+00 -1.6500000000e+01
4.3245698922e-03 -1.0000000000e+00 -1.5000000000e+00 -1.7000000000e+01
1.1864535596e-04 -5.0000000000e-01 1.0000000000e+00 -1.7000000000e+01
1.3017375664e-03 -5.0000000000e-01 5.0000000000e-01 -1.7000000000e+01
4.9249739305e-03 -5.0000000000e-01 0.0000000000e+00 -1.7000000000e+01
4.5786350035e-04 -1.0000000000e+00 -3.0000000000e+00 -1.7000000000e+01
2.1321931231e-03 -1.0000000000e+00 -2.5000000000e+00 -1.7000000000e+01
3.9547712900e-03 -1.0000000000e+00 -2.0000000000e+00 -1.7000000000e+01
2.2320431994e-03 -1.0000000000e+00 -1.0000000000e+00 -1.7000000000e+01
6.0850354307e-03 -5.0000000000e-01 -5.0000000000e-01 -1.7000000000e+01
2.9244591882e-03 0.0000000000e+00 1.5000000000e+00 -1.7000000000e+01
5.2451230944e-03 0.0000000000e+00 5.0000000000e-01 -1.7000000000e+01
5.4400368919e-03 0.0000000000e+00 1.0000000000e+00 -1.7000000000e+01
4.4793885776e-04 0.0000000000e+00 2.0000000000e+00 -1.7000000000e+01
4.0298713012e-03 5.0000000000e-01 2.0000000000e+00 -1.7000000000e+01
2.8265359885e-04 5.0000000000e-01 5.0000000000e-01 -1.7000000000e+01
2.7095199095e-03 1.0000000000e+00 2.5000000000e+00 -1.7000000000e+01
2.8722582813e-03 5.0000000000e-01 2.5000000000e+00 -1.7000000000e+01
1.0345293900e-03 5.0000000000e-01 3.0000000000e+00 -1.7000000000e+01
1.0270590779e-03 1.5000000000e+00 3.0000000000e+00 -1.7000000000e+01
2.6674998979e-03 1.0000000000e+00 3.0000000000e+00 -1.7000000000e+01
1.7760099175e-04 5.0000000000e-01 3.5000000000e+00 -1.7000000000e+01
2.2221027679e-04 2.0000000000e+00 3.5000000000e+00 -1.7000000000e+01
1.6009181891e-03 1.5000000000e+00 3.5000000000e+00 -1.7000000000e+01
9.6416640952e-04 1.0000000000e+00 4.0000000000e+00 -1.7000000000e+01
2.8261429865e-04 1.0000000000e+00 4.5000000000e+00 -1.7000000000e+01
5.8944862310e-04 2.0000000000e+00 4.0000000000e+00 -1.7000000000e+01
1.0923406943e-03 1.5000000000e+00 4.5000000000e+00 -1.7000000000e+01
1.1983314824e-04 2.5000000000e+00 4.5000000000e+00 -1.7000000000e+01
2.2279143622e-04 2.5000000000e+00 5.0000000000e+00 -1.7000000000e+01
2.0965915104e-04 2.5000000000e+00 5.5000000000e+00 -1.7000000000e+01
1.4554534531e-04 2.5000000000e+00 6.0000000000e+00 -1.7000000000e+01
7.3640824847e-05 2.0000000000e+00 6.5000000000e+00 -1.7000000000e+01
7.4787138539e-05 2.5000000000e+00 6.5000000000e+00 -1.7000000000e+01
4.0605112041e-05 3.0000000000e+00 6.0000000000e+00 -1.7000000000e+01
1.8466208758e-04 2.0000000000e+00 6.0000000000e+00 -1.7000000000e+01
5.4562400702e-05 1.5000000000e+00 6.0000000000e+00 -1.7000000000e+01
6.0767493069e-05 -2.5000000000e+00 -5.0000000000e+00 -1.7500000000e+01
4.1483488081e-05 -2.5000000000e+00 -6.0000000000e+00 -1.7500000000e+01
5.2556682013e-05 -2.5000000000e+00 -5.5000000000e+00 -1.7500000000e+01
4.6933822586e-05 -2.5000000000e+00 -4.5000000000e+00 -1.7500000000e+01
3.8085976847e-04 2.0000000000e+00 5.5000000000e+00 -1.7000000000e+01
2.2361501679e-04 -2.0000000000e+00 -3.5000000000e+00 -1.7500000000e+01
1.1988071477e-04 -2.0000000000e+00 -3.0000000000e+00 -1.7500000000e+01
2.1300742703e-04 1.5000000000e+00 5.5000000000e+00 -1.7000000000e+01
6.0329534073e-04 2.0000000000e+00 5.0000000000e+00 -1.7000000000e+01
5.6621498495e-04 1.5000000000e+00 5.0000000000e+00 -1.7000000000e+01
7.1598012678e-04 2.0000000000e+00 4.5000000000e+00 -1.7000000000e+01
8.6729106240e-05 -2.0000000000e+00 -5.5000000000e+00 -1.7500000000e+01
4.3662951800e-05 -2.0000000000e+00 -6.0000000000e+00 -1.7500000000e+01
1.5937265783e-04 -2.0000000000e+00 -5.0000000000e+00 -1.7500000000e+01
2.3325331791e-04 -2.0000000000e+00 -4.5000000000e+00 -1.7500000000e+01
5.9397262790e-05 -1.5000000000e+00 -1.5000000000e+00 -1.7500000000e+01
2.7322416042e-04 -2.0000000000e+00 -4.0000000000e+00 -1.7500000000e+01
1.5152970772e-03 1.5000000000e+00 4.0000000000e+00 -1.7000000000e+01
2.9370840588e-04 -1.5000000000e+00 -2.0000000000e+00 -1.7500000000e+01
6.2567581431e-04 -1.5000000000e+00 -3.5000000000e+00 -1.7500000000e+01
7.2579900280e-04 -1.5000000000e+00 -3.0000000000e+00 -1.7500000000e+01
4.3852401027e-04 -1.5000000000e+00 -4.0000000000e+00 -1.7500000000e+01
5.5149670714e-05 -1.5000000000e+00 -5.0000000000e+00 -1.7500000000e+01
2.1446300661e-04 -1.5000000000e+00 -4.5000000000e+00 -1.7500000000e+01
8.5268886655e-04 -1.0000000000e+00 -1.0000000000e+00 -1.7500000000e+01
1.9347361668e-03 -1.0000000000e+00 -1.5000000000e+00 -1.7500000000e+01
1.3787086834e-04 -1.0000000000e+00 -5.0000000000e-01 -1.7500000000e+01
1.9647530340e-03 -1.0000000000e+00 -2.0000000000e+00 -1.7500000000e+01
1.3596845323e-03 -1.0000000000e+00 -2.5000000000e+00 -1.7500000000e+01
7.6641073989e-05 -5.0000000000e-01 1.0000000000e+00 -1.7500000000e+01
6.3935250561e-04 -5.0000000000e-01 5.0000000000e-01 -1.7500000000e+01
4.5729059746e-04 -1.0000000000e+00 -3.0000000000e+00 -1.7500000000e+01
6.0058275186e-04 -1.5000000000e+00 -2.5000000000e+00 -1.7500000000e+01
2.4359893052e-03 -5.0000000000e-01 0.0000000000e+00 -1.7500000000e+01
6.2340498033e-04 -5.0000000000e-01 -1.5000000000e+00 -1.7500000000e+01
1.4129542526e-03 0.0000000000e+00 1.5000000000e+00 -1.7500000000e+01
2.9363365482e-03 0.0000000000e+00 1.0000000000e+00 -1.7500000000e+01
3.0472227525e-03 0.0000000000e+00 5.0000000000e-01 -1.7500000000e+01
2.4003087648e-03 -5.0000000000e-01 -1.0000000000e+00 -1.7500000000e+01
3.4334734276e-03 -5.0000000000e-01 -5.0000000000e-01 -1.7500000000e+01
2.6972183334e-04 0.0000000000e+00 2.0000000000e+00 -1.7500000000e+01
1.9079162777e-03 5.0000000000e-01 2.0000000000e+00 -1.7500000000e+01
1.9982043957e-03 5.0000000000e-01 1.5000000000e+00 -1.7500000000e+01
1.0416368102e-03 5.0000000000e-01 1.0000000000e+00 -1.7500000000e+01
1.1823855769e-03 1.0000000000e+00 2.5000000000e+00 -1.7500000000e+01
1.2659126728e-03 5.0000000000e-01 2.5000000000e+00 -1.7500000000e+01
2.3103413955e-04 1.0000000000e+00 1.5000000000e+00 -1.7500000000e+01
4.9685056234e-04 5.0000000000e-01 3.0000000000e+00 -1.7500000000e+01
4.5301261022e-04 1.5000000000e+00 3.0000000000e+00 -1.7500000000e+01
1.0610076190e-03 1.0000000000e+00 3.0000000000e+00 -1.7500000000e+01
1.1986752139e-04 5.0000000000e-01 3.5000000000e+00 -1.7500000000e+01
1.0172329091e-04 2.0000000000e+00 3.5000000000e+00 -1.7500000000e+01
4.9400654659e-04 1.5000000000e+00 3.5000000000e+00 -1.7500000000e+01
3.2813915153e-04 1.0000000000e+00 4.0000000000e+00 -1.7500000000e+01
1.6300825089e-04 2.0000000000e+00 4.0000000000e+00 -1.7500000000e+01
1.4295672449e-04 2.0000000000e+00 4.5000000000e+00 -1.7500000000e+01
5.1349470929e-05 1.5000000000e+00 5.5000000000e+00 -1.7500000000e+01
5.3858268364e-05 2.0000000000e+00 5.5000000000e+00 -1.7500000000e+01
9.7814469601e-05 2.0000000000e+00 5.0000000000e+00 -1.7500000000e+01
1.2300685019e-04 1.5000000000e+00 5.0000000000e+00 -1.7500000000e+01
4.1675506314e-05 -1.5000000000e+00 -2.0000000000e+00 -1.8000000000e+01
2.4070827322e-04 1.5000000000e+00 4.5000000000e+00 -1.7500000000e+01
1.1887878012e-04 1.0000000000e+00 4.5000000000e+00 -1.7500000000e+01
9.7540391591e-05 -1.5000000000e+00 -4.0000000000e+00 -1.8000000000e+01
4.7141377768e-05 -1.5000000000e+00 -5.0000000000e+00 -1.8000000000e+01
8.1415763054e-05 -1.5000000000e+00 -4.5000000000e+00 -1.8000000000e+01
1.0007478709e-04 -1.5000000000e+00 -3.5000000000e+00 -1.8000000000e+01
1.1727878492e-04 -1.5000000000e+00 -3.0000000000e+00 -1.8000000000e+01
8.5065224437e-05 -1.5000000000e+00 -2.5000000000e+00 -1.8000000000e+01
4.0022312699e-04 1.5000000000e+00 4.0000000000e+00 -1.7500000000e+01
4.3565450882e-04 -1.0000000000e+00 -2.0000000000e+00 -1.8000000000e+01
2.8738991719e-04 -1.0000000000e+00 -1.5000000000e+00 -1.8000000000e+01
4.7023144066e-04 -1.0000000000e+00 -2.5000000000e+00 -1.8000000000e+01
1.1956477845e-04 -5.0000000000e-01 5.0000000000e-01 -1.8000000000e+01
4.7729067929e-04 -5.0000000000e-01 0.0000000000e+00 -1.8000000000e+01
1.0040357470e-03 -5.0000000000e-01 -5.0000000000e-01 -1.8000000000e+01
7.8633117445e-05 -1.0000000000e+00 -3.5000000000e+00 -1.8000000000e+01
2.9104898140e-04 -1.0000000000e+00 -3.0000000000e+00 -1.8000000000e+01
9.4088704462e-04 -5.0000000000e-01 -1.0000000000e+00 -1.8000000000e+01
2.8148500978e-04 0.0000000000e+00 1.5000000000e+00 -1.8000000000e+01
7.7129784381e-04 0.0000000000e+00 1.0000000000e+00 -1.8000000000e+01
7.2666728218e-05 0.0000000000e+00 2.0000000000e+00 -1.8000000000e+01
3.8532957635e-04 5.0000000000e-01 2.0000000000e+00 -1.8000000000e+01
5.3212227854e-04 5.0000000000e-01 1.5000000000e+00 -1.8000000000e+01
3.7548199660e-04 0.0000000000e+00 0.0000000000e+00 -1.8000000000e+01
1.0169337465e-03 0.0000000000e+00 5.0000000000e-01 -1.8000000000e+01
1.9890732290e-04 1.0000000000e+00 2.5000000000e+00 -1.8000000000e+01
2.0067694087e-04 5.0000000000e-01 2.5000000000e+00 -1.8000000000e+01
9.5410426552e-05 5.0000000000e-01 3.0000000000e+00 -1.8000000000e+01
7.3858350384e-05 1.5000000000e+00 3.0000000000e+00 -1.8000000000e+01
1.4576146695e-04 1.0000000000e+00 3.0000000000e+00 -1.8000000000e+01
5.6074877705e-05 1.5000000000e+00 3.5000000000e+00 -1.8000000000e+01
6.8961154744e-05 -1.0000000000e+00 -3.0000000000e+00 -1.8500000000e+01
4.9401550757e-05 -1.0000000000e+00 -3.5000000000e+00 -1.8500000000e+01
6.1595174975e-05 -5.0000000000e-01 -5.0000000000e-01 -1.8500000000e+01
1.2597303039e-04 -5.0000000000e-01 -1.0000000000e+00 -1.8500000000e+01
1.3632195856e-04 -5.0000000000e-01 -1.5000000000e+00 -1.8500000000e+01
4.6672710693e-05 0.0000000000e+00 1.0000000000e+00 -1.8500000000e+01
9.4783717516e-05 0.0000000000e+00 5.0000000000e-01 -1.8500000000e+01
5.4652730437e-05 0.0000000000e+00 0.0000000000e+00 -1.8500000000e+01
4.3945175142e-05 -5.0000000000e-01 -2.0000000000e+00 -1.8500000000e+01
7.8767103955e-05 1.0000000000e+00 3.5000000000e+00 -1.8000000000e+01
6.2339690959e-05 1.5000000000e+00 2.5000000000e+00 -1.8000000000e+01
9.2886671793e-05 1.0000000000e+00 1.5000000000e+00 -1.8000000000e+01
2.0488722982e-04 1.0000000000e+00 2.0000000000e+00 -1.8000000000e+01
7.2918172275e-05 5.0000000000e-01 5.0000000000e-01 -1.8000000000e+01
3.6599358593e-04 5.0000000000e-01 1.0000000000e+00 -1.8000000000e+01
4.5660328927e-05 -5.0000000000e-01 -2.0000000000e+00 -1.8000000000e+01
4.1126035736e-04 -5.0000000000e-01 -1.5000000000e+00 -1.8000000000e+01
8.5008993683e-05 -1.0000000000e+00 -1.0000000000e+00 -1.8000000000e+01
6.8460551559e-04 1.0000000000e+00 3.5000000000e+00 -1.7500000000e+01
1.9851875270e-04 1.5000000000e+00 2.5000000000e+00 -1.7500000000e+01
7.8152846309e-04 1.0000000000e+00 2.0000000000e+00 -1.7500000000e+01
1.7693312223e-04 5.0000000000e-01 5.0000000000e-01 -1.7500000000e+01
9.4763091025e-04 0.0000000000e+00 0.0000000000e+00 -1.7500000000e+01
2.0011921039e-03 1.0000000000e+00 3.5000000000e+00 -1.7000000000e+01
3.5114925202e-04 1.5000000000e+00 2.5000000000e+00 -1.7000000000e+01
3.7479150687e-04 1.0000000000e+00 1.5000000000e+00 -1.7000000000e+01
1.5142956960e-03 1.0000000000e+00 2.0000000000e+00 -1.7000000000e+01
1.7796003930e-03 5.0000000000e-01 1.0000000000e+00 -1.7000000000e+01
3.6768841096e-03 5.0000000000e-01 1.5000000000e+00 -1.7000000000e+01
1.5242014926e-03 0.0000000000e+00 0.0000000000e+00 -1.7000000000e+01
6.6868913565e-04 -5.0000000000e-01 -1.5000000000e+00 -1.7000000000e+01
3.7562791044e-03 -5.0000000000e-01 -1.0000000000e+00 -1.7000000000e+01
2.9694294463e-04 -1.0000000000e+00 -5.0000000000e-01 -1.7000000000e+01
1.6088769440e-03 1.0000000000e+00 4.0000000000e+00 -1.6500000000e+01
2.9056074764e-03 1.5000000000e+00 3.5000000000e+00 -1.6500000000e+01
3.3842825024e-03 1.0000000000e+00 3.5000000000e+00 -1.6500000000e+01
1.8419824579e-04 5.0000000000e-01 3.5000000000e+00 -1.6500000000e+01
4.4836964759e-04 1.5000000000e+00 2.5000000000e+00 -1.6500000000e+01
4.7409762961e-04 1.0000000000e+00 1.5000000000e+00 -1.6500000000e+01
2.0808184635e-03 1.0000000000e+00 2.0000000000e+00 -1.6500000000e+01
3.3500966275e-04 5.0000000000e-01 5.0000000000e-01 -1.6500000000e+01
2.1847350118e-03 5.0000000000e-01 1.0000000000e+00 -1.6500000000e+01
5.2662025010e-04 -5.0000000000e-01 -1.5000000000e+00 -1.6500000000e+01
3.3671172036e-03 -1.0000000000e+00 -1.0000000000e+00 -1.6500000000e+01
4.7066696177e-04 1.5000000000e+00 2.5000000000e+00 -1.6000000000e+01
4.9863040034e-04 1.0000000000e+00 1.5000000000e+00 -1.6000000000e+01
2.2585099792e-03 1.0000000000e+00 2.0000000000e+00 -1.6000000000e+01
3.4230188088e-04 5.0000000000e-01 5.0000000000e-01 -1.6000000000e+01
2.2490045049e-03 5.0000000000e-01 1.0000000000e+00 -1.6000000000e+01
1.8097310246e-03 0.0000000000e+00 0.0000000000e+00 -1.6000000000e+01
6.5277011651e-03 0.0000000000e+00 5.0000000000e-01 -1.6000000000e+01
5.3538188082e-03 -1.0000000000e+00 -2.0000000000e+00 -1.6000000000e+01
6.2522817395e-03 -1.0000000000e+00 -1.5000000000e+00 -1.6000000000e+01
4.2098218372e-03 1.5000000000e+00 4.0000000000e+00 -1.5500000000e+01
4.0630469457e-03 1.0000000000e+00 3.5000000000e+00 -1.5500000000e+01
1.0454971857e-04 5.0000000000e-01 3.5000000000e+00 -1.5500000000e+01
4.7161391570e-04 1.5000000000e+00 2.5000000000e+00 -1.5500000000e+01
1.2632356823e-03 5.0000000000e-01 3.0000000000e+00 -1.5500000000e+01
2.2567369855e-03 1.0000000000e+00 2.0000000000e+00 -1.5500000000e+01
3.0118796054e-04 5.0000000000e-01 5.0000000000e-01 -1.5500000000e+01
2.1142174011e-03 5.0000000000e-01 1.0000000000e+00 -1.5500000000e+01
1.5810143976e-03 0.0000000000e+00 0.0000000000e+00 -1.5500000000e+01
4.8282416548e-03 -1.0000000000e+00 -2.0000000000e+00 -1.5500000000e+01
2.2592156406e-04 -1.5000000000e+00 -1.5000000000e+00 -1.5500000000e+01
4.1272203582e-03 1.5000000000e+00 4.0000000000e+00 -1.5000000000e+01
1.5135745631e-03 1.0000000000e+00 4.0000000000e+00 -1.5000000000e+01
3.6886654315e-03 1.0000000000e+00 3.5000000000e+00 -1.5000000000e+01
3.9554271354e-04 1.5000000000e+00 2.5000000000e+00 -1.5000000000e+01
3.5033500884e-04 1.0000000000e+00 1.5000000000e+00 -1.5000000000e+01
1.7916514301e-03 1.0000000000e+00 2.0000000000e+00 -1.5000000000e+01
1.9527666019e-04 5.0000000000e-01 5.0000000000e-01 -1.5000000000e+01
3.5303438067e-03 5.0000000000e-01 1.5000000000e+00 -1.5000000000e+01
1.0114025978e-03 0.0000000000e+00 0.0000000000e+00 -1.5000000000e+01
4.6184738379e-03 0.0000000000e+00 1.0000000000e+00 -1.5000000000e+01
4.6356816159e-03 -5.0000000000e-01 -5.0000000000e-01 -1.5000000000e+01
3.0024396453e-03 -1.5000000000e+00 -2.5000000000e+00 -1.5000000000e+01
1.1810667458e-04 1.0000000000e+00 4.5000000000e+00 -1.4500000000e+01
3.2099035413e-03 1.5000000000e+00 4.0000000000e+00 -1.4500000000e+01
9.1033398873e-04 1.0000000000e+00 4.0000000000e+00 -1.4500000000e+01
2.2913174813e-04 1.5000000000e+00 2.5000000000e+00 -1.4500000000e+01
9.4928139098e-04 1.0000000000e+00 2.0000000000e+00 -1.4500000000e+01
9.0129426126e-05 5.0000000000e-01 5.0000000000e-01 -1.4500000000e+01
6.5765819699e-04 5.0000000000e-01 1.0000000000e+00 -1.4500000000e+01
1.7371752391e-03 5.0000000000e-01 1.5000000000e+00 -1.4500000000e+01
4.5164940031e-04 0.0000000000e+00 0.0000000000e+00 -1.4500000000e+01
2.0432603582e-03 0.0000000000e+00 1.0000000000e+00 -1.4500000000e+01
2.0591486716e-03 -5.0000000000e-01 -5.0000000000e-01 -1.4500000000e+01
1.6514139552e-03 -1.5000000000e+00 -2.5000000000e+00 -1.4500000000e+01
1.7554965744e-03 1.5000000000e+00 4.0000000000e+00 -1.4000000000e+01
1.0006152522e-03 1.0000000000e+00 3.5000000000e+00 -1.4000000000e+01
7.7276989825e-05 1.5000000000e+00 2.5000000000e+00 -1.4000000000e+01
8.9847163507e-05 5.0000000000e-01 3.0000000000e+00 -1.4000000000e+01
2.9370764638e-04 1.0000000000e+00 2.0000000000e+00 -1.4000000000e+01
