0.200000
4.7822114697e-05 -5.0000000000e+00 5.0000000000e-01 1.0000000000e+00
4.6751529104e-05 -4.5000000000e+00 5.0000000000e-01 1.0000000000e+00
4.4219184696e-05 -5.0000000000e+00 5.0000000000e-01 1.5000000000e+00
4.2796371543e-05 -5.0000000000e+00 5.0000000000e-01 2.0000000000e+00
5.8388584600e-05 -5.5000000000e+00 1.0000000000e+00 5.0000000000e-01
9.5564789591e-05 -5.0000000000e+00 1.0000000000e+00 5.0000000000e-01
4.0886284917e-05 -4.0000000000e+00 1.0000000000e+00 5.0000000000e-01
8.6662594435e-05 -4.5000000000e+00 1.0000000000e+00 5.0000000000e-01
5.6801251280e-05 -6.0000000000e+00 1.0000000000e+00 1.0000000000e+00
1.5567854904e-04 -5.5000000000e+00 1.0000000000e+00 1.0000000000e+00
1.8452276625e-04 -5.0000000000e+00 1.0000000000e+00 1.0000000000e+00
1.2883668037e-04 -4.5000000000e+00 1.0000000000e+00 1.0000000000e+00
6.6986441949e-05 -6.0000000000e+00 1.0000000000e+00 1.5000000000e+00
1.9358027194e-04 -5.5000000000e+00 1.0000000000e+00 1.5000000000e+00
1.3414205367e-04 -4.5000000000e+00 1.0000000000e+00 1.5000000000e+00
2.0369856539e-04 -5.0000000000e+00 1.0000000000e+00 1.5000000000e+00
5.7185620641e-05 -6.0000000000e+00 1.0000000000e+00 2.0000000000e+00
1.8230305701e-04 -5.5000000000e+00 1.0000000000e+00 2.0000000000e+00
1.0270819430e-04 -4.5000000000e+00 1.0000000000e+00 2.0000000000e+00
1.8858939804e-04 -5.0000000000e+00 1.0000000000e+00 2.0000000000e+00
5.7402556026e-05 -4.5000000000e+00 1.0000000000e+00 2.5000000000e+00
1.1857755724e-04 -5.0000000000e+00 1.0000000000e+00 2.5000000000e+00
1.1411208316e-04 -5.5000000000e+00 1.0000000000e+00 2.5000000000e+00
4.3326543325e-05 -5.5000000000e+00 1.5000000000e+00 0.0000000000e+00
1.1705553318e-04 -5.0000000000e+00 1.5000000000e+00 0.0000000000e+00
1.4700069439e-04 -4.5000000000e+00 1.5000000000e+00 0.0000000000e+00
1.2296235295e-04 -6.0000000000e+00 1.5000000000e+00 5.0000000000e-01
9.1486489393e-05 -4.0000000000e+00 1.5000000000e+00 0.0000000000e+00
3.0291215218e-04 -5.5000000000e+00 1.5000000000e+00 5.0000000000e-01
4.0346684485e-04 -5.0000000000e+00 1.5000000000e+00 5.0000000000e-01
4.2577092006e-05 -6.5000000000e+00 1.5000000000e+00 1.0000000000e+00
1.2545544866e-04 -4.0000000000e+00 1.5000000000e+00 5.0000000000e-01
3.2385296975e-04 -4.5000000000e+00 1.5000000000e+00 5.0000000000e-01
2.7587725690e-04 -6.0000000000e+00 1.5000000000e+00 1.0000000000e+00
6.0553713357e-04 -5.5000000000e+00 1.5000000000e+00 1.0000000000e+00
6.4269944204e-04 -5.0000000000e+00 1.5000000000e+00 1.0000000000e+00
1.2486095064e-04 -4.0000000000e+00 1.5000000000e+00 1.0000000000e+00
4.3403057466e-04 -4.5000000000e+00 1.5000000000e+00 1.0000000000e+00
3.0683189100e-04 -6.0000000000e+00 1.5000000000e+00 1.5000000000e+00
6.7936263698e-04 -5.5000000000e+00 1.5000000000e+00 1.5000000000e+00
7.3765509764e-05 -4.0000000000e+00 1.5000000000e+00 1.5000000000e+00
4.4486380054e-04 -4.5000000000e+00 1.5000000000e+00 1.5000000000e+00
6.9889198029e-04 -5.0000000000e+00 1.5000000000e+00 1.5000000000e+00
2.8502908753e-04 -6.0000000000e+00 1.5000000000e+00 2.0000000000e+00
6.3980394526e-04 -5.5000000000e+00 1.5000000000e+00 2.0000000000e+00
3.5640208615e-04 -4.5000000000e+00 1.5000000000e+00 2.0000000000e+00
6.4963670748e-04 -5.0000000000e+00 1.5000000000e+00 2.0000000000e+00
2.1339068134e-04 -4.5000000000e+00 1.5000000000e+00 2.5000000000e+00
4.2854098648e-04 -5.0000000000e+00 1.5000000000e+00 2.5000000000e+00
4.1597310406e-04 -5.5000000000e+00 1.5000000000e+00 2.5000000000e+00
9.6223224692e-05 -4.5000000000e+00 1.5000000000e+00 3.0000000000e+00
1.7621014060e-04 -5.0000000000e+00 1.5000000000e+00 3.0000000000e+00
1.4591794776e-04 -5.5000000000e+00 1.5000000000e+00 3.0000000000e+00
7.4844377073e-05 -5.0000000000e+00 2.0000000000e+00 -5.0000000000e-01
4.8734663134e-05 -3.5000000000e+00 2.0000000000e+00 -5.0000000000e-01
1.1639324556e-04 -6.0000000000e+00 2.0000000000e+00 0.0000000000e+00
1.2635966079e-04 -4.0000000000e+00 2.0000000000e+00 -5.0000000000e-01
3.1699364590e-04 -5.5000000000e+00 2.0000000000e+00 0.0000000000e+00
1.4155852873e-04 -4.5000000000e+00 2.0000000000e+00 -5.0000000000e-01
5.1899934052e-04 -5.0000000000e+00 2.0000000000e+00 0.0000000000e+00
1.2674097476e-04 -6.5000000000e+00 2.0000000000e+00 5.0000000000e-01
5.4976615320e-05 -3.5000000000e+00 2.0000000000e+00 0.0000000000e+00
5.3047072416e-04 -6.0000000000e+00 2.0000000000e+00 5.0000000000e-01
2.6996363218e-04 -4.0000000000e+00 2.0000000000e+00 0.0000000000e+00
4.8738070244e-04 -4.5000000000e+00 2.0000000000e+00 0.0000000000e+00
1.0750587954e-03 -5.5000000000e+00 2.0000000000e+00 5.0000000000e-01
1.2256134031e-03 -5.0000000000e+00 2.0000000000e+00 5.0000000000e-01
3.3176139437e-04 -4.0000000000e+00 2.0000000000e+00 5.0000000000e-01
1.3869429535e-04 -6.5000000000e+00 2.0000000000e+00 1.0000000000e+00
9.1274799453e-04 -4.5000000000e+00 2.0000000000e+00 5.0000000000e-01
8.5542826439e-04 -6.0000000000e+00 2.0000000000e+00 1.0000000000e+00
1.6794109078e-03 -5.5000000000e+00 2.0000000000e+00 1.0000000000e+00
1.7085051318e-03 -5.0000000000e+00 2.0000000000e+00 1.0000000000e+00
3.2420047899e-04 -4.0000000000e+00 2.0000000000e+00 1.0000000000e+00
1.2894685077e-04 -6.5000000000e+00 2.0000000000e+00 1.5000000000e+00
1.1330319966e-03 -4.5000000000e+00 2.0000000000e+00 1.0000000000e+00
8.7521663453e-04 -6.0000000000e+00 2.0000000000e+00 1.5000000000e+00
1.7544892524e-03 -5.5000000000e+00 2.0000000000e+00 1.5000000000e+00
2.1123574378e-04 -4.0000000000e+00 2.0000000000e+00 1.5000000000e+00
1.1492744044e-03 -4.5000000000e+00 2.0000000000e+00 1.5000000000e+00
1.7834707468e-03 -5.0000000000e+00 2.0000000000e+00 1.5000000000e+00
7.0124904168e-05 -6.5000000000e+00 2.0000000000e+00 2.0000000000e+00
7.7457042612e-04 -6.0000000000e+00 2.0000000000e+00 2.0000000000e+00
1.6305794467e-03 -5.5000000000e+00 2.0000000000e+00 2.0000000000e+00
1.1193374185e-04 -4.0000000000e+00 2.0000000000e+00 2.0000000000e+00
9.4179109195e-04 -4.5000000000e+00 2.0000000000e+00 2.0000000000e+00
1.6382762662e-03 -5.0000000000e+00 2.0000000000e+00 2.0000000000e+00
1.1622501697e-04 -6.0000000000e+00 1.5000000000e+00 2.5000000000e+00
5.9806148718e-04 -4.5000000000e+00 2.0000000000e+00 2.5000000000e+00
1.1213673994e-03 -5.0000000000e+00 2.0000000000e+00 2.5000000000e+00
1.0970986808e-03 -5.5000000000e+00 2.0000000000e+00 2.5000000000e+00
4.1529037823e-04 -6.0000000000e+00 2.0000000000e+00 2.5000000000e+00
2.8973033216e-04 -4.5000000000e+00 2.0000000000e+00 3.0000000000e+00
5.1614851852e-04 -5.0000000000e+00 2.0000000000e+00 3.0000000000e+00
4.5539586606e-04 -5.5000000000e+00 2.0000000000e+00 3.0000000000e+00
9.8101545060e-05 -4.5000000000e+00 2.0000000000e+00 3.5000000000e+00
1.3209942853e-04 -5.0000000000e+00 2.0000000000e+00 3.5000000000e+00
7.5895629838e-05 -4.5000000000e+00 2.5000000000e+00 -1.0000000000e+00
5.8795553086e-05 -3.5000000000e+00 2.5000000000e+00 -1.0000000000e+00
9.8286655630e-05 -4.0000000000e+00 2.5000000000e+00 -1.0000000000e+00
4.5262428243e-05 -5.0000000000e+00 2.5000000000e+00 -1.0000000000e+00
8.3785836353e-05 -6.0000000000e+00 2.5000000000e+00 -5.0000000000e-01
2.3161609317e-04 -5.5000000000e+00 2.5000000000e+00 -5.0000000000e-01
4.2661290492e-04 -5.0000000000e+00 2.5000000000e+00 -5.0000000000e-01
2.1389754309e-04 -6.5000000000e+00 2.5000000000e+00 0.0000000000e+00
1.0585304538e-04 -3.5000000000e+00 2.5000000000e+00 -5.0000000000e-01
3.3158957869e-04 -4.0000000000e+00 2.5000000000e+00 -5.0000000000e-01
4.8250889151e-04 -4.5000000000e+00 2.5000000000e+00 -5.0000000000e-01
1.2576226037e-03 -5.5000000000e+00 2.5000000000e+00 0.0000000000e+00
6.4205828420e-04 -6.0000000000e+00 2.5000000000e+00 0.0000000000e+00
1.0908562779e-04 -3.5000000000e+00 2.5000000000e+00 0.0000000000e+00
4.0347912831e-05 -7.0000000000e+00 2.5000000000e+00 5.0000000000e-01
3.7831980034e-04 -6.5000000000e+00 2.5000000000e+00 5.0000000000e-01
5.9571421622e-04 -4.0000000000e+00 2.5000000000e+00 0.0000000000e+00
1.2253007199e-03 -4.5000000000e+00 2.5000000000e+00 0.0000000000e+00
1.4955209197e-03 -5.0000000000e+00 2.5000000000e+00 0.0000000000e+00
1.5168838393e-03 -6.0000000000e+00 2.5000000000e+00 5.0000000000e-01
2.6874691773e-03 -5.5000000000e+00 2.5000000000e+00 5.0000000000e-01
2.7413508244e-03 -5.0000000000e+00 2.5000000000e+00 5.0000000000e-01
4.3583467731e-05 -3.5000000000e+00 2.5000000000e+00 5.0000000000e-01
7.1804927264e-04 -4.0000000000e+00 2.5000000000e+00 5.0000000000e-01
1.9979835952e-03 -4.5000000000e+00 2.5000000000e+00 5.0000000000e-01
3.6862584105e-04 -6.5000000000e+00 2.5000000000e+00 1.0000000000e+00
1.8516216239e-03 -6.0000000000e+00 2.5000000000e+00 1.0000000000e+00
3.4353357339e-03 -5.5000000000e+00 2.5000000000e+00 1.0000000000e+00
7.1055312409e-04 -4.0000000000e+00 2.5000000000e+00 1.0000000000e+00
2.3645075220e-03 -4.5000000000e+00 2.5000000000e+00 1.0000000000e+00
3.4848410143e-03 -5.0000000000e+00 2.5000000000e+00 1.0000000000e+00
3.3354682492e-04 -6.5000000000e+00 2.5000000000e+00 1.5000000000e+00
1.8244244359e-03 -6.0000000000e+00 2.5000000000e+00 1.5000000000e+00
3.4848389007e-03 -5.5000000000e+00 2.5000000000e+00 1.5000000000e+00
5.2973405490e-04 -4.0000000000e+00 2.5000000000e+00 1.5000000000e+00
2.3895460667e-03 -4.5000000000e+00 2.5000000000e+00 1.5000000000e+00
3.5470320343e-03 -5.0000000000e+00 2.5000000000e+00 1.5000000000e+00
3.1908984611e-03 -5.5000000000e+00 2.5000000000e+00 2.0000000000e+00
3.2341166050e-04 -4.0000000000e+00 2.5000000000e+00 2.0000000000e+00
2.0183477963e-03 -4.5000000000e+00 2.5000000000e+00 2.0000000000e+00
3.2414541549e-03 -5.0000000000e+00 2.5000000000e+00 2.0000000000e+00
1.5462358880e-03 -6.0000000000e+00 2.5000000000e+00 2.0000000000e+00
1.2546049951e-04 -4.0000000000e+00 2.5000000000e+00 2.5000000000e+00
1.3408217434e-03 -4.5000000000e+00 2.5000000000e+00 2.5000000000e+00
2.2585409132e-03 -5.0000000000e+00 2.5000000000e+00 2.5000000000e+00
2.1636931479e-03 -5.5000000000e+00 2.5000000000e+00 2.5000000000e+00
8.2554270108e-04 -6.0000000000e+00 2.5000000000e+00 2.5000000000e+00
4.3297544153e-05 -4.0000000000e+00 2.5000000000e+00 3.0000000000e+00
6.8435888089e-04 -4.5000000000e+00 2.5000000000e+00 3.0000000000e+00
1.1010334133e-03 -5.0000000000e+00 2.5000000000e+00 3.0000000000e+00
9.3743671661e-04 -5.5000000000e+00 2.5000000000e+00 3.0000000000e+00
1.0251212247e-04 -6.0000000000e+00 2.5000000000e+00 3.0000000000e+00
2.4022870143e-04 -4.5000000000e+00 2.5000000000e+00 3.5000000000e+00
3.0618166068e-04 -5.0000000000e+00 2.5000000000e+00 3.5000000000e+00
1.4700673429e-04 -5.5000000000e+00 2.5000000000e+00 3.5000000000e+00
2.6610486426e-04 -5.0000000000e+00 3.0000000000e+00 -1.0000000000e+00
1.1998448088e-04 -3.5000000000e+00 3.0000000000e+00 -1.0000000000e+00
2.5111012545e-04 -4.0000000000e+00 3.0000000000e+00 -1.0000000000e+00
3.0622309056e-04 -4.5000000000e+00 3.0000000000e+00 -1.0000000000e+00
1.6702703679e-04 -5.5000000000e+00 3.0000000000e+00 -1.0000000000e+00
8.3679343350e-05 -6.0000000000e+00 3.0000000000e+00 -1.0000000000e+00
6.3434298266e-05 -7.0000000000e+00 3.0000000000e+00 -5.0000000000e-01
2.3288298262e-04 -6.5000000000e+00 3.0000000000e+00 -5.0000000000e-01
1.1086151384e-03 -5.5000000000e+00 3.0000000000e+00 -5.0000000000e-01
1.3279535987e-03 -5.0000000000e+00 3.0000000000e+00 -5.0000000000e-01
1.8007163486e-04 -3.5000000000e+00 3.0000000000e+00 -5.0000000000e-01
6.5296165559e-04 -4.0000000000e+00 3.0000000000e+00 -5.0000000000e-01
1.1363034266e-03 -4.5000000000e+00 3.0000000000e+00 -5.0000000000e-01
5.8721549999e-04 -6.0000000000e+00 3.0000000000e+00 -5.0000000000e-01
7.2048207140e-05 -7.0000000000e+00 3.0000000000e+00 0.0000000000e+00
6.1416716743e-04 -6.5000000000e+00 3.0000000000e+00 0.0000000000e+00
1.7956192707e-03 -6.0000000000e+00 3.0000000000e+00 0.0000000000e+00
1.8273195887e-04 -3.5000000000e+00 3.0000000000e+00 0.0000000000e+00
6.8841249064e-05 -7.0000000000e+00 3.0000000000e+00 5.0000000000e-01
1.0724546883e-03 -4.0000000000e+00 3.0000000000e+00 0.0000000000e+00
2.3620286614e-03 -4.5000000000e+00 3.0000000000e+00 0.0000000000e+00
3.0466014887e-03 -5.0000000000e+00 3.0000000000e+00 0.0000000000e+00
2.9677669540e-03 -5.5000000000e+00 3.0000000000e+00 0.0000000000e+00
6.9972826424e-04 -6.5000000000e+00 3.0000000000e+00 5.0000000000e-01
2.8586154412e-03 -6.0000000000e+00 3.0000000000e+00 5.0000000000e-01
4.8039476224e-03 -5.5000000000e+00 3.0000000000e+00 5.0000000000e-01
4.8505007820e-03 -5.0000000000e+00 3.0000000000e+00 5.0000000000e-01
1.0150605703e-04 -3.5000000000e+00 3.0000000000e+00 5.0000000000e-01
1.3147806448e-03 -4.0000000000e+00 3.0000000000e+00 5.0000000000e-01
3.5059558142e-03 -4.5000000000e+00 3.0000000000e+00 5.0000000000e-01
5.8477397544e-05 -7.0000000000e+00 3.0000000000e+00 1.0000000000e+00
6.4854077347e-04 -6.5000000000e+00 3.0000000000e+00 1.0000000000e+00
3.0768083109e-03 -6.0000000000e+00 3.0000000000e+00 1.0000000000e+00
1.3524856576e-03 -4.0000000000e+00 3.0000000000e+00 1.0000000000e+00
4.0467161768e-03 -4.5000000000e+00 3.0000000000e+00 1.0000000000e+00
5.6894069364e-03 -5.0000000000e+00 3.0000000000e+00 1.0000000000e+00
5.5711019181e-03 -5.5000000000e+00 3.0000000000e+00 1.0000000000e+00
5.3881801844e-04 -6.5000000000e+00 3.0000000000e+00 1.5000000000e+00
2.9952006244e-03 -6.0000000000e+00 3.0000000000e+00 1.5000000000e+00
5.5875661878e-03 -5.5000000000e+00 3.0000000000e+00 1.5000000000e+00
1.1195186768e-03 -4.0000000000e+00 3.0000000000e+00 1.5000000000e+00
4.0803163480e-03 -4.5000000000e+00 3.0000000000e+00 1.5000000000e+00
5.7313135740e-03 -5.0000000000e+00 3.0000000000e+00 1.5000000000e+00
1.3849324837e-04 -6.5000000000e+00 2.5000000000e+00 2.0000000000e+00
7.4793604382e-04 -4.0000000000e+00 3.0000000000e+00 2.0000000000e+00
3.5420777735e-03 -4.5000000000e+00 3.0000000000e+00 2.0000000000e+00
5.2601327763e-03 -5.0000000000e+00 3.0000000000e+00 2.0000000000e+00
5.1264539560e-03 -5.5000000000e+00 3.0000000000e+00 2.0000000000e+00
2.5215122117e-03 -6.0000000000e+00 3.0000000000e+00 2.0000000000e+00
3.2712753241e-04 -6.5000000000e+00 3.0000000000e+00 2.0000000000e+00
5.1372647384e-05 -6.5000000000e+00 3.0000000000e+00 2.5000000000e+00
3.5093012185e-04 -4.0000000000e+00 3.0000000000e+00 2.5000000000e+00
2.4231717658e-03 -4.5000000000e+00 3.0000000000e+00 2.5000000000e+00
3.7489530696e-03 -5.0000000000e+00 3.0000000000e+00 2.5000000000e+00
3.5783021504e-03 -5.5000000000e+00 3.0000000000e+00 2.5000000000e+00
1.4440606152e-03 -6.0000000000e+00 3.0000000000e+00 2.5000000000e+00
1.2498706744e-04 -4.0000000000e+00 3.0000000000e+00 3.0000000000e+00
1.2842143966e-03 -4.5000000000e+00 3.0000000000e+00 3.0000000000e+00
1.9429502566e-03 -5.0000000000e+00 3.0000000000e+00 3.0000000000e+00
1.7223855312e-03 -5.5000000000e+00 3.0000000000e+00 3.0000000000e+00
4.0528450680e-04 -6.0000000000e+00 3.0000000000e+00 3.0000000000e+00
4.6711251684e-05 -4.0000000000e+00 3.0000000000e+00 3.5000000000e+00
4.7632821419e-04 -4.5000000000e+00 3.0000000000e+00 3.5000000000e+00
6.1773812785e-04 -5.0000000000e+00 3.0000000000e+00 3.5000000000e+00
4.0059959282e-04 -5.5000000000e+00 3.0000000000e+00 3.5000000000e+00
7.7817401821e-05 -4.5000000000e+00 3.0000000000e+00 4.0000000000e+00
5.9369381480e-05 -5.0000000000e+00 3.0000000000e+00 4.0000000000e+00
4.4886209589e-05 -6.5000000000e+00 3.5000000000e+00 -1.5000000000e+00
8.0628270007e-05 -6.0000000000e+00 3.5000000000e+00 -1.5000000000e+00
1.2272386458e-04 -5.5000000000e+00 3.5000000000e+00 -1.5000000000e+00
1.4566243423e-04 -5.0000000000e+00 3.5000000000e+00 -1.5000000000e+00
7.2367295481e-05 -3.5000000000e+00 3.5000000000e+00 -1.5000000000e+00
1.1718951050e-04 -4.0000000000e+00 3.5000000000e+00 -1.5000000000e+00
1.3800915544e-04 -4.5000000000e+00 3.5000000000e+00 -1.5000000000e+00
8.9162591857e-05 -7.0000000000e+00 3.5000000000e+00 -1.0000000000e+00
2.3802132341e-04 -6.5000000000e+00 3.5000000000e+00 -1.0000000000e+00
4.9447921524e-04 -6.0000000000e+00 3.5000000000e+00 -1.0000000000e+00
1.7516187930e-04 -3.5000000000e+00 3.5000000000e+00 -1.0000000000e+00
4.6297677488e-04 -4.0000000000e+00 3.5000000000e+00 -1.0000000000e+00
7.5123422262e-04 -4.5000000000e+00 3.5000000000e+00 -1.0000000000e+00
8.8168369413e-04 -5.0000000000e+00 3.5000000000e+00 -1.0000000000e+00
7.9371296523e-04 -5.5000000000e+00 3.5000000000e+00 -1.0000000000e+00
1.0890123852e-04 -7.0000000000e+00 3.5000000000e+00 -5.0000000000e-01
1.6459298312e-03 -6.0000000000e+00 3.5000000000e+00 -5.0000000000e-01
2.5071670487e-03 -5.5000000000e+00 3.5000000000e+00 -5.0000000000e-01
1.9671349666e-03 -4.5000000000e+00 3.5000000000e+00 -5.0000000000e-01
2.6435796779e-04 -3.5000000000e+00 3.5000000000e+00 -5.0000000000e-01
1.0098634026e-03 -4.0000000000e+00 3.5000000000e+00 -5.0000000000e-01
2.5297213311e-03 -5.0000000000e+00 3.5000000000e+00 -5.0000000000e-01
6.8442677042e-04 -6.5000000000e+00 3.5000000000e+00 -5.0000000000e-01
9.8664309844e-05 -7.0000000000e+00 3.5000000000e+00 0.0000000000e+00
9.6818297647e-04 -6.5000000000e+00 3.5000000000e+00 0.0000000000e+00
3.0372694560e-03 -6.0000000000e+00 3.5000000000e+00 0.0000000000e+00
2.8922796006e-04 -3.5000000000e+00 3.5000000000e+00 0.0000000000e+00
1.6103735650e-03 -4.0000000000e+00 3.5000000000e+00 0.0000000000e+00
3.5447134050e-03 -4.5000000000e+00 3.5000000000e+00 0.0000000000e+00
4.7220806932e-03 -5.0000000000e+00 3.5000000000e+00 0.0000000000e+00
4.6904286518e-03 -5.5000000000e+00 3.5000000000e+00 0.0000000000e+00
9.4970750839e-05 -7.0000000000e+00 3.5000000000e+00 5.0000000000e-01
9.3237572449e-04 -6.5000000000e+00 3.5000000000e+00 5.0000000000e-01
6.5688390276e-03 -5.5000000000e+00 3.5000000000e+00 5.0000000000e-01
6.6962620643e-03 -5.0000000000e+00 3.5000000000e+00 5.0000000000e-01
2.2280130203e-04 -3.5000000000e+00 3.5000000000e+00 5.0000000000e-01
2.0506768538e-03 -4.0000000000e+00 3.5000000000e+00 5.0000000000e-01
5.0121470299e-03 -4.5000000000e+00 3.5000000000e+00 5.0000000000e-01
3.8870112238e-03 -6.0000000000e+00 3.5000000000e+00 5.0000000000e-01
7.5830026796e-05 -7.0000000000e+00 3.5000000000e+00 1.0000000000e+00
8.5474421201e-04 -6.5000000000e+00 3.5000000000e+00 1.0000000000e+00
1.3115765364e-04 -3.5000000000e+00 3.5000000000e+00 1.0000000000e+00
2.1708991832e-03 -4.0000000000e+00 3.5000000000e+00 1.0000000000e+00
5.6868019628e-03 -4.5000000000e+00 3.5000000000e+00 1.0000000000e+00
7.5103548785e-03 -5.0000000000e+00 3.5000000000e+00 1.0000000000e+00
7.2480573515e-03 -5.5000000000e+00 3.5000000000e+00 1.0000000000e+00
3.9564276469e-03 -6.0000000000e+00 3.5000000000e+00 1.0000000000e+00
7.0772031763e-04 -6.5000000000e+00 3.5000000000e+00 1.5000000000e+00
3.8582291773e-03 -6.0000000000e+00 3.5000000000e+00 1.5000000000e+00
4.6011441501e-05 -3.5000000000e+00 3.5000000000e+00 1.5000000000e+00
1.9602109442e-03 -4.0000000000e+00 3.5000000000e+00 1.5000000000e+00
5.7286316062e-03 -4.5000000000e+00 3.5000000000e+00 1.5000000000e+00
7.5467788401e-03 -5.0000000000e+00 3.5000000000e+00 1.5000000000e+00
7.2596337446e-03 -5.5000000000e+00 3.5000000000e+00 1.5000000000e+00
1.4393388489e-03 -4.0000000000e+00 3.5000000000e+00 2.0000000000e+00
5.0716996951e-03 -4.5000000000e+00 3.5000000000e+00 2.0000000000e+00
6.9488443010e-03 -5.0000000000e+00 3.5000000000e+00 2.0000000000e+00
6.6648295369e-03 -5.5000000000e+00 3.5000000000e+00 2.0000000000e+00
3.2116067147e-03 -6.0000000000e+00 3.5000000000e+00 2.0000000000e+00
4.0770391901e-04 -6.5000000000e+00 3.5000000000e+00 2.0000000000e+00
7.8267109173e-04 -4.0000000000e+00 3.5000000000e+00 2.5000000000e+00
3.5549736014e-03 -4.5000000000e+00 3.5000000000e+00 2.5000000000e+00
4.9583868464e-03 -5.0000000000e+00 3.5000000000e+00 2.5000000000e+00
4.5962692503e-03 -5.5000000000e+00 3.5000000000e+00 2.5000000000e+00
1.7244710373e-03 -6.0000000000e+00 3.5000000000e+00 2.5000000000e+00
4.2440425183e-05 -6.5000000000e+00 3.5000000000e+00 2.5000000000e+00
3.3458975859e-04 -4.0000000000e+00 3.5000000000e+00 3.0000000000e+00
1.9464611466e-03 -4.5000000000e+00 3.5000000000e+00 3.0000000000e+00
2.5956798853e-03 -5.0000000000e+00 3.5000000000e+00 3.0000000000e+00
2.1649301916e-03 -5.5000000000e+00 3.5000000000e+00 3.0000000000e+00
3.7935085359e-04 -6.0000000000e+00 3.5000000000e+00 3.0000000000e+00
1.3136527058e-04 -4.0000000000e+00 3.5000000000e+00 3.5000000000e+00
7.4919642384e-04 -4.5000000000e+00 3.5000000000e+00 3.5000000000e+00
8.8665470773e-04 -5.0000000000e+00 3.5000000000e+00 3.5000000000e+00
4.8625621738e-04 -5.5000000000e+00 3.5000000000e+00 3.5000000000e+00
5.0131488521e-05 -4.0000000000e+00 3.5000000000e+00 4.0000000000e+00
1.6857688926e-04 -4.5000000000e+00 3.5000000000e+00 4.0000000000e+00
1.6404318907e-04 -5.0000000000e+00 3.5000000000e+00 4.0000000000e+00
5.6019421493e-05 -6.0000000000e+00 4.0000000000e+00 -2.0000000000e+00
5.0635123564e-05 -4.5000000000e+00 4.0000000000e+00 -2.0000000000e+00
6.3042966618e-05 -5.0000000000e+00 4.0000000000e+00 -2.0000000000e+00
6.7744674397e-05 -5.5000000000e+00 4.0000000000e+00 -2.0000000000e+00
3.3046269892e-04 -6.0000000000e+00 4.0000000000e+00 -1.5000000000e+00
4.3464376930e-04 -5.5000000000e+00 4.0000000000e+00 -1.5000000000e+00
3.4649403807e-04 -4.5000000000e+00 4.0000000000e+00 -1.5000000000e+00
9.3500397206e-05 -3.5000000000e+00 4.0000000000e+00 -1.5000000000e+00
2.1527077482e-04 -4.0000000000e+00 4.0000000000e+00 -1.5000000000e+00
4.3068477842e-04 -5.0000000000e+00 4.0000000000e+00 -1.5000000000e+00
1.9991591721e-04 -6.5000000000e+00 4.0000000000e+00 -1.5000000000e+00
8.6036635250e-05 -7.0000000000e+00 4.0000000000e+00 -1.5000000000e+00
1.0929779395e-04 -7.0000000000e+00 4.0000000000e+00 -1.0000000000e+00
2.1161621087e-04 -3.5000000000e+00 4.0000000000e+00 -1.0000000000e+00
6.3145007265e-04 -4.0000000000e+00 4.0000000000e+00 -1.0000000000e+00
1.1787820950e-03 -4.5000000000e+00 4.0000000000e+00 -1.0000000000e+00
1.5658453099e-03 -5.0000000000e+00 4.0000000000e+00 -1.0000000000e+00
1.5938137428e-03 -5.5000000000e+00 4.0000000000e+00 -1.0000000000e+00
1.1555254428e-03 -6.0000000000e+00 4.0000000000e+00 -1.0000000000e+00
5.4842893722e-04 -6.5000000000e+00 4.0000000000e+00 -1.0000000000e+00
9.1082942616e-05 -7.0000000000e+00 4.0000000000e+00 -5.0000000000e-01
8.4908109406e-04 -6.5000000000e+00 4.0000000000e+00 -5.0000000000e-01
3.3822369516e-03 -5.5000000000e+00 4.0000000000e+00 -5.0000000000e-01
3.3907745134e-04 -3.5000000000e+00 4.0000000000e+00 -5.0000000000e-01
1.2752980178e-03 -4.0000000000e+00 4.0000000000e+00 -5.0000000000e-01
2.5568439176e-03 -4.5000000000e+00 4.0000000000e+00 -5.0000000000e-01
3.3874405337e-03 -5.0000000000e+00 4.0000000000e+00 -5.0000000000e-01
2.2963021920e-03 -6.0000000000e+00 4.0000000000e+00 -5.0000000000e-01
8.5994402228e-04 -6.5000000000e+00 4.0000000000e+00 0.0000000000e+00
4.0662647235e-04 -3.5000000000e+00 4.0000000000e+00 0.0000000000e+00
2.0343757971e-03 -4.0000000000e+00 4.0000000000e+00 0.0000000000e+00
4.2982616927e-03 -4.5000000000e+00 4.0000000000e+00 0.0000000000e+00
5.5605472124e-03 -5.0000000000e+00 4.0000000000e+00 0.0000000000e+00
5.4164411171e-03 -5.5000000000e+00 4.0000000000e+00 0.0000000000e+00
3.3326644126e-03 -6.0000000000e+00 4.0000000000e+00 0.0000000000e+00
8.3095909732e-05 -7.0000000000e+00 4.0000000000e+00 0.0000000000e+00
7.7677714933e-05 -7.0000000000e+00 4.0000000000e+00 5.0000000000e-01
6.9368625306e-03 -5.5000000000e+00 4.0000000000e+00 5.0000000000e-01
3.9401612882e-04 -3.5000000000e+00 4.0000000000e+00 5.0000000000e-01
2.6580780561e-03 -4.0000000000e+00 4.0000000000e+00 5.0000000000e-01
5.8814963148e-03 -4.5000000000e+00 4.0000000000e+00 5.0000000000e-01
7.3475987885e-03 -5.0000000000e+00 4.0000000000e+00 5.0000000000e-01
3.6956913511e-03 -6.0000000000e+00 4.0000000000e+00 5.0000000000e-01
7.8951663835e-04 -6.5000000000e+00 4.0000000000e+00 5.0000000000e-01
6.1895776567e-05 -7.0000000000e+00 4.0000000000e+00 1.0000000000e+00
7.2583447803e-04 -6.5000000000e+00 4.0000000000e+00 1.0000000000e+00
3.2119801540e-04 -3.5000000000e+00 4.0000000000e+00 1.0000000000e+00
2.8882356397e-03 -4.0000000000e+00 4.0000000000e+00 1.0000000000e+00
6.5674551682e-03 -4.5000000000e+00 4.0000000000e+00 1.0000000000e+00
7.9204281679e-03 -5.0000000000e+00 4.0000000000e+00 1.0000000000e+00
7.3279516753e-03 -5.5000000000e+00 4.0000000000e+00 1.0000000000e+00
3.6623345891e-03 -6.0000000000e+00 4.0000000000e+00 1.0000000000e+00
5.9712399501e-04 -6.5000000000e+00 4.0000000000e+00 1.5000000000e+00
2.0778791144e-04 -3.5000000000e+00 4.0000000000e+00 1.5000000000e+00
2.8194731226e-03 -4.0000000000e+00 4.0000000000e+00 1.5000000000e+00
6.5886438007e-03 -4.5000000000e+00 4.0000000000e+00 1.5000000000e+00
7.9328991354e-03 -5.0000000000e+00 4.0000000000e+00 1.5000000000e+00
7.2855921973e-03 -5.5000000000e+00 4.0000000000e+00 1.5000000000e+00
3.5401405862e-03 -6.0000000000e+00 4.0000000000e+00 1.5000000000e+00
3.0703370835e-04 -6.5000000000e+00 4.0000000000e+00 2.0000000000e+00
5.4619336988e-05 -3.5000000000e+00 4.0000000000e+00 2.0000000000e+00
2.2075497298e-03 -4.0000000000e+00 4.0000000000e+00 2.0000000000e+00
5.8570156512e-03 -4.5000000000e+00 4.0000000000e+00 2.0000000000e+00
7.1029836791e-03 -5.0000000000e+00 4.0000000000e+00 2.0000000000e+00
6.4346909833e-03 -5.5000000000e+00 4.0000000000e+00 2.0000000000e+00
2.8006722316e-03 -6.0000000000e+00 4.0000000000e+00 2.0000000000e+00
1.3732215891e-03 -4.0000000000e+00 4.0000000000e+00 2.5000000000e+00
4.0755682705e-03 -4.5000000000e+00 4.0000000000e+00 2.5000000000e+00
4.8588103297e-03 -5.0000000000e+00 4.0000000000e+00 2.5000000000e+00
4.2175323418e-03 -5.5000000000e+00 4.0000000000e+00 2.5000000000e+00
1.3520766080e-03 -6.0000000000e+00 4.0000000000e+00 2.5000000000e+00
6.7065354544e-04 -4.0000000000e+00 4.0000000000e+00 3.0000000000e+00
2.1852676291e-03 -4.5000000000e+00 4.0000000000e+00 3.0000000000e+00
2.4710311905e-03 -5.0000000000e+00 4.0000000000e+00 3.0000000000e+00
1.8539824594e-03 -5.5000000000e+00 4.0000000000e+00 3.0000000000e+00
2.3369885244e-04 -6.0000000000e+00 4.0000000000e+00 3.0000000000e+00
2.7864154294e-04 -4.0000000000e+00 4.0000000000e+00 3.5000000000e+00
8.1853592440e-04 -4.5000000000e+00 4.0000000000e+00 3.5000000000e+00
8.2647645940e-04 -5.0000000000e+00 4.0000000000e+00 3.5000000000e+00
3.5206268581e-04 -5.5000000000e+00 4.0000000000e+00 3.5000000000e+00
1.0465161376e-04 -4.0000000000e+00 4.0000000000e+00 4.0000000000e+00
1.7026168983e-04 -4.5000000000e+00 4.0000000000e+00 4.0000000000e+00
1.4512469315e-04 -5.0000000000e+00 4.0000000000e+00 4.0000000000e+00
1.0530311531e-04 -6.5000000000e+00 4.5000000000e+00 -2.0000000000e+00
5.4520937078e-05 -7.0000000000e+00 4.5000000000e+00 -2.0000000000e+00
1.4743590271e-04 -6.0000000000e+00 4.5000000000e+00 -2.0000000000e+00
1.6613430495e-04 -5.5000000000e+00 4.5000000000e+00 -2.0000000000e+00
6.0090007044e-05 -4.0000000000e+00 4.5000000000e+00 -2.0000000000e+00
1.0215146351e-04 -4.5000000000e+00 4.5000000000e+00 -2.0000000000e+00
1.4818196854e-04 -5.0000000000e+00 4.5000000000e+00 -2.0000000000e+00
6.9276049604e-04 -5.0000000000e+00 4.5000000000e+00 -1.5000000000e+00
9.4899364732e-05 -3.5000000000e+00 4.5000000000e+00 -1.5000000000e+00
2.6348097834e-04 -4.0000000000e+00 4.5000000000e+00 -1.5000000000e+00
4.9530806017e-04 -4.5000000000e+00 4.5000000000e+00 -1.5000000000e+00
7.3598078427e-04 -5.5000000000e+00 4.5000000000e+00 -1.5000000000e+00
5.9449838504e-04 -6.0000000000e+00 4.5000000000e+00 -1.5000000000e+00
3.1759880826e-04 -6.5000000000e+00 4.5000000000e+00 -1.5000000000e+00
8.7255575541e-05 -7.0000000000e+00 4.5000000000e+00 -1.5000000000e+00
7.4001472794e-05 -7.0000000000e+00 4.5000000000e+00 -1.0000000000e+00
5.6885642366e-04 -6.5000000000e+00 4.5000000000e+00 -1.0000000000e+00
2.1297902234e-04 -3.5000000000e+00 4.5000000000e+00 -1.0000000000e+00
6.8389631696e-04 -4.0000000000e+00 4.5000000000e+00 -1.0000000000e+00
1.3405519892e-03 -4.5000000000e+00 4.5000000000e+00 -1.0000000000e+00
1.8200658154e-03 -5.0000000000e+00 4.5000000000e+00 -1.0000000000e+00
1.8506516818e-03 -5.5000000000e+00 4.5000000000e+00 -1.0000000000e+00
1.3420664666e-03 -6.0000000000e+00 4.5000000000e+00 -1.0000000000e+00
6.0233069199e-05 -7.0000000000e+00 4.5000000000e+00 -5.0000000000e-01
6.9289983958e-04 -6.5000000000e+00 4.5000000000e+00 -5.0000000000e-01
2.2377319372e-03 -6.0000000000e+00 4.5000000000e+00 -5.0000000000e-01
3.5278878950e-03 -5.0000000000e+00 4.5000000000e+00 -5.0000000000e-01
3.6169039844e-04 -3.5000000000e+00 4.5000000000e+00 -5.0000000000e-01
1.3517464015e-03 -4.0000000000e+00 4.5000000000e+00 -5.0000000000e-01
2.7060251969e-03 -4.5000000000e+00 4.5000000000e+00 -5.0000000000e-01
3.4620859948e-03 -5.5000000000e+00 4.5000000000e+00 -5.0000000000e-01
2.9240054556e-03 -6.0000000000e+00 4.5000000000e+00 0.0000000000e+00
4.9431338254e-04 -3.5000000000e+00 4.5000000000e+00 0.0000000000e+00
2.1811290606e-03 -4.0000000000e+00 4.5000000000e+00 0.0000000000e+00
4.4123567785e-03 -4.5000000000e+00 4.5000000000e+00 0.0000000000e+00
5.4910797619e-03 -5.0000000000e+00 4.5000000000e+00 0.0000000000e+00
5.2020460769e-03 -5.5000000000e+00 4.5000000000e+00 0.0000000000e+00
6.3373446248e-04 -6.5000000000e+00 4.5000000000e+00 0.0000000000e+00
5.6402216996e-05 -7.0000000000e+00 4.5000000000e+00 0.0000000000e+00
5.1937751065e-05 -7.0000000000e+00 4.5000000000e+00 5.0000000000e-01
3.0654692680e-03 -6.0000000000e+00 4.5000000000e+00 5.0000000000e-01
5.5344828055e-04 -3.5000000000e+00 4.5000000000e+00 5.0000000000e-01
2.9220430628e-03 -4.0000000000e+00 4.5000000000e+00 5.0000000000e-01
5.9344774794e-03 -4.5000000000e+00 4.5000000000e+00 5.0000000000e-01
7.0156480545e-03 -5.0000000000e+00 4.5000000000e+00 5.0000000000e-01
6.3876332491e-03 -5.5000000000e+00 4.5000000000e+00 5.0000000000e-01
5.6774346740e-04 -6.5000000000e+00 4.5000000000e+00 5.0000000000e-01
5.2331043964e-04 -3.5000000000e+00 4.5000000000e+00 1.0000000000e+00
3.2456830782e-03 -4.0000000000e+00 4.5000000000e+00 1.0000000000e+00
6.5251183771e-03 -4.5000000000e+00 4.5000000000e+00 1.0000000000e+00
7.5069120375e-03 -5.0000000000e+00 4.5000000000e+00 1.0000000000e+00
6.6340720292e-03 -5.5000000000e+00 4.5000000000e+00 1.0000000000e+00
2.9966052209e-03 -6.0000000000e+00 4.5000000000e+00 1.0000000000e+00
5.1058509083e-04 -6.5000000000e+00 4.5000000000e+00 1.0000000000e+00
4.0844875283e-04 -3.5000000000e+00 4.5000000000e+00 1.5000000000e+00
3.2133434513e-03 -4.0000000000e+00 4.5000000000e+00 1.5000000000e+00
6.5197669369e-03 -4.5000000000e+00 4.5000000000e+00 1.5000000000e+00
7.4823578119e-03 -5.0000000000e+00 4.5000000000e+00 1.5000000000e+00
6.5437408824e-03 -5.5000000000e+00 4.5000000000e+00 1.5000000000e+00
2.7875510374e-03 -6.0000000000e+00 4.5000000000e+00 1.5000000000e+00
3.5224246086e-04 -6.5000000000e+00 4.5000000000e+00 1.5000000000e+00
2.1688306577e-04 -3.5000000000e+00 4.5000000000e+00 2.0000000000e+00
2.6291801002e-03 -4.0000000000e+00 4.5000000000e+00 2.0000000000e+00
5.7027403329e-03 -4.5000000000e+00 4.5000000000e+00 2.0000000000e+00
6.4715826058e-03 -5.0000000000e+00 4.5000000000e+00 2.0000000000e+00
5.4500549334e-03 -5.5000000000e+00 4.5000000000e+00 2.0000000000e+00
1.8579012344e-03 -6.0000000000e+00 4.5000000000e+00 2.0000000000e+00
1.2318361954e-04 -6.5000000000e+00 4.5000000000e+00 2.0000000000e+00
7.6505228516e-05 -3.5000000000e+00 4.5000000000e+00 2.5000000000e+00
1.7343800262e-03 -4.0000000000e+00 4.5000000000e+00 2.5000000000e+00
3.8528608218e-03 -4.5000000000e+00 4.5000000000e+00 2.5000000000e+00
4.2284509260e-03 -5.0000000000e+00 4.5000000000e+00 2.5000000000e+00
3.1684638050e-03 -5.5000000000e+00 4.5000000000e+00 2.5000000000e+00
6.6395553923e-04 -6.0000000000e+00 4.5000000000e+00 2.5000000000e+00
9.2679775736e-04 -4.0000000000e+00 4.5000000000e+00 3.0000000000e+00
1.9730212831e-03 -4.5000000000e+00 4.5000000000e+00 3.0000000000e+00
2.0392287938e-03 -5.0000000000e+00 4.5000000000e+00 3.0000000000e+00
1.0976158781e-03 -5.5000000000e+00 4.5000000000e+00 3.0000000000e+00
3.9749747619e-04 -4.0000000000e+00 4.5000000000e+00 3.5000000000e+00
6.8281748228e-04 -4.5000000000e+00 4.5000000000e+00 3.5000000000e+00
6.0458513462e-04 -5.0000000000e+00 4.5000000000e+00 3.5000000000e+00
1.2481856878e-04 -5.5000000000e+00 4.5000000000e+00 3.5000000000e+00
1.2350642106e-04 -4.0000000000e+00 4.5000000000e+00 4.0000000000e+00
1.4218192491e-04 -4.5000000000e+00 4.5000000000e+00 4.0000000000e+00
9.4910431154e-05 -5.0000000000e+00 4.5000000000e+00 4.0000000000e+00
6.3185528568e-05 -7.0000000000e+00 5.0000000000e+00 -2.0000000000e+00
1.3367960008e-04 -6.5000000000e+00 5.0000000000e+00 -2.0000000000e+00
2.3539171171e-04 -5.5000000000e+00 5.0000000000e+00 -2.0000000000e+00
2.0973412171e-04 -5.0000000000e+00 5.0000000000e+00 -2.0000000000e+00
6.6131331413e-05 -4.0000000000e+00 5.0000000000e+00 -2.0000000000e+00
1.3893367553e-04 -4.5000000000e+00 5.0000000000e+00 -2.0000000000e+00
2.1130830524e-04 -6.0000000000e+00 5.0000000000e+00 -2.0000000000e+00
5.4403116298e-05 -7.0000000000e+00 5.0000000000e+00 -1.5000000000e+00
7.1669571403e-05 -3.5000000000e+00 5.0000000000e+00 -1.5000000000e+00
2.3372067361e-04 -4.0000000000e+00 5.0000000000e+00 -1.5000000000e+00
4.8713577984e-04 -4.5000000000e+00 5.0000000000e+00 -1.5000000000e+00
7.1183461820e-04 -5.0000000000e+00 5.0000000000e+00 -1.5000000000e+00
7.5713308601e-04 -5.5000000000e+00 5.0000000000e+00 -1.5000000000e+00
6.0444610074e-04 -6.0000000000e+00 5.0000000000e+00 -1.5000000000e+00
2.9690284240e-04 -6.5000000000e+00 5.0000000000e+00 -1.5000000000e+00
4.0707727412e-05 -7.0000000000e+00 5.0000000000e+00 -1.0000000000e+00
4.3128779213e-04 -6.5000000000e+00 5.0000000000e+00 -1.0000000000e+00
1.1453016547e-03 -6.0000000000e+00 5.0000000000e+00 -1.0000000000e+00
1.6626839580e-04 -3.5000000000e+00 5.0000000000e+00 -1.0000000000e+00
5.6611110945e-04 -4.0000000000e+00 5.0000000000e+00 -1.0000000000e+00
1.1565268302e-03 -4.5000000000e+00 5.0000000000e+00 -1.0000000000e+00
1.5969412192e-03 -5.0000000000e+00 5.0000000000e+00 -1.0000000000e+00
1.6180350389e-03 -5.5000000000e+00 5.0000000000e+00 -1.0000000000e+00
3.0899094391e-04 -3.5000000000e+00 5.0000000000e+00 -5.0000000000e-01
1.1163495845e-03 -4.0000000000e+00 5.0000000000e+00 -5.0000000000e-01
2.2300499311e-03 -4.5000000000e+00 5.0000000000e+00 -5.0000000000e-01
2.8818338501e-03 -5.0000000000e+00 5.0000000000e+00 -5.0000000000e-01
2.7898567149e-03 -5.5000000000e+00 5.0000000000e+00 -5.0000000000e-01
1.7218720867e-03 -6.0000000000e+00 5.0000000000e+00 -5.0000000000e-01
4.4305773185e-04 -6.5000000000e+00 5.0000000000e+00 -5.0000000000e-01
3.9806638389e-04 -6.5000000000e+00 5.0000000000e+00 0.0000000000e+00
4.0458236655e-03 -5.5000000000e+00 5.0000000000e+00 0.0000000000e+00
4.7146663925e-04 -3.5000000000e+00 5.0000000000e+00 0.0000000000e+00
1.8467594044e-03 -4.0000000000e+00 5.0000000000e+00 0.0000000000e+00
3.5987122591e-03 -4.5000000000e+00 5.0000000000e+00 0.0000000000e+00
4.3627553241e-03 -5.0000000000e+00 5.0000000000e+00 0.0000000000e+00
2.1156749024e-03 -6.0000000000e+00 5.0000000000e+00 0.0000000000e+00
5.9636128124e-04 -3.5000000000e+00 5.0000000000e+00 5.0000000000e-01
2.5697381731e-03 -4.0000000000e+00 5.0000000000e+00 5.0000000000e-01
4.8564698469e-03 -4.5000000000e+00 5.0000000000e+00 5.0000000000e-01
5.5417187926e-03 -5.0000000000e+00 5.0000000000e+00 5.0000000000e-01
4.8637263005e-03 -5.5000000000e+00 5.0000000000e+00 5.0000000000e-01
2.1407259181e-03 -6.0000000000e+00 5.0000000000e+00 5.0000000000e-01
3.5312534641e-04 -6.5000000000e+00 5.0000000000e+00 5.0000000000e-01
6.3658054980e-04 -3.5000000000e+00 5.0000000000e+00 1.0000000000e+00
2.9652036097e-03 -4.0000000000e+00 5.0000000000e+00 1.0000000000e+00
5.3851475023e-03 -4.5000000000e+00 5.0000000000e+00 1.0000000000e+00
5.9494701523e-03 -5.0000000000e+00 5.0000000000e+00 1.0000000000e+00
4.9908235960e-03 -5.5000000000e+00 5.0000000000e+00 1.0000000000e+00
2.0624978740e-03 -6.0000000000e+00 5.0000000000e+00 1.0000000000e+00
2.7540454280e-04 -6.5000000000e+00 5.0000000000e+00 1.0000000000e+00
5.7361873924e-04 -3.5000000000e+00 5.0000000000e+00 1.5000000000e+00
2.9915469285e-03 -4.0000000000e+00 5.0000000000e+00 1.5000000000e+00
5.3975472431e-03 -4.5000000000e+00 5.0000000000e+00 1.5000000000e+00
5.9159662806e-03 -5.0000000000e+00 5.0000000000e+00 1.5000000000e+00
4.8146372745e-03 -5.5000000000e+00 5.0000000000e+00 1.5000000000e+00
1.7083374705e-03 -6.0000000000e+00 5.0000000000e+00 1.5000000000e+00
1.2649357756e-04 -6.5000000000e+00 5.0000000000e+00 1.5000000000e+00
4.0285681861e-04 -3.5000000000e+00 5.0000000000e+00 2.0000000000e+00
2.5849192311e-03 -4.0000000000e+00 5.0000000000e+00 2.0000000000e+00
4.6845822283e-03 -4.5000000000e+00 5.0000000000e+00 2.0000000000e+00
4.9286312947e-03 -5.0000000000e+00 5.0000000000e+00 2.0000000000e+00
3.6004410028e-03 -5.5000000000e+00 5.0000000000e+00 2.0000000000e+00
7.8908586678e-04 -6.0000000000e+00 5.0000000000e+00 2.0000000000e+00
2.2806659092e-04 -3.5000000000e+00 5.0000000000e+00 2.5000000000e+00
1.7938873016e-03 -4.0000000000e+00 5.0000000000e+00 2.5000000000e+00
3.0087785721e-03 -4.5000000000e+00 5.0000000000e+00 2.5000000000e+00
3.0095121922e-03 -5.0000000000e+00 5.0000000000e+00 2.5000000000e+00
1.6711790332e-03 -5.5000000000e+00 5.0000000000e+00 2.5000000000e+00
7.0462290872e-05 -6.0000000000e+00 5.0000000000e+00 2.5000000000e+00
1.2688209900e-04 -3.5000000000e+00 5.0000000000e+00 3.0000000000e+00
9.8047056449e-04 -4.0000000000e+00 5.0000000000e+00 3.0000000000e+00
1.4241455532e-03 -4.5000000000e+00 5.0000000000e+00 3.0000000000e+00
1.2718131588e-03 -5.0000000000e+00 5.0000000000e+00 3.0000000000e+00
3.1257031802e-04 -5.5000000000e+00 5.0000000000e+00 3.0000000000e+00
7.1312896789e-05 -3.5000000000e+00 5.0000000000e+00 3.5000000000e+00
3.9378765501e-04 -4.0000000000e+00 5.0000000000e+00 3.5000000000e+00
4.5264351454e-04 -4.5000000000e+00 5.0000000000e+00 3.5000000000e+00
2.8293175805e-04 -5.0000000000e+00 5.0000000000e+00 3.5000000000e+00
1.0108584315e-04 -4.0000000000e+00 5.0000000000e+00 4.0000000000e+00
9.2408118170e-05 -4.5000000000e+00 5.0000000000e+00 4.0000000000e+00
1.0183282972e-04 -6.5000000000e+00 5.5000000000e+00 -2.0000000000e+00
1.7192084019e-04 -6.0000000000e+00 5.5000000000e+00 -2.0000000000e+00
1.6356392344e-04 -5.0000000000e+00 5.5000000000e+00 -2.0000000000e+00
4.4363921243e-05 -4.0000000000e+00 5.5000000000e+00 -2.0000000000e+00
9.9584721309e-05 -4.5000000000e+00 5.5000000000e+00 -2.0000000000e+00
1.9161404004e-04 -5.5000000000e+00 5.5000000000e+00 -2.0000000000e+00
3.9360715331e-04 -6.0000000000e+00 5.5000000000e+00 -1.5000000000e+00
1.4214168616e-04 -4.0000000000e+00 5.5000000000e+00 -1.5000000000e+00
3.1309251269e-04 -4.5000000000e+00 5.5000000000e+00 -1.5000000000e+00
4.6678367715e-04 -5.0000000000e+00 5.5000000000e+00 -1.5000000000e+00
4.9489802496e-04 -5.5000000000e+00 5.5000000000e+00 -1.5000000000e+00
1.8438464457e-04 -6.5000000000e+00 5.5000000000e+00 -1.5000000000e+00
6.9746216806e-04 -6.0000000000e+00 5.5000000000e+00 -1.0000000000e+00
9.9203583096e-05 -3.5000000000e+00 5.5000000000e+00 -1.0000000000e+00
3.5050987266e-04 -4.0000000000e+00 5.5000000000e+00 -1.0000000000e+00
7.2834942057e-04 -4.5000000000e+00 5.5000000000e+00 -1.0000000000e+00
1.0045369687e-03 -5.0000000000e+00 5.5000000000e+00 -1.0000000000e+00
1.0104669187e-03 -5.5000000000e+00 5.5000000000e+00 -1.0000000000e+00
2.4456956022e-04 -6.5000000000e+00 5.5000000000e+00 -1.0000000000e+00
2.0171444079e-04 -3.5000000000e+00 5.5000000000e+00 -5.0000000000e-01
7.0674324160e-04 -4.0000000000e+00 5.5000000000e+00 -5.0000000000e-01
1.4024291712e-03 -4.5000000000e+00 5.5000000000e+00 -5.0000000000e-01
1.7952411133e-03 -5.0000000000e+00 5.5000000000e+00 -5.0000000000e-01
1.7212370777e-03 -5.5000000000e+00 5.5000000000e+00 -5.0000000000e-01
1.0309939798e-03 -6.0000000000e+00 5.5000000000e+00 -5.0000000000e-01
2.3863429990e-04 -6.5000000000e+00 5.5000000000e+00 -5.0000000000e-01
2.0813844150e-04 -6.5000000000e+00 5.5000000000e+00 0.0000000000e+00
3.3853897775e-04 -3.5000000000e+00 5.5000000000e+00 0.0000000000e+00
1.2028080193e-03 -4.0000000000e+00 5.5000000000e+00 0.0000000000e+00
2.2750354549e-03 -4.5000000000e+00 5.5000000000e+00 0.0000000000e+00
2.7045797623e-03 -5.0000000000e+00 5.5000000000e+00 0.0000000000e+00
2.4681998474e-03 -5.5000000000e+00 5.5000000000e+00 0.0000000000e+00
1.2269054156e-03 -6.0000000000e+00 5.5000000000e+00 0.0000000000e+00
4.7820283587e-04 -3.5000000000e+00 5.5000000000e+00 5.0000000000e-01
1.7351229769e-03 -4.0000000000e+00 5.5000000000e+00 5.0000000000e-01
3.0929930536e-03 -4.5000000000e+00 5.5000000000e+00 5.0000000000e-01
3.4422184821e-03 -5.0000000000e+00 5.5000000000e+00 5.0000000000e-01
2.9215668591e-03 -5.5000000000e+00 5.5000000000e+00 5.0000000000e-01
1.2019058747e-03 -6.0000000000e+00 5.5000000000e+00 5.0000000000e-01
1.6845269232e-04 -6.5000000000e+00 5.5000000000e+00 5.0000000000e-01
5.6850612409e-04 -3.5000000000e+00 5.5000000000e+00 1.0000000000e+00
2.0852620050e-03 -4.0000000000e+00 5.5000000000e+00 1.0000000000e+00
3.4574147972e-03 -4.5000000000e+00 5.5000000000e+00 1.0000000000e+00
3.7056900519e-03 -5.0000000000e+00 5.5000000000e+00 1.0000000000e+00
2.9547965284e-03 -5.5000000000e+00 5.5000000000e+00 1.0000000000e+00
1.0993203456e-03 -6.0000000000e+00 5.5000000000e+00 1.0000000000e+00
9.4606593783e-05 -6.5000000000e+00 5.5000000000e+00 1.0000000000e+00
5.8428163372e-04 -3.5000000000e+00 5.5000000000e+00 1.5000000000e+00
2.1416596771e-03 -4.0000000000e+00 5.5000000000e+00 1.5000000000e+00
3.4630891471e-03 -4.5000000000e+00 5.5000000000e+00 1.5000000000e+00
3.6528850993e-03 -5.0000000000e+00 5.5000000000e+00 1.5000000000e+00
2.7151024999e-03 -5.5000000000e+00 5.5000000000e+00 1.5000000000e+00
6.8622108129e-04 -6.0000000000e+00 5.5000000000e+00 1.5000000000e+00
4.9757944790e-04 -3.5000000000e+00 5.5000000000e+00 2.0000000000e+00
1.9737209731e-03 -4.0000000000e+00 5.5000000000e+00 2.0000000000e+00
2.9492682653e-03 -4.5000000000e+00 5.5000000000e+00 2.0000000000e+00
2.9053807785e-03 -5.0000000000e+00 5.5000000000e+00 2.0000000000e+00
1.6586588317e-03 -5.5000000000e+00 5.5000000000e+00 2.0000000000e+00
1.0922507960e-04 -6.0000000000e+00 5.5000000000e+00 2.0000000000e+00
3.6059530505e-04 -3.5000000000e+00 5.5000000000e+00 2.5000000000e+00
1.4085557617e-03 -4.0000000000e+00 5.5000000000e+00 2.5000000000e+00
1.8064183476e-03 -4.5000000000e+00 5.5000000000e+00 2.5000000000e+00
1.6003627103e-03 -5.0000000000e+00 5.5000000000e+00 2.5000000000e+00
4.4512546698e-04 -5.5000000000e+00 5.5000000000e+00 2.5000000000e+00
2.2788599966e-04 -3.5000000000e+00 5.5000000000e+00 3.0000000000e+00
7.4164017680e-04 -4.0000000000e+00 5.5000000000e+00 3.0000000000e+00
8.0607644967e-04 -4.5000000000e+00 5.5000000000e+00 3.0000000000e+00
5.0559453977e-04 -5.0000000000e+00 5.5000000000e+00 3.0000000000e+00
1.2212521914e-04 -3.5000000000e+00 5.5000000000e+00 3.5000000000e+00
2.6677488158e-04 -4.0000000000e+00 5.5000000000e+00 3.5000000000e+00
2.3004672144e-04 -4.5000000000e+00 5.5000000000e+00 3.5000000000e+00
4.3238965855e-05 -5.0000000000e+00 5.5000000000e+00 3.5000000000e+00
4.6570596862e-05 -3.5000000000e+00 5.5000000000e+00 4.0000000000e+00
6.4028635632e-05 -4.0000000000e+00 5.5000000000e+00 4.0000000000e+00
7.1416018479e-05 -6.0000000000e+00 6.0000000000e+00 -2.0000000000e+00
6.9295674760e-05 -5.0000000000e+00 6.0000000000e+00 -2.0000000000e+00
8.2277756983e-05 -5.5000000000e+00 6.0000000000e+00 -2.0000000000e+00
6.2580835041e-05 -6.5000000000e+00 6.0000000000e+00 -1.5000000000e+00
5.1439151392e-05 -4.0000000000e+00 6.0000000000e+00 -1.5000000000e+00
1.2434050613e-04 -4.5000000000e+00 6.0000000000e+00 -1.5000000000e+00
1.9253828243e-04 -5.0000000000e+00 6.0000000000e+00 -1.5000000000e+00
2.0624672828e-04 -5.5000000000e+00 6.0000000000e+00 -1.5000000000e+00
1.6262604605e-04 -6.0000000000e+00 6.0000000000e+00 -1.5000000000e+00
2.9205701490e-04 -6.0000000000e+00 6.0000000000e+00 -1.0000000000e+00
1.3870174276e-04 -4.0000000000e+00 6.0000000000e+00 -1.0000000000e+00
2.9875039843e-04 -4.5000000000e+00 6.0000000000e+00 -1.0000000000e+00
4.1965952456e-04 -5.0000000000e+00 6.0000000000e+00 -1.0000000000e+00
4.2221349469e-04 -5.5000000000e+00 6.0000000000e+00 -1.0000000000e+00
8.9798969965e-05 -6.5000000000e+00 6.0000000000e+00 -1.0000000000e+00
8.3635333490e-05 -3.5000000000e+00 6.0000000000e+00 -5.0000000000e-01
2.9726177661e-04 -4.0000000000e+00 6.0000000000e+00 -5.0000000000e-01
5.9212252253e-04 -4.5000000000e+00 6.0000000000e+00 -5.0000000000e-01
7.5853881670e-04 -5.0000000000e+00 6.0000000000e+00 -5.0000000000e-01
7.2374666518e-04 -5.5000000000e+00 6.0000000000e+00 -5.0000000000e-01
4.2694189248e-04 -6.0000000000e+00 6.0000000000e+00 -5.0000000000e-01
7.2627142664e-05 -6.5000000000e+00 6.0000000000e+00 -5.0000000000e-01
1.6148078791e-04 -3.5000000000e+00 6.0000000000e+00 0.0000000000e+00
5.3268999223e-04 -4.0000000000e+00 6.0000000000e+00 0.0000000000e+00
9.8793635273e-04 -4.5000000000e+00 6.0000000000e+00 0.0000000000e+00
1.1612061562e-03 -5.0000000000e+00 6.0000000000e+00 0.0000000000e+00
1.0439563860e-03 -5.5000000000e+00 6.0000000000e+00 0.0000000000e+00
4.9428389809e-04 -6.0000000000e+00 6.0000000000e+00 0.0000000000e+00
5.8057241580e-05 -6.5000000000e+00 6.0000000000e+00 0.0000000000e+00
2.6121421562e-04 -3.5000000000e+00 6.0000000000e+00 5.0000000000e-01
8.1318551212e-04 -4.0000000000e+00 6.0000000000e+00 5.0000000000e-01
1.3775256180e-03 -4.5000000000e+00 6.0000000000e+00 5.0000000000e-01
1.4950039844e-03 -5.0000000000e+00 6.0000000000e+00 5.0000000000e-01
1.2168835144e-03 -5.5000000000e+00 6.0000000000e+00 5.0000000000e-01
4.6609964221e-04 -6.0000000000e+00 6.0000000000e+00 5.0000000000e-01
3.5882473675e-04 -3.5000000000e+00 6.0000000000e+00 1.0000000000e+00
1.0396243189e-03 -4.0000000000e+00 6.0000000000e+00 1.0000000000e+00
1.5616691347e-03 -4.5000000000e+00 6.0000000000e+00 1.0000000000e+00
1.6141028503e-03 -5.0000000000e+00 6.0000000000e+00 1.0000000000e+00
1.2008085758e-03 -5.5000000000e+00 6.0000000000e+00 1.0000000000e+00
3.5139365366e-04 -6.0000000000e+00 6.0000000000e+00 1.0000000000e+00
4.1043542974e-04 -3.5000000000e+00 6.0000000000e+00 1.5000000000e+00
1.1006409662e-03 -4.0000000000e+00 6.0000000000e+00 1.5000000000e+00
1.5601687868e-03 -4.5000000000e+00 6.0000000000e+00 1.5000000000e+00
1.5600788302e-03 -5.0000000000e+00 6.0000000000e+00 1.5000000000e+00
9.3761138677e-04 -5.5000000000e+00 6.0000000000e+00 1.5000000000e+00
7.9423910987e-05 -6.0000000000e+00 6.0000000000e+00 1.5000000000e+00
4.1022309072e-04 -3.5000000000e+00 6.0000000000e+00 2.0000000000e+00
1.0496303280e-03 -4.0000000000e+00 6.0000000000e+00 2.0000000000e+00
1.2984797258e-03 -4.5000000000e+00 6.0000000000e+00 2.0000000000e+00
1.1232346406e-03 -5.0000000000e+00 6.0000000000e+00 2.0000000000e+00
3.1840885790e-04 -5.5000000000e+00 6.0000000000e+00 2.0000000000e+00
3.5369470100e-04 -3.5000000000e+00 6.0000000000e+00 2.5000000000e+00
7.6671057222e-04 -4.0000000000e+00 6.0000000000e+00 2.5000000000e+00
7.8420987930e-04 -4.5000000000e+00 6.0000000000e+00 2.5000000000e+00
4.6914723301e-04 -5.0000000000e+00 6.0000000000e+00 2.5000000000e+00
2.3558782877e-04 -3.5000000000e+00 6.0000000000e+00 3.0000000000e+00
3.8511721211e-04 -4.0000000000e+00 6.0000000000e+00 3.0000000000e+00
3.3009620909e-04 -4.5000000000e+00 6.0000000000e+00 3.0000000000e+00
4.6171501507e-05 -5.0000000000e+00 6.0000000000e+00 3.0000000000e+00
1.1020392120e-04 -3.5000000000e+00 6.0000000000e+00 3.5000000000e+00
1.3298039824e-04 -4.0000000000e+00 6.0000000000e+00 3.5000000000e+00
6.3581905977e-05 -4.5000000000e+00 6.0000000000e+00 3.5000000000e+00
4.8285512811e-05 -5.0000000000e+00 6.5000000000e+00 -1.5000000000e+00
5.4646824298e-05 -5.5000000000e+00 6.5000000000e+00 -1.5000000000e+00
5.4675039882e-05 -6.0000000000e+00 6.5000000000e+00 -1.0000000000e+00
5.6869937762e-05 -4.5000000000e+00 6.5000000000e+00 -1.0000000000e+00
7.6852438153e-05 -5.0000000000e+00 6.5000000000e+00 -1.0000000000e+00
7.4182892573e-05 -5.5000000000e+00 6.5000000000e+00 -1.0000000000e+00
5.8543905049e-05 -4.0000000000e+00 6.5000000000e+00 -5.0000000000e-01
1.0923246132e-04 -4.5000000000e+00 6.5000000000e+00 -5.0000000000e-01
1.2957275960e-04 -5.0000000000e+00 6.5000000000e+00 -5.0000000000e-01
1.1870882533e-04 -5.5000000000e+00 6.5000000000e+00 -5.0000000000e-01
4.4398100128e-05 -6.0000000000e+00 6.5000000000e+00 -5.0000000000e-01
4.0278411404e-05 -3.5000000000e+00 6.5000000000e+00 0.0000000000e+00
1.0920921890e-04 -4.0000000000e+00 6.5000000000e+00 0.0000000000e+00
1.7847054935e-04 -4.5000000000e+00 6.5000000000e+00 0.0000000000e+00
1.9020698090e-04 -5.0000000000e+00 6.5000000000e+00 0.0000000000e+00
1.4822206559e-04 -5.5000000000e+00 6.5000000000e+00 0.0000000000e+00
7.5287009100e-05 -3.5000000000e+00 6.5000000000e+00 5.0000000000e-01
1.7659778015e-04 -4.0000000000e+00 6.5000000000e+00 5.0000000000e-01
2.4402898672e-04 -4.5000000000e+00 6.5000000000e+00 5.0000000000e-01
2.2930886574e-04 -5.0000000000e+00 6.5000000000e+00 5.0000000000e-01
1.3202447712e-04 -5.5000000000e+00 6.5000000000e+00 5.0000000000e-01
1.2374280946e-04 -3.5000000000e+00 6.5000000000e+00 1.0000000000e+00
2.4328298137e-04 -4.0000000000e+00 6.5000000000e+00 1.0000000000e+00
2.6926282587e-04 -4.5000000000e+00 6.5000000000e+00 1.0000000000e+00
2.2161267244e-04 -5.0000000000e+00 6.5000000000e+00 1.0000000000e+00
5.0390542979e-05 -5.5000000000e+00 6.5000000000e+00 1.0000000000e+00
4.2485075143e-05 -3.0000000000e+00 6.5000000000e+00 1.5000000000e+00
1.6792756681e-04 -3.5000000000e+00 6.5000000000e+00 1.5000000000e+00
2.6881779732e-04 -4.0000000000e+00 6.5000000000e+00 1.5000000000e+00
2.6848382621e-04 -4.5000000000e+00 6.5000000000e+00 1.5000000000e+00
1.2879748395e-04 -5.0000000000e+00 6.5000000000e+00 1.5000000000e+00
5.2851345253e-05 -3.0000000000e+00 6.5000000000e+00 2.0000000000e+00
1.8165840151e-04 -3.5000000000e+00 6.5000000000e+00 2.0000000000e+00
2.5779242424e-04 -4.0000000000e+00 6.5000000000e+00 2.0000000000e+00
2.0994903739e-04 -4.5000000000e+00 6.5000000000e+00 2.0000000000e+00
5.3938140350e-05 -3.0000000000e+00 6.5000000000e+00 2.5000000000e+00
1.6842561918e-04 -3.5000000000e+00 6.5000000000e+00 2.5000000000e+00
1.9781881048e-04 -4.0000000000e+00 6.5000000000e+00 2.5000000000e+00
8.2736848910e-05 -4.5000000000e+00 6.5000000000e+00 2.5000000000e+00
4.4231935160e-05 -3.0000000000e+00 6.5000000000e+00 3.0000000000e+00
1.1436695965e-04 -3.5000000000e+00 6.5000000000e+00 3.0000000000e+00
1.1092834751e-04 -4.0000000000e+00 6.5000000000e+00 3.0000000000e+00
5.3188490334e-05 -3.5000000000e+00 6.5000000000e+00 3.5000000000e+00
4.0811373696e-05 -6.0000000000e+00 6.5000000000e+00 -1.5000000000e+00
