0.600000
0.000026 5.000000 9.000000 -9.500000
0.000034 4.500000 9.000000 -9.500000
0.000026 4.000000 9.500000 -10.000000
0.000097 4.500000 9.500000 -10.000000
0.000022 5.500000 9.500000 -10.000000
0.000085 5.000000 9.500000 -10.000000
0.000047 4.500000 9.500000 -9.500000
0.000029 5.000000 9.500000 -9.000000
0.000050 5.000000 9.500000 -9.500000
0.000043 5.000000 9.000000 -10.000000
0.000080 4.500000 9.000000 -10.000000
0.000040 4.000000 9.000000 -10.000000
0.000034 4.500000 8.500000 -10.000000
0.000036 4.000000 8.500000 -10.000000
0.000022 4.500000 8.000000 -10.500000
0.000060 5.000000 9.000000 -10.500000
0.000166 4.500000 9.500000 -10.500000
0.000030 4.000000 10.000000 -10.500000
0.000148 4.500000 10.000000 -10.500000
0.000059 5.500000 10.000000 -10.500000
0.000151 5.000000 10.000000 -10.500000
0.000080 4.500000 10.000000 -10.000000
0.000055 5.500000 10.000000 -10.000000
0.000045 5.500000 10.000000 -9.500000
0.000022 5.500000 10.000000 -8.500000
0.000023 5.000000 10.000000 -8.500000
0.000033 5.500000 10.000000 -9.000000
0.000042 5.000000 10.000000 -9.000000
0.000072 5.000000 10.000000 -9.500000
0.000040 4.500000 10.000000 -9.500000
0.000112 5.000000 10.000000 -10.000000
0.000126 5.000000 9.500000 -10.500000
0.000075 4.000000 9.500000 -10.500000
0.000149 4.500000 9.000000 -10.500000
0.000103 4.000000 9.000000 -10.500000
0.000080 4.500000 8.500000 -10.500000
0.000105 4.000000 8.500000 -10.500000
0.000021 3.500000 8.500000 -10.500000
0.000047 4.000000 8.000000 -10.500000
0.000023 3.500000 8.000000 -10.500000
0.000045 4.000000 7.500000 -11.000000
0.000046 4.500000 8.000000 -11.000000
0.000042 3.500000 9.000000 -11.000000
0.000074 5.000000 9.000000 -11.000000
0.000054 4.000000 10.000000 -11.000000
0.000220 4.500000 10.000000 -11.000000
0.000122 4.500000 10.500000 -11.000000
0.000103 5.500000 10.500000 -11.000000
0.000183 5.000000 10.500000 -11.000000
0.000083 4.500000 10.500000 -10.500000
0.000054 5.500000 10.000000 -11.000000
0.000144 5.000000 10.500000 -10.500000
0.000045 4.500000 10.500000 -10.000000
0.000021 6.000000 10.500000 -9.500000
0.000021 6.000000 10.500000 -9.000000
0.000031 5.500000 10.500000 -8.500000
0.000024 5.500000 10.500000 -8.000000
0.000023 -5.500000 -11.000000 -11.500000
0.000022 -5.500000 -10.500000 -11.500000
0.000047 5.500000 10.500000 -9.000000
0.000042 5.000000 10.500000 -9.000000
0.000065 5.500000 10.500000 -9.500000
0.000069 5.000000 10.500000 -9.500000
0.000084 5.500000 10.500000 -10.000000
0.000105 5.000000 10.500000 -10.000000
0.000097 5.500000 10.500000 -10.500000
0.000197 5.000000 10.000000 -11.000000
0.000153 5.000000 9.500000 -11.000000
0.000252 4.500000 9.500000 -11.000000
0.000152 4.000000 9.500000 -11.000000
0.000225 4.500000 9.000000 -11.000000
0.000218 4.000000 9.000000 -11.000000
0.000140 4.500000 8.500000 -11.000000
0.000219 4.000000 8.500000 -11.000000
0.000088 3.500000 8.500000 -11.000000
0.000127 4.000000 8.000000 -11.000000
0.000101 3.500000 8.000000 -11.000000
0.000062 3.500000 7.500000 -11.000000
0.000116 4.000000 7.500000 -11.500000
0.000069 4.500000 8.000000 -11.500000
0.000101 3.500000 9.000000 -11.500000
0.000024 3.500000 9.500000 -11.500000
0.000071 5.000000 9.000000 -11.500000
0.000091 4.000000 10.000000 -11.500000
0.000285 4.500000 10.000000 -11.500000
0.000042 5.500000 10.000000 -11.500000
0.000157 4.500000 10.500000 -11.500000
0.000055 4.500000 11.000000 -11.500000
0.000140 5.000000 11.000000 -11.500000
0.000097 5.500000 11.000000 -11.500000
0.000038 4.500000 11.000000 -11.000000
0.000129 5.000000 11.000000 -11.000000
0.000026 6.000000 11.000000 -11.000000
0.000026 4.500000 11.000000 -10.500000
0.000032 6.000000 11.000000 -10.500000
0.000081 5.500000 11.000000 -10.000000
0.000037 6.000000 11.000000 -10.000000
0.000047 5.000000 11.000000 -9.500000
0.000038 6.000000 11.000000 -9.500000
0.000047 5.500000 11.000000 -9.000000
0.000025 6.000000 11.000000 -8.000000
0.000030 6.000000 11.000000 -8.500000
0.000032 5.500000 11.000000 -8.500000
0.000036 6.000000 11.000000 -9.000000
0.000024 5.000000 11.000000 -9.000000
0.000065 5.500000 11.000000 -9.500000
0.000074 5.000000 11.000000 -10.000000
0.000095 5.500000 11.000000 -10.500000
0.000106 5.000000 11.000000 -10.500000
0.000102 5.500000 11.000000 -11.000000
0.000029 -5.500000 -11.000000 -12.000000
0.000025 -5.500000 -10.500000 -12.000000
0.000021 -5.500000 -10.000000 -12.000000
0.000096 5.500000 10.500000 -11.500000
0.000203 5.000000 10.500000 -11.500000
0.000223 5.000000 10.000000 -11.500000
0.000166 5.000000 9.500000 -11.500000
0.000336 4.500000 9.500000 -11.500000
0.000026 -5.000000 -10.500000 -12.000000
0.000032 -5.000000 -10.000000 -12.000000
0.000033 -5.000000 -9.500000 -12.000000
0.000024 -5.000000 -9.000000 -12.000000
0.000241 4.000000 9.500000 -11.500000
0.000326 4.500000 9.000000 -11.500000
0.000371 4.000000 9.000000 -11.500000
0.000201 4.500000 8.500000 -11.500000
0.000387 4.000000 8.500000 -11.500000
0.000217 3.500000 8.500000 -11.500000
0.000256 4.000000 8.000000 -11.500000
0.000274 3.500000 8.000000 -11.500000
0.000026 -4.500000 -9.500000 -12.000000
0.000032 -4.500000 -9.000000 -12.000000
0.000029 -4.500000 -8.500000 -12.000000
0.000042 3.000000 8.000000 -11.500000
0.000219 3.500000 7.500000 -11.500000
0.000078 3.000000 7.500000 -11.500000
0.000072 3.500000 7.000000 -11.500000
0.000083 3.000000 7.000000 -11.500000
0.000024 3.000000 6.500000 -11.500000
0.000022 -4.000000 -8.000000 -12.000000
0.000022 -4.000000 -7.500000 -12.000000
0.000035 3.000000 6.000000 -12.000000
0.000066 3.500000 6.500000 -12.000000
0.000035 4.000000 7.000000 -12.000000
0.000202 4.000000 7.500000 -12.000000
0.000043 3.000000 8.500000 -12.000000
0.000071 4.500000 8.000000 -12.000000
0.000197 3.500000 9.000000 -12.000000
0.000049 3.500000 9.500000 -12.000000
0.000055 5.000000 9.000000 -12.000000
0.000383 4.500000 9.500000 -12.000000
0.000148 4.000000 10.000000 -12.000000
0.000321 4.500000 10.000000 -12.000000
0.000034 4.000000 10.500000 -12.000000
0.000028 5.500000 10.000000 -12.000000
0.000191 4.500000 10.500000 -12.000000
0.000069 4.500000 11.000000 -12.000000
0.000133 5.000000 11.000000 -12.000000
0.000061 5.000000 11.500000 -12.000000
0.000023 6.000000 11.500000 -12.000000
0.000062 5.500000 11.500000 -12.000000
0.000064 5.000000 11.500000 -11.500000
0.000033 6.000000 11.500000 -11.500000
0.000043 6.000000 11.500000 -11.000000
0.000049 5.000000 11.500000 -10.500000
0.000085 5.500000 11.500000 -11.000000
0.000059 5.000000 11.500000 -11.000000
0.000078 5.500000 11.500000 -11.500000
0.000079 5.500000 11.500000 -10.500000
0.000032 5.000000 11.500000 -10.000000
0.000048 6.000000 11.500000 -10.500000
0.000067 5.500000 11.500000 -10.000000
0.000021 6.000000 11.500000 -8.000000
0.000030 6.000000 11.500000 -8.500000
0.000025 5.500000 11.500000 -8.500000
0.000037 6.000000 11.500000 -9.000000
0.000040 5.500000 11.500000 -9.000000
0.000045 6.000000 11.500000 -9.500000
0.000055 5.500000 11.500000 -9.500000
0.000048 6.000000 11.500000 -10.000000
0.000080 5.500000 11.000000 -12.000000
0.000030 -5.500000 -11.000000 -12.500000
0.000029 -5.500000 -10.500000 -12.500000
0.000023 -5.500000 -10.000000 -12.500000
0.000077 5.500000 10.500000 -12.000000
0.000192 5.000000 10.500000 -12.000000
0.000220 5.000000 10.000000 -12.000000
0.000157 5.000000 9.500000 -12.000000
0.000344 4.000000 9.500000 -12.000000
0.000390 4.500000 9.000000 -12.000000
0.000020 -5.000000 -11.000000 -12.500000
0.000037 -5.000000 -10.500000 -12.500000
0.000045 -5.000000 -10.000000 -12.500000
0.000047 -5.000000 -9.500000 -12.500000
0.000037 -5.000000 -9.000000 -12.500000
0.000516 4.000000 9.000000 -12.000000
0.000234 4.500000 8.500000 -12.000000
0.000563 4.000000 8.500000 -12.000000
0.000415 3.500000 8.500000 -12.000000
0.000440 4.000000 8.000000 -12.000000
0.000533 3.500000 8.000000 -12.000000
0.000136 3.000000 8.000000 -12.000000
0.000498 3.500000 7.500000 -12.000000
0.000028 -4.500000 -10.000000 -12.500000
0.000052 -4.500000 -9.500000 -12.500000
0.000061 -4.500000 -9.000000 -12.500000
0.000062 -4.500000 -8.500000 -12.500000
0.000044 -4.500000 -8.000000 -12.500000
0.000020 -4.500000 -7.500000 -12.500000
0.000263 3.000000 7.500000 -12.000000
0.000246 3.500000 7.000000 -12.000000
0.000311 3.000000 7.000000 -12.000000
0.000036 2.500000 7.000000 -12.000000
0.000159 3.000000 6.500000 -12.000000
0.000057 2.500000 6.500000 -12.000000
0.000059 2.500000 6.000000 -12.000000
0.000023 -4.000000 -9.000000 -12.500000
0.000049 -4.000000 -8.500000 -12.500000
0.000062 -4.000000 -8.000000 -12.500000
0.000059 -4.000000 -7.500000 -12.500000
0.000034 -4.000000 -7.000000 -12.500000
0.000033 -3.500000 -7.500000 -12.500000
0.000042 -3.500000 -7.000000 -12.500000
0.000035 -3.500000 -6.500000 -12.500000
0.000035 3.000000 5.500000 -12.500000
0.000200 3.000000 6.000000 -12.500000
0.000180 3.500000 6.500000 -12.500000
0.000046 4.000000 7.000000 -12.500000
0.000050 2.500000 7.500000 -12.500000
0.000277 4.000000 7.500000 -12.500000
0.000101 3.000000 8.500000 -12.500000
0.000060 4.500000 8.000000 -12.500000
0.000324 3.500000 9.000000 -12.500000
0.000034 5.000000 9.000000 -12.500000
0.000086 3.500000 9.500000 -12.500000
0.000195 4.000000 10.000000 -12.500000
0.000333 4.500000 10.000000 -12.500000
0.000046 4.000000 10.500000 -12.500000
0.000202 4.500000 10.500000 -12.500000
0.000074 4.500000 11.000000 -12.500000
0.000117 5.000000 11.000000 -12.500000
0.000050 5.000000 11.500000 -12.500000
0.000021 5.500000 12.000000 -12.500000
0.000036 5.500000 12.000000 -12.000000
0.000032 6.000000 12.000000 -11.500000
0.000045 5.500000 12.000000 -11.500000
0.000025 6.000000 12.000000 -12.000000
0.000046 5.500000 11.500000 -12.500000
0.000048 5.500000 12.000000 -11.000000
0.000040 6.000000 12.000000 -9.500000
0.000025 6.000000 12.000000 -8.500000
0.000023 6.500000 12.000000 -9.000000
0.000034 6.000000 12.000000 -9.000000
0.000023 6.500000 12.000000 -9.500000
0.000029 5.500000 12.000000 -9.500000
0.000043 6.000000 12.000000 -10.000000
0.000038 5.500000 12.000000 -10.000000
0.000041 6.000000 12.000000 -10.500000
0.000046 5.500000 12.000000 -10.500000
0.000038 6.000000 12.000000 -11.000000
0.000060 5.500000 11.000000 -12.500000
0.000024 -5.500000 -11.000000 -13.000000
0.000029 -5.500000 -10.500000 -13.000000
0.000021 -5.500000 -10.000000 -13.000000
0.000049 5.500000 10.500000 -12.500000
0.000173 5.000000 10.500000 -12.500000
0.000193 5.000000 10.000000 -12.500000
0.000126 5.000000 9.500000 -12.500000
0.000397 4.500000 9.500000 -12.500000
0.000435 4.000000 9.500000 -12.500000
0.000404 4.500000 9.000000 -12.500000
0.000041 -5.000000 -10.500000 -13.000000
0.000052 -5.000000 -10.000000 -13.000000
0.000056 -5.000000 -9.500000 -13.000000
0.000043 -5.000000 -9.000000 -13.000000
0.000021 -5.000000 -8.500000 -13.000000
0.000612 4.000000 9.000000 -12.500000
0.000233 4.500000 8.500000 -12.500000
0.000655 4.000000 8.500000 -12.500000
0.000653 3.500000 8.500000 -12.500000
0.000588 4.000000 8.000000 -12.500000
0.000043 -4.500000 -10.000000 -13.000000
0.000072 -4.500000 -9.500000 -13.000000
0.000090 -4.500000 -9.000000 -13.000000
0.000094 -4.500000 -8.500000 -13.000000
0.000072 -4.500000 -8.000000 -13.000000
0.000033 -4.500000 -7.500000 -13.000000
0.000799 3.500000 8.000000 -12.500000
0.000317 3.000000 8.000000 -12.500000
0.000798 3.500000 7.500000 -12.500000
0.000573 3.000000 7.500000 -12.500000
0.000494 3.500000 7.000000 -12.500000
0.000696 3.000000 7.000000 -12.500000
0.000053 -4.000000 -9.000000 -13.000000
0.000105 -4.000000 -8.500000 -13.000000
0.000125 -4.000000 -8.000000 -13.000000
0.000124 -4.000000 -7.500000 -13.000000
0.000080 -4.000000 -7.000000 -13.000000
0.000033 -4.000000 -6.500000 -13.000000
0.000151 2.500000 7.000000 -12.500000
0.000533 3.000000 6.500000 -12.500000
0.000283 2.500000 6.500000 -12.500000
0.000306 2.500000 6.000000 -12.500000
0.000034 2.000000 6.000000 -12.500000
0.000120 2.500000 5.500000 -12.500000
0.000048 -3.500000 -8.000000 -13.000000
0.000099 -3.500000 -7.500000 -13.000000
0.000124 -3.500000 -7.000000 -13.000000
0.000117 -3.500000 -6.500000 -13.000000
0.000063 -3.500000 -6.000000 -13.000000
0.000061 2.000000 5.500000 -12.500000
0.000033 2.500000 5.000000 -12.500000
0.000064 2.000000 5.000000 -12.500000
0.000031 -3.000000 -7.000000 -13.000000
0.000066 -3.000000 -6.500000 -13.000000
0.000088 -3.000000 -6.000000 -13.000000
0.000070 -3.000000 -5.500000 -13.000000
0.000023 -3.000000 -5.000000 -13.000000
0.000030 -2.500000 -5.500000 -13.000000
0.000041 -2.500000 -5.000000 -13.000000
0.000032 -2.500000 -4.500000 -13.000000
0.000032 1.000000 3.000000 -13.000000
0.000027 1.000000 3.500000 -13.000000
0.000041 1.500000 3.500000 -13.000000
0.000098 1.500000 4.000000 -13.000000
0.000045 2.000000 4.000000 -13.000000
0.000038 2.500000 4.500000 -13.000000
0.000145 2.000000 4.500000 -13.000000
0.000374 2.000000 5.000000 -13.000000
0.000154 3.000000 5.500000 -13.000000
0.000564 2.500000 5.500000 -13.000000
0.000027 3.500000 6.000000 -13.000000
0.000554 3.000000 6.000000 -13.000000
0.000303 3.500000 6.500000 -13.000000
0.000046 4.000000 7.000000 -13.000000
0.000128 2.500000 7.500000 -13.000000
0.000304 4.000000 7.500000 -13.000000
0.000037 4.500000 8.000000 -13.000000
0.000162 3.000000 8.500000 -13.000000
0.000022 3.000000 9.000000 -13.000000
0.000412 3.500000 9.000000 -13.000000
0.000463 4.000000 9.500000 -13.000000
0.000210 4.000000 10.000000 -13.000000
0.000049 4.000000 10.500000 -13.000000
0.000179 4.500000 10.500000 -13.000000
0.000060 4.500000 11.000000 -13.000000
0.000033 5.000000 11.500000 -13.000000
0.000025 6.000000 12.500000 -10.500000
0.000022 6.000000 12.500000 -11.000000
0.000026 6.000000 12.500000 -10.000000
0.000024 6.000000 12.500000 -9.500000
0.000032 5.500000 11.500000 -13.000000
0.000039 5.500000 11.000000 -13.000000
0.000087 5.000000 11.000000 -13.000000
0.000021 -5.500000 -10.500000 -13.500000
0.000027 5.500000 10.500000 -13.000000
0.000135 5.000000 10.500000 -13.000000
0.000149 5.000000 10.000000 -13.000000
0.000310 4.500000 10.000000 -13.000000
0.000087 5.000000 9.500000 -13.000000
0.000375 4.500000 9.500000 -13.000000
0.000112 3.500000 9.500000 -13.000000
0.000375 4.500000 9.000000 -13.000000
0.000037 -5.000000 -10.500000 -13.500000
0.000048 -5.000000 -10.000000 -13.500000
0.000055 -5.000000 -9.500000 -13.500000
0.000041 -5.000000 -9.000000 -13.500000
0.000670 4.000000 9.000000 -13.000000
0.000198 4.500000 8.500000 -13.000000
0.000736 4.000000 8.500000 -13.000000
0.000819 3.500000 8.500000 -13.000000
0.000629 4.000000 8.000000 -13.000000
0.000020 -4.500000 -10.500000 -13.500000
0.000051 -4.500000 -10.000000 -13.500000
0.000086 -4.500000 -9.500000 -13.500000
0.000111 -4.500000 -9.000000 -13.500000
0.000117 -4.500000 -8.500000 -13.500000
0.000084 -4.500000 -8.000000 -13.500000
0.000036 -4.500000 -7.500000 -13.500000
0.001004 3.500000 8.000000 -13.000000
0.000527 3.000000 8.000000 -13.000000
0.001001 3.500000 7.500000 -13.000000
0.000966 3.000000 7.500000 -13.000000
0.000715 3.500000 7.000000 -13.000000
0.000054 -4.000000 -6.500000 -13.500000
0.000031 -4.000000 -9.500000 -13.500000
0.000086 -4.000000 -9.000000 -13.500000
0.000151 -4.000000 -8.500000 -13.500000
0.000183 -4.000000 -8.000000 -13.500000
0.000186 -4.000000 -7.500000 -13.500000
0.000133 -4.000000 -7.000000 -13.500000
0.001117 3.000000 7.000000 -13.000000
0.000420 2.500000 7.000000 -13.000000
0.000998 3.000000 6.500000 -13.000000
0.000779 2.500000 6.500000 -13.000000
0.000057 2.000000 6.500000 -13.000000
0.000881 2.500000 6.000000 -13.000000
0.000034 -3.500000 -8.500000 -13.500000
0.000107 -3.500000 -8.000000 -13.500000
0.000206 -3.500000 -7.500000 -13.500000
0.000248 -3.500000 -7.000000 -13.500000
0.000245 -3.500000 -6.500000 -13.500000
0.000151 -3.500000 -6.000000 -13.500000
0.000056 -3.500000 -5.500000 -13.500000
0.000189 2.000000 6.000000 -13.000000
0.000025 -3.000000 -7.500000 -13.500000
0.000090 -3.000000 -7.000000 -13.500000
0.000203 -3.000000 -6.500000 -13.500000
0.000262 -3.000000 -6.000000 -13.500000
0.000249 -3.000000 -5.500000 -13.500000
0.000125 -3.000000 -5.000000 -13.500000
0.000035 -3.000000 -4.500000 -13.500000
0.000347 2.000000 5.500000 -13.000000
0.000214 2.500000 5.000000 -13.000000
0.000043 1.500000 5.000000 -13.000000
0.000060 -2.500000 -6.000000 -13.500000
0.000151 -2.500000 -5.500000 -13.500000
0.000204 -2.500000 -5.000000 -13.500000
0.000187 -2.500000 -4.500000 -13.500000
0.000064 -2.500000 -4.000000 -13.500000
0.000025 -2.000000 -5.000000 -13.500000
0.000089 -2.000000 -4.500000 -13.500000
0.000124 -2.000000 -4.000000 -13.500000
0.000111 -2.000000 -3.500000 -13.500000
0.000031 -2.000000 -3.000000 -13.500000
0.000048 -1.500000 -3.500000 -13.500000
0.000084 -1.500000 -3.000000 -13.500000
0.000079 -1.500000 -2.500000 -13.500000
0.000087 1.500000 4.500000 -13.000000
0.000067 -1.000000 -2.000000 -13.500000
0.000082 -1.000000 -1.500000 -13.500000
0.000030 -1.000000 -1.000000 -13.500000
0.000054 -0.500000 0.000000 -13.500000
0.000036 -0.500000 -1.000000 -13.500000
0.000023 0.000000 1.500000 -13.500000
0.000080 -0.500000 -0.500000 -13.500000
0.000075 0.000000 0.500000 -13.500000
0.000075 0.000000 1.000000 -13.500000
0.000108 0.500000 2.000000 -13.500000
0.000030 0.500000 1.000000 -13.500000
0.000119 1.000000 2.500000 -13.500000
0.000075 0.500000 2.500000 -13.500000
0.000081 0.500000 1.500000 -13.500000
0.000054 1.000000 2.000000 -13.500000
0.000113 1.500000 3.000000 -13.500000
0.000219 1.000000 3.000000 -13.500000
0.000048 2.000000 3.500000 -13.500000
0.000269 1.500000 3.500000 -13.500000
0.000194 1.000000 3.500000 -13.500000
0.000078 1.000000 4.000000 -13.500000
0.000272 2.000000 4.000000 -13.500000
0.000665 2.000000 4.500000 -13.500000
0.000153 2.500000 4.500000 -13.500000
0.000260 1.500000 5.000000 -13.500000
0.000062 1.500000 5.500000 -13.500000
0.000343 3.000000 5.500000 -13.500000
0.000035 3.500000 6.000000 -13.500000
0.000166 2.000000 6.500000 -13.500000
0.000373 3.500000 6.500000 -13.500000
0.000029 4.000000 7.000000 -13.500000
0.000222 2.500000 7.500000 -13.500000
0.000021 2.500000 8.000000 -13.500000
0.000272 4.000000 7.500000 -13.500000
0.000219 3.000000 8.500000 -13.500000
0.000722 4.000000 8.500000 -13.500000
0.000026 3.000000 9.000000 -13.500000
0.000441 3.500000 9.000000 -13.500000
0.000422 4.000000 9.500000 -13.500000
0.000051 5.000000 9.500000 -13.500000
0.000185 4.000000 10.000000 -13.500000
0.000041 4.000000 10.500000 -13.500000
0.000127 4.500000 10.500000 -13.500000
0.000039 4.500000 11.000000 -13.500000
0.000020 5.500000 11.000000 -13.500000
0.000051 5.000000 11.000000 -13.500000
0.000086 5.000000 10.500000 -13.500000
0.000097 5.000000 10.000000 -13.500000
0.000237 4.500000 10.000000 -13.500000
0.000300 4.500000 9.500000 -13.500000
0.000027 -5.000000 -10.500000 -14.000000
0.000039 -5.000000 -10.000000 -14.000000
0.000043 -5.000000 -9.500000 -14.000000
0.000031 -5.000000 -9.000000 -14.000000
0.000121 3.500000 9.500000 -13.500000
0.000301 4.500000 9.000000 -13.500000
0.000638 4.000000 9.000000 -13.500000
0.000145 4.500000 8.500000 -13.500000
0.000048 -4.500000 -10.000000 -14.000000
0.000080 -4.500000 -9.500000 -14.000000
0.000105 -4.500000 -9.000000 -14.000000
0.000115 -4.500000 -8.500000 -14.000000
0.000079 -4.500000 -8.000000 -14.000000
0.000026 -4.500000 -7.500000 -14.000000
0.000884 3.500000 8.500000 -13.500000
0.000595 4.000000 8.000000 -13.500000
0.001114 3.500000 8.000000 -13.500000
0.000678 3.000000 8.000000 -13.500000
0.001143 3.500000 7.500000 -13.500000
0.001264 3.000000 7.500000 -13.500000
0.000825 3.500000 7.000000 -13.500000
0.000041 -4.000000 -9.500000 -14.000000
0.000108 -4.000000 -9.000000 -14.000000
0.000181 -4.000000 -8.500000 -14.000000
0.000224 -4.000000 -8.000000 -14.000000
0.000229 -4.000000 -7.500000 -14.000000
0.000153 -4.000000 -7.000000 -14.000000
0.000058 -4.000000 -6.500000 -14.000000
0.001486 3.000000 7.000000 -13.500000
0.000749 2.500000 7.000000 -13.500000
0.001417 3.000000 6.500000 -13.500000
0.001413 2.500000 6.500000 -13.500000
0.000927 3.000000 6.000000 -13.500000
0.000059 -3.500000 -8.500000 -14.000000
0.000168 -3.500000 -8.000000 -14.000000
0.000300 -3.500000 -7.500000 -14.000000
0.000364 -3.500000 -7.000000 -14.000000
0.000367 -3.500000 -6.500000 -14.000000
0.000249 -3.500000 -6.000000 -14.000000
0.000092 -3.500000 -5.500000 -14.000000
0.001602 2.500000 6.000000 -13.500000
0.000597 2.000000 6.000000 -13.500000
0.001255 2.500000 5.500000 -13.500000
0.000058 -3.000000 -7.500000 -14.000000
0.000203 -3.000000 -7.000000 -14.000000
0.000414 -3.000000 -6.500000 -14.000000
0.000515 -3.000000 -6.000000 -14.000000
0.000505 -3.000000 -5.500000 -14.000000
0.000290 -3.000000 -5.000000 -14.000000
0.000095 -3.000000 -4.500000 -14.000000
0.001097 2.000000 5.500000 -13.500000
0.000666 2.500000 5.000000 -13.500000
0.001195 2.000000 5.000000 -13.500000
0.000514 1.500000 4.500000 -13.500000
0.000030 -2.500000 -6.500000 -14.000000
0.000171 -2.500000 -6.000000 -14.000000
0.000416 -2.500000 -5.500000 -14.000000
0.000568 -2.500000 -5.000000 -14.000000
0.000565 -2.500000 -4.500000 -14.000000
0.000282 -2.500000 -4.000000 -14.000000
0.000076 -2.500000 -3.500000 -14.000000
0.000107 -2.000000 -5.000000 -14.000000
0.000366 -2.000000 -4.500000 -14.000000
0.000544 -2.000000 -4.000000 -14.000000
0.000541 -2.000000 -3.500000 -14.000000
0.000168 -1.500000 -2.000000 -14.000000
0.000228 -1.500000 -3.500000 -14.000000
0.000496 -1.500000 -3.000000 -14.000000
0.000500 -1.500000 -2.500000 -14.000000
0.000214 -2.000000 -3.000000 -14.000000
0.000042 -2.000000 -2.500000 -14.000000
0.000559 1.500000 4.000000 -13.500000
0.000060 -1.000000 -2.500000 -14.000000
0.000380 -1.000000 -2.000000 -14.000000
0.000515 -1.000000 -1.500000 -14.000000
0.000244 -1.000000 -1.000000 -14.000000
0.000044 -0.500000 0.500000 -14.000000
0.000386 -0.500000 0.000000 -14.000000
0.000197 -0.500000 -1.000000 -14.000000
0.000194 0.000000 1.500000 -14.000000
0.000456 0.000000 0.500000 -14.000000
0.000481 0.000000 1.000000 -14.000000
0.000492 -0.500000 -0.500000 -14.000000
0.000652 0.500000 2.000000 -14.000000
0.000115 0.000000 0.000000 -14.000000
0.000174 0.500000 1.000000 -14.000000
0.000479 0.500000 1.500000 -14.000000
0.000634 1.000000 2.500000 -14.000000
0.000508 0.500000 2.500000 -14.000000
0.000054 1.000000 1.500000 -14.000000
0.000095 0.500000 3.000000 -14.000000
0.000519 1.500000 3.000000 -14.000000
0.001094 1.000000 3.000000 -14.000000
0.000177 2.000000 3.500000 -14.000000
0.000791 2.000000 4.000000 -14.000000
0.000329 2.500000 4.500000 -14.000000
0.000030 3.000000 5.000000 -14.000000
0.001146 2.500000 5.000000 -14.000000
0.000439 3.000000 5.500000 -14.000000
0.001980 2.500000 5.500000 -14.000000
0.000032 3.500000 6.000000 -14.000000
0.001103 3.000000 6.000000 -14.000000
0.000340 3.500000 6.500000 -14.000000
0.001695 3.000000 6.500000 -14.000000
0.000020 4.000000 7.000000 -14.000000
0.000812 3.500000 7.000000 -14.000000
0.000209 4.000000 7.500000 -14.000000
0.000028 2.500000 8.000000 -14.000000
0.000249 3.000000 8.500000 -14.000000
0.000032 3.000000 9.000000 -14.000000
0.000093 4.500000 8.500000 -14.000000
0.000205 4.500000 9.000000 -14.000000
0.000311 4.000000 9.500000 -14.000000
0.000132 4.000000 10.000000 -14.000000
0.000027 4.000000 10.500000 -14.000000
0.000069 4.500000 10.500000 -14.000000
0.000024 5.000000 11.000000 -14.000000
0.000044 5.000000 10.500000 -14.000000
0.000052 5.000000 10.000000 -14.000000
0.000142 4.500000 10.000000 -14.000000
0.000027 5.000000 9.500000 -14.000000
0.000024 -5.000000 -10.000000 -14.500000
0.000025 -5.000000 -9.500000 -14.500000
0.000199 4.500000 9.500000 -14.000000
0.000117 3.500000 9.500000 -14.000000
0.000499 4.000000 9.000000 -14.000000
0.000033 -4.500000 -10.000000 -14.500000
0.000061 -4.500000 -9.500000 -14.500000
0.000084 -4.500000 -9.000000 -14.500000
0.000092 -4.500000 -8.500000 -14.500000
0.000064 -4.500000 -8.000000 -14.500000
0.000406 3.500000 9.000000 -14.000000
0.000593 4.000000 8.500000 -14.000000
0.000831 3.500000 8.500000 -14.000000
0.000511 4.000000 8.000000 -14.000000
0.001105 3.500000 8.000000 -14.000000
0.000747 3.000000 8.000000 -14.000000
0.001156 3.500000 7.500000 -14.000000
0.000042 -4.000000 -9.500000 -14.500000
0.000103 -4.000000 -9.000000 -14.500000
0.000171 -4.000000 -8.500000 -14.500000
0.000217 -4.000000 -8.000000 -14.500000
0.000228 -4.000000 -7.500000 -14.500000
0.000146 -4.000000 -7.000000 -14.500000
0.000042 -4.000000 -6.500000 -14.500000
0.001415 3.000000 7.500000 -14.000000
0.000316 2.500000 7.500000 -14.000000
0.001693 3.000000 7.000000 -14.000000
0.001011 2.500000 7.000000 -14.000000
0.000273 -3.500000 -6.000000 -14.500000
0.000022 -3.500000 -9.000000 -14.500000
0.000078 -3.500000 -8.500000 -14.500000
0.000211 -3.500000 -8.000000 -14.500000
0.000362 -3.500000 -7.500000 -14.500000
0.000439 -3.500000 -7.000000 -14.500000
0.000441 -3.500000 -6.500000 -14.500000
0.000093 -3.500000 -5.500000 -14.500000
0.001909 2.500000 6.500000 -14.000000
0.000302 2.000000 6.500000 -14.000000
0.002203 2.500000 6.000000 -14.000000
0.001072 2.000000 6.000000 -14.000000
0.000434 -3.000000 -5.000000 -14.500000
0.000108 -3.000000 -7.500000 -14.500000
0.000325 -3.000000 -7.000000 -14.500000
0.000591 -3.000000 -6.500000 -14.500000
0.000703 -3.000000 -6.000000 -14.500000
0.000689 -3.000000 -5.500000 -14.500000
0.000148 -3.000000 -4.500000 -14.500000
0.002032 2.000000 5.500000 -14.000000
0.000188 1.500000 5.500000 -14.000000
0.002270 2.000000 5.000000 -14.000000
0.000567 -2.500000 -4.000000 -14.500000
0.000094 -2.500000 -6.500000 -14.500000
0.000356 -2.500000 -6.000000 -14.500000
0.000782 -2.500000 -5.500000 -14.500000
0.001034 -2.500000 -5.000000 -14.500000
0.001031 -2.500000 -4.500000 -14.500000
0.000172 -2.500000 -3.500000 -14.500000
0.000778 1.500000 5.000000 -14.000000
0.001556 2.000000 4.500000 -14.000000
0.001558 1.500000 4.500000 -14.000000
0.000619 -2.000000 -3.000000 -14.500000
0.000301 -2.000000 -5.000000 -14.500000
0.000865 -2.000000 -4.500000 -14.500000
0.001245 -2.000000 -4.000000 -14.500000
0.001284 -2.000000 -3.500000 -14.500000
0.000146 -2.000000 -2.500000 -14.500000
0.000075 -1.500000 -1.500000 -14.500000
0.000786 -1.500000 -2.000000 -14.500000
0.000058 -1.500000 -4.000000 -14.500000
0.000746 -1.500000 -3.500000 -14.500000
0.001543 -1.500000 -3.000000 -14.500000
0.000100 -1.000000 -0.500000 -14.500000
0.000230 -1.000000 -2.500000 -14.500000
0.001420 -1.000000 -2.000000 -14.500000
0.001993 -1.000000 -1.500000 -14.500000
0.001848 -0.500000 0.000000 -14.500000
0.000352 -0.500000 0.500000 -14.500000
0.001311 -1.000000 -1.000000 -14.500000
0.000781 -0.500000 -1.000000 -14.500000
0.001038 0.000000 1.500000 -14.500000
0.000059 0.000000 2.000000 -14.500000
0.002296 0.500000 2.000000 -14.500000
0.001869 1.000000 2.500000 -14.500000
0.001780 0.500000 2.500000 -14.500000
0.000177 1.000000 1.500000 -14.500000
0.000403 0.500000 3.000000 -14.500000
0.001218 1.500000 3.000000 -14.500000
0.002819 1.000000 3.000000 -14.500000
0.002407 1.000000 3.500000 -14.500000
0.000339 2.000000 3.500000 -14.500000
0.002331 1.500000 3.500000 -14.500000
0.003186 1.500000 4.000000 -14.500000
0.000125 1.000000 4.500000 -14.500000
0.000421 2.500000 4.500000 -14.500000
0.003104 2.000000 5.000000 -14.500000
0.000030 3.000000 5.000000 -14.500000
0.000350 1.500000 5.500000 -14.500000
0.001416 2.000000 6.000000 -14.500000
0.000026 3.500000 6.000000 -14.500000
0.000422 2.000000 6.500000 -14.500000
0.000277 3.500000 6.500000 -14.500000
0.000020 2.000000 7.000000 -14.500000
0.000733 3.500000 7.000000 -14.500000
0.000044 2.500000 8.000000 -14.500000
0.000736 3.000000 8.000000 -14.500000
0.000374 4.000000 8.000000 -14.500000
0.000051 4.500000 8.500000 -14.500000
0.000036 3.000000 9.000000 -14.500000
0.000114 4.500000 9.000000 -14.500000
0.000184 4.000000 9.500000 -14.500000
0.000072 4.000000 10.000000 -14.500000
0.000027 4.500000 10.500000 -14.500000
0.000021 5.000000 10.000000 -14.500000
0.000068 4.500000 10.000000 -14.500000
0.000106 4.500000 9.500000 -14.500000
0.000093 3.500000 9.500000 -14.500000
0.000313 4.000000 9.000000 -14.500000
0.000036 -4.500000 -9.500000 -15.000000
0.000050 -4.500000 -9.000000 -15.000000
0.000055 -4.500000 -8.500000 -15.000000
0.000035 -4.500000 -8.000000 -15.000000
0.000309 3.500000 9.000000 -14.500000
0.000398 4.000000 8.500000 -14.500000
0.000628 3.500000 8.500000 -14.500000
0.000249 3.000000 8.500000 -14.500000
0.000920 3.500000 8.000000 -14.500000
0.000146 4.000000 7.500000 -14.500000
0.001027 3.500000 7.500000 -14.500000
0.000186 -4.000000 -7.500000 -15.000000
0.000031 -4.000000 -9.500000 -15.000000
0.000076 -4.000000 -9.000000 -15.000000
0.000130 -4.000000 -8.500000 -15.000000
0.000175 -4.000000 -8.000000 -15.000000
0.000119 -4.000000 -7.000000 -15.000000
0.000029 -4.000000 -6.500000 -15.000000
0.001392 3.000000 7.500000 -14.500000
0.000379 2.500000 7.500000 -14.500000
0.001697 3.000000 7.000000 -14.500000
0.000025 -3.500000 -9.000000 -15.000000
0.000084 -3.500000 -8.500000 -15.000000
0.000210 -3.500000 -8.000000 -15.000000
0.000347 -3.500000 -7.500000 -15.000000
0.000419 -3.500000 -7.000000 -15.000000
0.000426 -3.500000 -6.500000 -15.000000
0.000254 -3.500000 -6.000000 -15.000000
0.000068 -3.500000 -5.500000 -15.000000
0.001141 2.500000 7.000000 -14.500000
0.001716 3.000000 6.500000 -14.500000
0.002101 2.500000 6.500000 -14.500000
0.001093 3.000000 6.000000 -14.500000
0.002437 2.500000 6.000000 -14.500000
0.000408 3.000000 5.500000 -14.500000
0.002329 2.500000 5.500000 -14.500000
0.000034 -3.000000 -8.000000 -15.000000
0.000146 -3.000000 -7.500000 -15.000000
0.000389 -3.000000 -7.000000 -15.000000
0.000656 -3.000000 -6.500000 -15.000000
0.000772 -3.000000 -6.000000 -15.000000
0.000768 -3.000000 -5.500000 -15.000000
0.000454 -3.000000 -5.000000 -15.000000
0.000139 -3.000000 -4.500000 -15.000000
0.002684 2.000000 5.500000 -14.500000
0.001354 2.500000 5.000000 -14.500000
0.000722 -2.500000 -4.000000 -15.000000
0.000163 -2.500000 -6.500000 -15.000000
0.000548 -2.500000 -6.000000 -15.000000
0.001052 -2.500000 -5.500000 -15.000000
0.001306 -2.500000 -5.000000 -15.000000
0.001268 -2.500000 -4.500000 -15.000000
0.000216 -2.500000 -3.500000 -15.000000
0.001357 1.500000 5.000000 -14.500000
0.002494 2.000000 4.500000 -14.500000
0.002745 1.500000 4.500000 -14.500000
0.001360 2.000000 4.000000 -14.500000
0.000983 -2.000000 -3.000000 -15.000000
0.000084 -2.000000 -5.500000 -15.000000
0.000625 -2.000000 -5.000000 -15.000000
0.001456 -2.000000 -4.500000 -15.000000
0.001899 -2.000000 -4.000000 -15.000000
0.001964 -2.000000 -3.500000 -15.000000
0.000248 -2.000000 -2.500000 -15.000000
0.000179 -1.500000 -1.500000 -15.000000
0.001436 -1.500000 -2.000000 -15.000000
0.000254 -1.500000 -4.000000 -15.000000
0.001571 -1.500000 -3.500000 -15.000000
0.002815 -1.500000 -3.000000 -15.000000
0.000350 -1.000000 -0.500000 -15.000000
0.004241 -1.000000 -1.500000 -15.000000
0.000712 -1.000000 -2.500000 -15.000000
0.000048 -0.500000 1.000000 -15.000000
0.001151 -0.500000 0.500000 -15.000000
0.004336 -0.500000 0.000000 -15.000000
0.003094 -1.000000 -2.000000 -15.000000
0.002990 -1.000000 -1.000000 -15.000000
0.001898 -0.500000 -1.000000 -15.000000
0.002538 0.000000 1.500000 -15.000000
0.004566 0.000000 1.000000 -15.000000
0.003992 0.000000 0.500000 -15.000000
0.000245 0.000000 2.000000 -15.000000
0.004494 0.500000 2.000000 -15.000000
0.001425 0.500000 1.000000 -15.000000
0.000195 0.500000 0.500000 -15.000000
0.003345 1.000000 2.500000 -15.000000
0.003364 0.500000 2.500000 -15.000000
0.000877 0.500000 3.000000 -15.000000
0.001811 1.500000 3.000000 -15.000000
0.004515 1.000000 3.000000 -15.000000
0.000047 0.500000 3.500000 -15.000000
0.000452 2.000000 3.500000 -15.000000
0.003323 1.500000 3.500000 -15.000000
0.000025 2.500000 4.000000 -15.000000
0.000277 1.000000 4.500000 -15.000000
0.000419 2.500000 4.500000 -15.000000
0.003272 2.000000 5.000000 -15.000000
0.000027 3.000000 5.000000 -15.000000
0.000478 1.500000 5.500000 -15.000000
0.002326 2.500000 5.500000 -15.000000
0.000348 3.000000 5.500000 -15.000000
0.001527 2.000000 6.000000 -15.000000
0.000995 3.000000 6.000000 -15.000000
0.000202 3.500000 6.500000 -15.000000
0.001555 3.000000 6.500000 -15.000000
0.001483 3.000000 7.000000 -15.000000
0.000403 2.500000 7.500000 -15.000000
0.000090 4.000000 7.500000 -15.000000
0.000059 2.500000 8.000000 -15.000000
0.000219 4.000000 8.000000 -15.000000
0.000022 4.500000 8.500000 -15.000000
0.000031 3.000000 9.000000 -15.000000
0.000047 4.500000 9.000000 -15.000000
0.000085 4.000000 9.500000 -15.000000
0.000025 4.000000 10.000000 -15.000000
0.000025 4.500000 10.000000 -15.000000
0.000041 4.500000 9.500000 -15.000000
0.000049 3.500000 9.500000 -15.000000
0.000165 4.000000 9.000000 -15.000000
0.000022 -4.500000 -9.500000 -15.500000
0.000023 -4.500000 -9.000000 -15.500000
0.000023 -4.500000 -8.500000 -15.500000
0.000183 3.500000 9.000000 -15.000000
0.000219 4.000000 8.500000 -15.000000
0.000386 3.500000 8.500000 -15.000000
0.000201 3.000000 8.500000 -15.000000
0.000590 3.500000 8.000000 -15.000000
0.000043 -4.000000 -9.000000 -15.500000
0.000073 -4.000000 -8.500000 -15.500000
0.000103 -4.000000 -8.000000 -15.500000
0.000109 -4.000000 -7.500000 -15.500000
0.000067 -4.000000 -7.000000 -15.500000
0.000581 3.000000 8.000000 -15.000000
0.000718 3.500000 7.500000 -15.000000
0.001104 3.000000 7.500000 -15.000000
0.000578 3.500000 7.000000 -15.000000
0.000021 -3.500000 -9.000000 -15.500000
0.000068 -3.500000 -8.500000 -15.500000
0.000156 -3.500000 -8.000000 -15.500000
0.000257 -3.500000 -7.500000 -15.500000
0.000321 -3.500000 -7.000000 -15.500000
0.000332 -3.500000 -6.500000 -15.500000
0.000198 -3.500000 -6.000000 -15.500000
0.000046 -3.500000 -5.500000 -15.500000
0.001147 2.500000 7.000000 -15.000000
0.000055 2.000000 7.000000 -15.000000
0.002068 2.500000 6.500000 -15.000000
0.000496 2.000000 6.500000 -15.000000
0.000111 -3.000000 -4.500000 -15.500000
0.000038 -3.000000 -8.000000 -15.500000
0.000155 -3.000000 -7.500000 -15.500000
0.000374 -3.000000 -7.000000 -15.500000
0.000613 -3.000000 -6.500000 -15.500000
0.000725 -3.000000 -6.000000 -15.500000
0.000726 -3.000000 -5.500000 -15.500000
0.000421 -3.000000 -5.000000 -15.500000
0.002401 2.500000 6.000000 -15.000000
0.002814 2.000000 5.500000 -15.000000
0.001347 2.500000 5.000000 -15.000000
0.000204 -2.500000 -3.500000 -15.500000
0.001286 -2.500000 -4.500000 -15.500000
0.001330 -2.500000 -5.000000 -15.500000
0.000037 -2.500000 -7.000000 -15.500000
0.000212 -2.500000 -6.500000 -15.500000
0.000616 -2.500000 -6.000000 -15.500000
0.001113 -2.500000 -5.500000 -15.500000
0.000720 -2.500000 -4.000000 -15.500000
0.001720 1.500000 5.000000 -15.000000
0.002881 2.000000 4.500000 -15.000000
0.000274 -2.000000 -2.500000 -15.500000
0.002076 -2.000000 -3.500000 -15.500000
0.002139 -2.000000 -4.000000 -15.500000
0.000210 -2.000000 -5.500000 -15.500000
0.000849 -2.000000 -5.000000 -15.500000
0.001705 -2.000000 -4.500000 -15.500000
0.001068 -2.000000 -3.000000 -15.500000
0.003428 1.500000 4.500000 -15.000000
0.001627 2.000000 4.000000 -15.000000
0.004098 1.500000 4.000000 -15.000000
0.001574 -1.500000 -2.000000 -15.500000
0.003533 -1.500000 -3.000000 -15.500000
0.000636 -1.500000 -4.000000 -15.500000
0.000022 -1.000000 0.000000 -15.500000
0.000473 -1.000000 -0.500000 -15.500000
0.003747 -1.000000 -1.000000 -15.500000
0.002366 -1.500000 -3.500000 -15.500000
0.003623 -1.500000 -2.500000 -15.500000
0.005987 -1.000000 -1.500000 -15.500000
0.000113 -0.500000 1.000000 -15.500000
0.001483 -1.000000 -2.500000 -15.500000
0.001711 -0.500000 0.500000 -15.500000
0.006307 -0.500000 0.000000 -15.500000
0.000127 -0.500000 -1.500000 -15.500000
0.003235 -0.500000 -1.000000 -15.500000
0.003655 0.000000 1.500000 -15.500000
0.006617 0.000000 1.000000 -15.500000
0.000451 0.000000 2.000000 -15.500000
0.005806 0.500000 2.000000 -15.500000
0.004017 1.000000 2.500000 -15.500000
0.004237 0.500000 2.500000 -15.500000
0.001259 0.500000 3.000000 -15.500000
0.001905 1.500000 3.000000 -15.500000
0.005032 1.000000 3.000000 -15.500000
0.000117 0.500000 3.500000 -15.500000
0.000469 2.000000 3.500000 -15.500000
0.003511 1.500000 3.500000 -15.500000
0.001803 1.000000 4.000000 -15.500000
0.000025 2.500000 4.000000 -15.500000
0.001619 2.000000 4.000000 -15.500000
0.000400 1.000000 4.500000 -15.500000
0.003484 1.500000 4.500000 -15.500000
0.000397 2.500000 4.500000 -15.500000
0.003145 2.000000 5.000000 -15.500000
0.000021 3.000000 5.000000 -15.500000
0.000521 1.500000 5.500000 -15.500000
0.000256 3.000000 5.500000 -15.500000
0.002081 2.500000 5.500000 -15.500000
0.000775 3.000000 6.000000 -15.500000
0.000133 3.500000 6.500000 -15.500000
0.000083 2.000000 7.000000 -15.500000
0.000359 3.500000 7.000000 -15.500000
0.000043 4.000000 7.500000 -15.500000
0.000387 3.500000 7.500000 -15.500000
0.000093 4.000000 8.000000 -15.500000
0.000028 4.000000 9.500000 -15.500000
0.000061 4.000000 9.000000 -15.500000
0.000077 3.500000 9.000000 -15.500000
0.000090 4.000000 8.500000 -15.500000
0.000187 3.500000 8.500000 -15.500000
0.000020 -4.000000 -9.000000 -16.000000
0.000034 -4.000000 -8.500000 -16.000000
0.000041 -4.000000 -8.000000 -16.000000
0.000044 -4.000000 -7.500000 -16.000000
0.000023 -4.000000 -7.000000 -16.000000
0.000119 3.000000 8.500000 -15.500000
0.000312 3.500000 8.000000 -15.500000
0.000347 3.000000 8.000000 -15.500000
0.000058 2.500000 8.000000 -15.500000
0.000673 3.000000 7.500000 -15.500000
0.000023 -3.500000 -5.500000 -16.000000
0.000176 -3.500000 -7.000000 -16.000000
0.000038 -3.500000 -8.500000 -16.000000
0.000081 -3.500000 -8.000000 -16.000000
0.000134 -3.500000 -7.500000 -16.000000
0.000181 -3.500000 -6.500000 -16.000000
0.000106 -3.500000 -6.000000 -16.000000
0.000342 2.500000 7.500000 -15.500000
0.000965 3.000000 7.000000 -15.500000
0.000932 2.500000 7.000000 -15.500000
0.001103 3.000000 6.500000 -15.500000
0.000038 -3.000000 -8.000000 -16.000000
0.000122 -3.000000 -7.500000 -16.000000
0.000263 -3.000000 -7.000000 -16.000000
0.000425 -3.000000 -6.500000 -16.000000
0.000522 -3.000000 -6.000000 -16.000000
0.000535 -3.000000 -5.500000 -16.000000
0.000310 -3.000000 -5.000000 -16.000000
0.000073 -3.000000 -4.500000 -16.000000
0.001658 2.500000 6.500000 -15.500000
0.000525 2.000000 6.500000 -15.500000
0.002058 2.500000 6.000000 -15.500000
0.001491 2.000000 6.000000 -15.500000
0.000036 1.500000 6.000000 -15.500000
0.000051 -2.500000 -7.000000 -16.000000
0.000221 -2.500000 -6.500000 -16.000000
0.000589 -2.500000 -6.000000 -16.000000
0.001007 -2.500000 -5.500000 -16.000000
0.001183 -2.500000 -5.000000 -16.000000
0.001150 -2.500000 -4.500000 -16.000000
0.000630 -2.500000 -4.000000 -16.000000
0.000160 -2.500000 -3.500000 -16.000000
0.002696 2.000000 5.500000 -15.500000
0.001237 2.500000 5.000000 -15.500000
0.000265 -2.000000 -2.500000 -16.000000
0.001774 1.500000 5.000000 -15.500000
0.002899 2.000000 4.500000 -15.500000
0.000027 -2.000000 -6.000000 -16.000000
0.000283 -2.000000 -5.500000 -16.000000
0.000880 -2.000000 -5.000000 -16.000000
0.001669 -2.000000 -4.500000 -16.000000
0.002082 -2.000000 -4.000000 -16.000000
0.002017 -2.000000 -3.500000 -16.000000
0.003597 -1.500000 -2.500000 -16.000000
0.001538 -1.500000 -2.000000 -16.000000
0.000224 -1.500000 -1.500000 -16.000000
0.003537 -1.500000 -3.000000 -16.000000
0.000057 -1.500000 -4.500000 -16.000000
0.000024 -1.000000 0.000000 -16.000000
0.000956 -1.500000 -4.000000 -16.000000
0.000466 -1.000000 -0.500000 -16.000000
0.003702 -1.000000 -1.000000 -16.000000
0.000099 -1.000000 -3.000000 -16.000000
0.000132 -0.500000 1.000000 -16.000000
0.001733 -0.500000 0.500000 -16.000000
0.002156 -1.000000 -2.500000 -16.000000
0.006546 -0.500000 0.000000 -16.000000
0.004163 -0.500000 -1.000000 -16.000000
0.003790 0.000000 1.500000 -16.000000
0.006953 0.000000 1.000000 -16.000000
0.006471 0.000000 0.500000 -16.000000
0.000337 -0.500000 -1.500000 -16.000000
0.007555 -0.500000 -0.500000 -16.000000
0.000508 0.000000 2.000000 -16.000000
0.005871 0.500000 2.000000 -16.000000
0.004863 0.500000 1.500000 -16.000000
0.000028 0.000000 2.500000 -16.000000
0.004011 1.000000 2.500000 -16.000000
0.004276 0.500000 2.500000 -16.000000
0.000494 1.000000 1.500000 -16.000000
0.001358 0.500000 3.000000 -16.000000
0.001847 1.500000 3.000000 -16.000000
0.004973 1.000000 3.000000 -16.000000
0.003984 1.000000 3.500000 -16.000000
0.000458 2.000000 3.500000 -16.000000
0.003483 1.500000 3.500000 -16.000000
0.001809 1.000000 4.000000 -16.000000
0.000026 2.500000 4.000000 -16.000000
0.001493 2.000000 4.000000 -16.000000
0.003226 1.500000 4.500000 -16.000000
0.000312 2.500000 4.500000 -16.000000
0.002564 2.000000 5.000000 -16.000000
0.000510 1.500000 5.500000 -16.000000
0.000173 3.000000 5.500000 -16.000000
0.001434 2.500000 5.500000 -16.000000
0.000440 2.000000 6.500000 -16.000000
0.000072 3.500000 6.500000 -16.000000
0.000082 2.000000 7.000000 -16.000000
0.000153 3.500000 7.000000 -16.000000
0.000198 2.500000 7.500000 -16.000000
0.000043 2.500000 8.000000 -16.000000
0.000026 4.000000 8.000000 -16.000000
0.000024 4.000000 8.500000 -16.000000
0.000056 3.500000 8.500000 -16.000000
0.000049 3.000000 8.500000 -16.000000
0.000114 3.500000 8.000000 -16.000000
0.000147 3.000000 8.000000 -16.000000
0.000152 3.500000 7.500000 -16.000000
0.000030 -3.500000 -8.000000 -16.500000
0.000050 -3.500000 -7.500000 -16.500000
0.000064 -3.500000 -7.000000 -16.500000
0.000065 -3.500000 -6.500000 -16.500000
0.000034 -3.500000 -6.000000 -16.500000
0.000310 3.000000 7.500000 -16.000000
0.000481 3.000000 7.000000 -16.000000
0.000528 2.500000 7.000000 -16.000000
0.000576 3.000000 6.500000 -16.000000
0.000037 -3.000000 -4.500000 -16.500000
0.000024 -3.000000 -8.000000 -16.500000
0.000065 -3.000000 -7.500000 -16.500000
0.000130 -3.000000 -7.000000 -16.500000
0.000209 -3.000000 -6.500000 -16.500000
0.000265 -3.000000 -6.000000 -16.500000
0.000268 -3.000000 -5.500000 -16.500000
0.000155 -3.000000 -5.000000 -16.500000
0.000962 2.500000 6.500000 -16.000000
0.000487 3.000000 6.000000 -16.000000
0.001316 2.500000 6.000000 -16.000000
0.000089 -2.500000 -3.500000 -16.500000
0.000402 -2.500000 -4.000000 -16.500000
0.001169 2.000000 6.000000 -16.000000
0.000063 1.500000 6.000000 -16.000000
0.000054 -2.500000 -7.000000 -16.500000
0.000185 -2.500000 -6.500000 -16.500000
0.000402 -2.500000 -6.000000 -16.500000
0.000632 -2.500000 -5.500000 -16.500000
0.000734 -2.500000 -5.000000 -16.500000
0.000736 -2.500000 -4.500000 -16.500000
0.002078 2.000000 5.500000 -16.000000
0.000952 2.500000 5.000000 -16.000000
0.001625 -2.000000 -4.000000 -16.500000
0.001319 -2.000000 -4.500000 -16.500000
0.000062 -2.000000 -6.000000 -16.500000
0.000286 -2.000000 -5.500000 -16.500000
0.000768 -2.000000 -5.000000 -16.500000
0.001586 -2.000000 -3.500000 -16.500000
0.000840 -2.000000 -3.000000 -16.500000
0.000223 -2.000000 -2.500000 -16.500000
0.001664 1.500000 5.000000 -16.000000
0.002592 2.000000 4.500000 -16.000000
0.000427 1.000000 4.500000 -16.000000
0.000199 -1.500000 -1.500000 -16.500000
0.003124 -1.500000 -2.500000 -16.500000
0.000025 -1.000000 0.000000 -16.500000
0.000154 -1.500000 -4.500000 -16.500000
0.001022 -1.500000 -4.000000 -16.500000
0.002397 -1.500000 -3.500000 -16.500000
0.003124 -1.500000 -3.000000 -16.500000
0.001280 -1.500000 -2.000000 -16.500000
0.000416 -1.000000 -0.500000 -16.500000
0.005876 -1.000000 -1.500000 -16.500000
0.005120 -1.000000 -2.000000 -16.500000
0.000128 -0.500000 1.000000 -16.500000
0.000257 -1.000000 -3.000000 -16.500000
0.001664 -0.500000 0.500000 -16.500000
0.002320 -1.000000 -2.500000 -16.500000
0.003328 -1.000000 -1.000000 -16.500000
0.006313 -0.500000 0.000000 -16.500000
0.004216 -0.500000 -1.000000 -16.500000
0.003685 0.000000 1.500000 -16.500000
0.006754 0.000000 1.000000 -16.500000
0.006327 0.000000 0.500000 -16.500000
0.000528 -0.500000 -1.500000 -16.500000
0.007381 -0.500000 -0.500000 -16.500000
0.000495 0.000000 2.000000 -16.500000
0.005550 0.500000 2.000000 -16.500000
0.004660 0.500000 1.500000 -16.500000
0.000031 0.000000 2.500000 -16.500000
0.003768 1.000000 2.500000 -16.500000
0.004020 0.500000 2.500000 -16.500000
0.001342 0.500000 3.000000 -16.500000
0.001556 1.500000 3.000000 -16.500000
0.004271 1.000000 3.000000 -16.500000
0.000028 1.500000 2.000000 -16.500000
0.000367 2.000000 3.500000 -16.500000
0.000028 2.000000 3.000000 -16.500000
0.000025 2.500000 4.000000 -16.500000
0.001098 2.000000 4.000000 -16.500000
0.000020 1.000000 5.000000 -16.500000
0.000211 2.500000 4.500000 -16.500000
0.000411 1.500000 5.500000 -16.500000
0.000712 2.500000 5.500000 -16.500000
0.000098 3.000000 5.500000 -16.500000
0.000617 2.000000 6.000000 -16.500000
0.000236 2.000000 6.500000 -16.500000
0.000027 3.500000 6.500000 -16.500000
0.000204 3.000000 6.500000 -16.500000
0.000039 3.500000 7.000000 -16.500000
0.000035 3.500000 7.500000 -16.500000
0.000021 3.500000 8.000000 -16.500000
0.000035 3.000000 8.000000 -16.500000
0.000021 2.500000 8.000000 -16.500000
0.000083 3.000000 7.500000 -16.500000
0.000077 2.500000 7.500000 -16.500000
0.000153 3.000000 7.000000 -16.500000
0.000195 2.500000 7.000000 -16.500000
0.000060 2.000000 7.000000 -16.500000
0.000024 -3.000000 -7.500000 -17.000000
0.000044 -3.000000 -7.000000 -17.000000
0.000069 -3.000000 -6.500000 -17.000000
0.000082 -3.000000 -6.000000 -17.000000
0.000072 -3.000000 -5.500000 -17.000000
0.000039 -3.000000 -5.000000 -17.000000
0.000392 2.500000 6.500000 -16.500000
0.000206 3.000000 6.000000 -16.500000
0.000600 2.500000 6.000000 -16.500000
0.000066 1.500000 6.000000 -16.500000
0.000038 -2.500000 -3.500000 -17.000000
0.000306 -2.500000 -5.000000 -17.000000
0.000038 -2.500000 -7.000000 -17.000000
0.000095 -2.500000 -6.500000 -17.000000
0.000173 -2.500000 -6.000000 -17.000000
0.000254 -2.500000 -5.500000 -17.000000
0.000283 -2.500000 -4.500000 -17.000000
0.000159 -2.500000 -4.000000 -17.000000
0.001147 2.000000 5.500000 -16.500000
0.000585 2.500000 5.000000 -16.500000
0.000460 -2.000000 -3.000000 -17.000000
0.000118 -2.000000 -2.500000 -17.000000
0.001583 2.000000 5.000000 -16.500000
0.001196 1.500000 5.000000 -16.500000
0.001692 2.000000 4.500000 -16.500000
0.002307 1.500000 4.500000 -16.500000
0.000206 -2.000000 -5.500000 -17.000000
0.000065 -2.000000 -6.000000 -17.000000
0.000441 -2.000000 -5.000000 -17.000000
0.000722 -2.000000 -4.500000 -17.000000
0.000861 -2.000000 -4.000000 -17.000000
0.000789 -1.500000 -2.000000 -17.000000
0.000135 -1.500000 -1.500000 -17.000000
0.000856 -2.000000 -3.500000 -17.000000
0.000405 1.000000 4.500000 -16.500000
0.002885 1.500000 4.000000 -16.500000
0.001991 -1.500000 -3.000000 -17.000000
0.001606 -1.500000 -3.500000 -17.000000
0.000252 -1.500000 -4.500000 -17.000000
0.000868 -1.500000 -4.000000 -17.000000
0.000292 -1.000000 -0.500000 -17.000000
0.004334 -1.000000 -1.500000 -17.000000
0.003961 -1.000000 -2.000000 -17.000000
0.002219 -1.000000 -1.000000 -17.000000
0.002135 -1.000000 -2.500000 -17.000000
0.000113 -0.500000 1.000000 -17.000000
0.001274 -0.500000 0.500000 -17.000000
0.004910 -0.500000 0.000000 -17.000000
0.006086 -0.500000 -0.500000 -17.000000
0.003762 -0.500000 -1.000000 -17.000000
0.002908 0.000000 1.500000 -17.000000
0.005240 0.000000 0.500000 -17.000000
0.005432 0.000000 1.000000 -17.000000
0.000433 0.000000 2.000000 -17.000000
0.004045 0.500000 2.000000 -17.000000
0.000029 0.000000 2.500000 -17.000000
0.002709 1.000000 2.500000 -17.000000
0.002878 0.500000 2.500000 -17.000000
0.001036 0.500000 3.000000 -17.000000
0.001027 1.500000 3.000000 -17.000000
0.002692 1.000000 3.000000 -17.000000
0.000028 1.500000 2.000000 -17.000000
0.000166 0.500000 3.500000 -17.000000
0.000220 2.000000 3.500000 -17.000000
0.001623 1.500000 3.500000 -17.000000
0.000956 1.000000 4.000000 -17.000000
0.000021 2.500000 4.000000 -17.000000
0.000281 1.000000 4.500000 -17.000000
0.000592 2.000000 4.000000 -17.000000
0.001114 1.500000 4.500000 -17.000000
0.000034 1.000000 5.000000 -17.000000
0.000117 2.500000 4.500000 -17.000000
0.000229 2.500000 5.000000 -17.000000
0.000038 3.000000 5.500000 -17.000000
0.000218 2.500000 5.500000 -17.000000
0.000043 3.000000 6.000000 -17.000000
0.000036 3.000000 6.500000 -17.000000
0.000023 3.000000 7.000000 -17.000000
0.000036 2.500000 7.000000 -17.000000
0.000025 2.000000 7.000000 -17.000000
0.000081 2.500000 6.500000 -17.000000
0.000077 2.000000 6.500000 -17.000000
0.000154 2.500000 6.000000 -17.000000
0.000192 2.000000 6.000000 -17.000000
0.000051 1.500000 6.000000 -17.000000
0.000049 -2.500000 -4.500000 -17.500000
0.000028 -2.500000 -6.500000 -17.500000
0.000041 -2.500000 -6.000000 -17.500000
0.000055 -2.500000 -5.500000 -17.500000
0.000063 -2.500000 -5.000000 -17.500000
0.000027 -2.500000 -4.000000 -17.500000
0.000396 2.000000 5.500000 -17.000000
0.000027 -2.000000 -2.500000 -17.500000
0.000233 -2.000000 -3.500000 -17.500000
0.000126 -2.000000 -3.000000 -17.500000
0.000212 1.500000 5.500000 -17.000000
0.000622 2.000000 5.000000 -17.000000
0.000160 -2.000000 -5.000000 -17.500000
0.000040 -2.000000 -6.000000 -17.500000
0.000088 -2.000000 -5.500000 -17.500000
0.000239 -2.000000 -4.500000 -17.500000
0.000300 -1.500000 -2.000000 -17.500000
0.000060 -1.500000 -1.500000 -17.500000
0.000281 -2.000000 -4.000000 -17.500000
0.000576 1.500000 5.000000 -17.000000
0.000734 2.000000 4.500000 -17.000000
0.001536 1.500000 4.000000 -17.000000
0.000640 -1.500000 -3.500000 -17.500000
0.000452 -1.500000 -4.000000 -17.500000
0.000049 -1.500000 -5.000000 -17.500000
0.000210 -1.500000 -4.500000 -17.500000
0.000751 -1.500000 -3.000000 -17.500000
0.002000 -1.000000 -2.000000 -17.500000
0.001978 -1.000000 -1.500000 -17.500000
0.000864 -1.000000 -1.000000 -17.500000
0.000132 -1.000000 -0.500000 -17.500000
0.001375 -1.000000 -2.500000 -17.500000
0.000076 -0.500000 1.000000 -17.500000
0.000630 -0.500000 0.500000 -17.500000
0.002483 -0.500000 0.000000 -17.500000
0.000028 -1.000000 -3.500000 -17.500000
0.003489 -0.500000 -0.500000 -17.500000
0.001449 0.000000 1.500000 -17.500000
0.002978 0.000000 1.000000 -17.500000
0.003083 0.000000 0.500000 -17.500000
0.000256 0.000000 2.000000 -17.500000
0.001946 0.500000 2.000000 -17.500000
0.002026 0.500000 1.500000 -17.500000
0.001050 0.500000 1.000000 -17.500000
0.000958 0.000000 0.000000 -17.500000
0.000024 0.000000 2.500000 -17.500000
0.001211 1.000000 2.500000 -17.500000
0.001288 0.500000 2.500000 -17.500000
0.000229 1.000000 1.500000 -17.500000
0.000486 0.500000 3.000000 -17.500000
0.000463 1.500000 3.000000 -17.500000
0.001089 1.000000 3.000000 -17.500000
0.000024 1.500000 2.000000 -17.500000
0.000106 0.500000 3.500000 -17.500000
0.000100 2.000000 3.500000 -17.500000
0.000514 1.500000 3.500000 -17.500000
0.000323 1.000000 4.000000 -17.500000
0.000169 2.000000 4.000000 -17.500000
0.000029 1.000000 5.000000 -17.500000
0.000038 2.500000 4.500000 -17.500000
0.000055 1.500000 5.500000 -17.500000
0.000020 1.500000 6.000000 -17.500000
0.000028 2.000000 6.000000 -17.500000
0.000029 2.500000 5.500000 -17.500000
0.000058 2.000000 5.500000 -17.500000
0.000037 2.500000 5.000000 -17.500000
0.000021 -2.000000 -3.500000 -18.000000
0.000021 -2.000000 -5.500000 -18.000000
0.000032 -2.000000 -5.000000 -18.000000
0.000037 -2.000000 -4.500000 -18.000000
0.000032 -2.000000 -4.000000 -18.000000
0.000104 2.000000 5.000000 -17.500000
0.000127 1.500000 5.000000 -17.500000
0.000151 2.000000 4.500000 -17.500000
0.000043 -1.500000 -2.000000 -18.000000
0.000251 1.500000 4.500000 -17.500000
0.000111 1.000000 4.500000 -17.500000
0.000102 -1.500000 -3.500000 -18.000000
0.000097 -1.500000 -4.000000 -18.000000
0.000041 -1.500000 -5.000000 -18.000000
0.000081 -1.500000 -4.500000 -18.000000
0.000120 -1.500000 -3.000000 -18.000000
0.000087 -1.000000 -1.000000 -18.000000
0.000458 -1.000000 -2.000000 -18.000000
0.000310 -1.000000 -1.500000 -18.000000
0.000486 -1.000000 -2.500000 -18.000000
0.000024 -0.500000 1.000000 -18.000000
0.000119 -0.500000 0.500000 -18.000000
0.000508 -0.500000 0.000000 -18.000000
0.000073 -1.000000 -3.500000 -18.000000
0.001059 -0.500000 -0.500000 -18.000000
0.000414 -0.500000 -1.500000 -18.000000
0.000283 0.000000 1.500000 -18.000000
0.000043 -0.500000 -2.000000 -18.000000
0.000810 0.000000 1.000000 -18.000000
0.000065 0.000000 2.000000 -18.000000
0.000563 0.500000 1.500000 -18.000000
0.000409 0.500000 2.000000 -18.000000
0.000386 0.000000 0.000000 -18.000000
0.001056 0.000000 0.500000 -18.000000
0.000210 1.000000 2.500000 -18.000000
0.000210 0.500000 2.500000 -18.000000
0.000090 0.500000 3.000000 -18.000000
0.000079 1.500000 3.000000 -18.000000
0.000154 1.000000 3.000000 -18.000000
0.000033 0.500000 3.500000 -18.000000
0.000024 1.500000 4.500000 -18.000000
0.000041 1.500000 4.000000 -18.000000
0.000038 1.000000 4.000000 -18.000000
0.000060 1.500000 3.500000 -18.000000
0.000024 -1.000000 -2.000000 -18.500000
0.000037 -1.000000 -2.500000 -18.500000
0.000072 -1.000000 -3.000000 -18.500000
0.000022 -0.500000 0.000000 -18.500000
0.000065 -0.500000 -0.500000 -18.500000
0.000044 -1.000000 -3.500000 -18.500000
0.000134 -0.500000 -1.000000 -18.500000
0.000141 -0.500000 -1.500000 -18.500000
0.000051 0.000000 1.000000 -18.500000
0.000102 0.000000 0.500000 -18.500000
0.000036 0.500000 1.500000 -18.500000
0.000024 0.500000 2.000000 -18.500000
0.000038 0.500000 1.000000 -18.500000
0.000058 0.000000 0.000000 -18.500000
0.000041 -0.500000 -2.000000 -18.500000
0.000020 -1.000000 -1.500000 -18.500000
0.000081 1.000000 3.500000 -18.000000
0.000063 1.500000 2.500000 -18.000000
0.000093 1.000000 1.500000 -18.000000
0.000214 1.000000 2.000000 -18.000000
0.000074 0.500000 0.500000 -18.000000
0.000376 0.500000 1.000000 -18.000000
0.000972 -0.500000 -1.000000 -18.000000
0.000291 -1.000000 -3.000000 -18.000000
0.000089 -1.500000 -2.500000 -18.000000
0.000419 1.500000 4.000000 -17.500000
0.000022 2.000000 3.000000 -17.500000
0.000702 1.000000 3.500000 -17.500000
0.000197 1.500000 2.500000 -17.500000
0.000791 1.000000 2.000000 -17.500000
0.000178 0.500000 0.500000 -17.500000
0.000619 -0.500000 -1.500000 -17.500000
0.002432 -0.500000 -1.000000 -17.500000
0.000450 -1.000000 -3.000000 -17.500000
0.000623 -1.500000 -2.500000 -17.500000
0.000027 2.000000 3.000000 -17.000000
0.002017 1.000000 3.500000 -17.000000
0.000346 1.500000 2.500000 -17.000000
0.000372 1.000000 1.500000 -17.000000
0.001513 1.000000 2.000000 -17.000000
0.000282 0.500000 0.500000 -17.000000
0.001774 0.500000 1.000000 -17.000000
0.003664 0.500000 1.500000 -17.000000
0.001523 0.000000 0.000000 -17.000000
0.000664 -0.500000 -1.500000 -17.000000
0.000452 -1.000000 -3.000000 -17.000000
0.001840 -1.500000 -2.500000 -17.000000
0.001596 1.000000 4.000000 -16.500000
0.002896 1.500000 3.500000 -16.500000
0.003372 1.000000 3.500000 -16.500000
0.000173 0.500000 3.500000 -16.500000
0.000441 1.500000 2.500000 -16.500000
0.000470 1.000000 1.500000 -16.500000
0.002064 1.000000 2.000000 -16.500000
0.000333 0.500000 0.500000 -16.500000
0.002169 0.500000 1.000000 -16.500000
0.001771 0.000000 0.000000 -16.500000
0.003878 1.500000 4.000000 -16.000000
0.000028 2.000000 3.000000 -16.000000
0.000159 0.500000 3.500000 -16.000000
0.000027 1.500000 2.000000 -16.000000
0.000467 1.500000 2.500000 -16.000000
0.002234 1.000000 2.000000 -16.000000
0.000340 0.500000 0.500000 -16.000000
0.002234 0.500000 1.000000 -16.000000
0.001796 0.000000 0.000000 -16.000000
0.005306 -1.000000 -2.000000 -16.000000
0.006187 -1.000000 -1.500000 -16.000000
0.002607 -1.500000 -3.500000 -16.000000
0.001037 -2.000000 -3.000000 -16.000000
0.004179 1.500000 4.000000 -15.500000
0.000031 2.000000 3.000000 -15.500000
0.004040 1.000000 3.500000 -15.500000
0.000469 1.500000 2.500000 -15.500000
0.000480 1.000000 1.500000 -15.500000
0.002232 1.000000 2.000000 -15.500000
0.000300 0.500000 0.500000 -15.500000
0.002098 0.500000 1.000000 -15.500000
0.004737 0.500000 1.500000 -15.500000
0.001565 0.000000 0.000000 -15.500000
0.005977 0.000000 0.500000 -15.500000
0.006926 -0.500000 -0.500000 -15.500000
0.004832 -1.000000 -2.000000 -15.500000
0.000225 -1.500000 -1.500000 -15.500000
0.001523 1.000000 4.000000 -15.000000
0.000026 2.000000 3.000000 -15.000000
0.003685 1.000000 3.500000 -15.000000
0.000397 1.500000 2.500000 -15.000000
0.000350 1.000000 1.500000 -15.000000
0.001766 1.000000 2.000000 -15.000000
0.003485 0.500000 1.500000 -15.000000
0.000998 0.000000 0.000000 -15.000000
0.004565 -0.500000 -0.500000 -15.000000
0.002977 -1.500000 -2.500000 -15.000000
0.000021 -2.000000 -2.000000 -15.000000
0.000925 1.000000 4.000000 -14.500000
0.000233 1.500000 2.500000 -14.500000
0.000940 1.000000 2.000000 -14.500000
0.000091 0.500000 0.500000 -14.500000
0.000660 0.500000 1.000000 -14.500000
0.001720 0.500000 1.500000 -14.500000
0.000446 0.000000 0.000000 -14.500000
0.001814 0.000000 0.500000 -14.500000
0.002041 0.000000 1.000000 -14.500000
0.002032 -0.500000 -0.500000 -14.500000
0.001642 -1.500000 -2.500000 -14.500000
0.000031 1.000000 4.500000 -14.000000
0.001736 1.500000 4.000000 -14.000000
0.000370 1.000000 4.000000 -14.000000
0.001080 1.500000 3.500000 -14.000000
0.000992 1.000000 3.500000 -14.000000
0.000081 1.500000 2.500000 -14.000000
0.000299 1.000000 2.000000 -14.000000
0.000025 0.500000 0.500000 -14.000000
